8917.0
4800.0
1823.0
3089.0
993.0
4707.0
1824.0
3005.0
6257.0
964.0
2000.0
1146.0
1205.0
6709.0
1183.0
1074.0
2968.0
1726.0
3010.0
1458.0
1063.0
1036.0
13727.0
1881.0
6378.0
1271.0
5045.0
2767.0
6561.0
4218.0
1497.0
3634.0
16210.0
2261.0
1901.0
4161.0
6452.0
1037.0
2977.0
2490.0
3187.0
2224.0
4638.0
1764.0
9696.0
1843.0
7870.0
2700.0
6377.0
2463.0
1186.0
2799.0
9024.0
4809.0
1823.0
3093.0
993.0
4716.0
1814.0
2998.0
6175.0
957.0
1998.0
1136.0
1198.0
6681.0
1131.0
1032.0
2971.0
1737.0
2974.0
1457.0
1051.0
1018.0
13961.0
1885.0
6436.0
1261.0
5021.0
2777.0
6727.0
4237.0
1496.0
3623.0
16245.0
2258.0
1899.0
4309.0
6507.0
1079.0
2962.0
2492.0
3291.0
2349.0
4674.0
1805.0
9874.0
2002.0
8367.0
2731.0
6410.0
2477.0
1175.0
2801.0
