A´1 6.0 80.0 50.0
A´2 10.0 80.0 50.0
A´3 14.0 80.0 50.0
A´4 18.0 80.0 50.0
A´5 22.0 80.0 50.0
A´6 26.0 80.0 50.0
A´7 30.0 80.0 50.0
B´1 108.0 80.0 50.0
B´2 104.0 80.0 50.0
B´3 100.0 80.0 50.0
B´4 96.0 80.0 50.0
B´5 92.0 80.0 50.0
B´6 88.0 80.0 50.0
B´7 84.0 80.0 50.0
C´1 10.0 60.0 50.0
C´2 14.0 60.0 50.0
C´3 18.0 60.0 50.0
C´4 22.0 60.0 50.0
C´5 26.0 60.0 50.0
C´6 30.0 60.0 50.0
C´7 34.0 60.0 50.0
D´1 104.0 60.0 50.0
D´2 100.0 60.0 50.0
D´3 96.0 60.0 50.0
D´4 92.0 60.0 50.0
D´5 88.0 60.0 50.0
D´6 84.0 60.0 50.0
D´7 80.0 60.0 50.0
E´1 18.0 40.0 50.0
E´2 22.0 40.0 50.0
E´3 26.0 40.0 50.0
E´4 30.0 40.0 50.0
E´5 34.0 40.0 50.0
E´6 38.0 40.0 50.0
E´7 40.0 40.0 50.0
F´1 96.0 40.0 50.0
F´2 92.0 40.0 50.0
F´3 88.0 40.0 50.0
F´4 84.0 40.0 50.0
F´5 80.0 40.0 50.0
F´6 76.0 40.0 50.0
F´7 72.0 40.0 50.0
