# NEST version: UNKNOWN
# RecordingBackendASCII version: 2
sender	time_ms
391	269.500
191	381.000
781	415.200
761	415.800
281	458.100
11	501.800
691	501.900
711	509.200
81	523.500
371	532.800
691	1039.500
121	1043.500
651	1044.200
601	1048.100
381	1049.700
311	1061.700
451	1063.000
11	1064.100
461	1065.300
751	1067.800
171	1077.600
531	1561.900
651	1562.500
71	1563.600
91	1563.700
561	1563.900
81	1564.200
741	1564.400
321	1564.600
771	1564.700
791	1564.800
581	1565.400
151	1565.600
681	1565.700
231	1565.900
491	1565.900
641	1566.100
501	1566.400
1	1566.500
201	1566.500
251	1566.500
31	1566.600
411	1566.600
621	1566.700
711	1566.700
421	1566.800
171	1566.900
191	1567.300
381	1567.300
461	1567.300
41	1567.400
311	1567.500
521	1567.500
781	1567.500
631	1567.600
571	1567.700
121	1567.800
241	1568.000
211	1568.100
481	1568.300
11	1568.400
61	1568.500
661	1568.500
701	1568.500
511	1568.600
431	1568.700
451	1568.700
551	1568.800
161	1568.900
291	1568.900
591	1568.900
141	1569.000
261	1569.000
341	1569.000
371	1569.000
601	1569.000
691	1569.000
721	1569.100
221	1569.200
361	1569.200
761	1569.200
111	1569.400
391	1569.400
541	1569.400
301	1569.500
441	1569.500
271	1569.600
281	1569.600
351	1569.600
471	1569.600
611	1569.700
51	1569.800
21	1569.900
131	1570.100
731	1570.100
751	1570.100
401	1570.200
101	1570.300
331	1570.300
181	1570.500
671	1570.500
531	1570.700
71	1571.500
651	1571.600
91	1571.700
561	1571.800
81	1572.400
321	1572.700
771	1572.900
581	1573.200
681	1573.400
791	1573.500
741	1573.700
231	1574.100
151	1575.000
201	1575.200
251	1575.200
521	1575.200
491	1575.300
501	1575.400
641	1575.400
381	1575.600
411	1575.700
711	1575.700
31	1575.900
421	1575.900
41	1576.200
461	1576.300
1	1576.400
171	1576.400
191	1576.400
621	1576.800
241	1577.300
481	1577.500
141	1577.700
161	1577.700
61	1577.800
451	1577.800
631	1577.900
551	1578.000
571	1578.100
11	1578.200
311	1578.200
541	1578.200
661	1578.300
691	1578.300
761	1578.300
111	1578.400
291	1578.400
211	1578.500
261	1578.500
341	1578.500
441	1578.500
511	1578.600
21	1578.700
121	1578.700
391	1578.700
591	1578.700
781	1578.700
221	1578.800
361	1578.800
471	1578.800
401	1578.900
601	1578.900
431	1579.200
701	1579.200
301	1579.300
351	1579.300
101	1579.400
611	1579.400
731	1579.400
271	1579.500
131	1579.600
281	1579.600
531	1579.700
371	1579.800
671	1579.900
181	1580.100
91	1580.200
751	1580.200
331	1580.300
561	1580.500
51	1580.600
721	1580.600
71	1581.000
651	1581.300
321	1581.400
581	1581.400
81	1582.000
771	1582.000
681	1582.200
741	1582.500
231	1582.900
791	1583.600
521	1584.100
201	1584.300
421	1584.700
491	1584.900
151	1585.100
251	1585.300
191	1585.400
381	1585.600
1	1586.000
411	1586.000
501	1586.000
461	1586.200
641	1586.300
711	1586.300
41	1586.600
61	1586.900
31	1587.000
451	1587.100
141	1587.200
551	1587.300
171	1587.600
481	1587.600
111	1587.800
211	1587.900
621	1588.100
241	1588.300
631	1588.400
661	1588.400
541	1588.500
361	1588.700
21	1589.000
131	1589.100
701	1589.400
761	1589.600
341	1589.700
391	1589.700
11	1590.000
531	1590.000
611	1590.000
401	1590.200
781	1590.200
511	1590.300
571	1590.300
471	1590.400
561	1590.500
161	1590.600
311	1590.700
351	1590.700
271	1590.900
731	1590.900
181	1591.000
441	1591.000
101	1591.100
221	1591.200
281	1591.200
301	1591.400
431	1591.400
591	1591.400
121	1591.500
321	1591.700
601	1591.700
331	1591.800
741	1591.800
261	1592.000
291	1592.000
71	1592.100
721	1592.100
691	1592.200
91	1592.300
671	1592.300
751	1592.300
51	1592.400
771	1592.600
581	1593.100
231	1593.400
651	1593.500
371	1593.600
521	1594.000
201	1594.300
791	1594.400
381	1594.900
151	1595.400
81	1595.500
191	1595.500
421	1595.500
681	1595.500
491	1595.700
641	1596.300
141	1596.500
501	1596.500
711	1596.500
451	1596.700
1	1597.100
251	1597.100
61	1597.300
551	1597.300
111	1597.800
461	1597.800
31	1598.000
621	1598.100
361	1598.600
211	1598.700
411	1598.700
631	1598.900
21	1599.500
131	1599.600
171	1599.600
241	1599.600
701	1599.600
41	1600.100
661	1600.100
531	1600.500
511	1600.600
541	1600.600
781	1600.600
341	1601.000
611	1601.000
761	1601.400
51	1601.500
321	1601.500
271	1601.600
591	1601.600
481	1601.700
571	1602.000
281	1602.100
101	1602.300
221	1602.300
441	1602.300
471	1602.300
601	1602.300
751	1602.300
691	1602.400
121	1602.500
291	1602.500
391	1602.500
561	1602.500
671	1602.500
91	1602.600
581	1602.700
731	1602.700
181	1602.800
301	1602.800
741	1602.800
771	1603.000
401	1603.200
231	1603.300
71	1603.400
161	1603.400
311	1603.600
261	1603.700
381	1603.800
431	1604.400
201	1604.600
11	1604.800
651	1605.000
371	1605.100
521	1605.100
721	1605.200
81	1605.300
331	1605.400
791	1605.400
151	1605.500
141	1605.600
491	1605.700
681	1606.100
61	1606.400
351	1606.500
1	1606.600
191	1606.900
251	1607.100
451	1607.100
641	1607.100
711	1607.300
31	1607.600
361	1607.600
421	1607.900
631	1608.200
111	1608.300
551	1608.300
621	1608.400
411	1608.800
461	1609.200
501	1609.300
171	1609.400
131	1609.900
241	1610.200
321	1610.400
41	1610.500
21	1610.900
511	1611.100
781	1611.200
541	1611.300
211	1611.400
531	1611.400
691	1611.400
51	1611.600
441	1611.600
661	1611.700
221	1611.800
591	1611.800
281	1612.500
341	1612.500
671	1612.500
751	1612.500
561	1612.600
611	1612.900
731	1613.200
101	1613.400
701	1613.400
231	1613.500
291	1613.500
471	1613.500
391	1613.600
571	1613.600
381	1613.700
91	1613.900
581	1614.100
71	1614.200
121	1614.300
481	1614.400
271	1614.500
601	1614.500
401	1614.800
771	1614.800
161	1614.900
431	1615.000
301	1615.200
761	1615.200
181	1615.600
201	1615.700
741	1615.800
1	1616.100
371	1616.100
791	1616.100
521	1616.300
11	1616.400
61	1616.500
491	1616.700
681	1616.700
81	1617.000
261	1617.000
361	1617.000
191	1617.500
31	1617.600
651	1617.600
331	1617.800
631	1617.800
721	1617.800
351	1617.900
251	1618.000
421	1618.200
111	1618.500
151	1618.800
311	1618.800
621	1619.000
451	1619.200
141	1619.600
321	1619.700
411	1619.800
551	1620.000
241	1620.200
691	1620.300
41	1620.400
501	1620.500
171	1620.700
711	1620.700
641	1620.800
511	1620.900
21	1621.000
461	1621.000
131	1621.100
441	1621.300
531	1621.300
591	1621.300
541	1621.700
661	1621.800
781	1621.900
561	1622.200
751	1622.200
51	1622.300
211	1622.400
281	1622.700
341	1623.000
291	1623.300
101	1623.600
471	1623.700
611	1623.700
731	1624.000
671	1624.200
571	1624.300
231	1624.500
581	1624.600
701	1624.600
381	1624.800
221	1624.900
481	1624.900
791	1625.000
91	1625.100
601	1625.100
1	1625.200
771	1625.200
391	1625.300
11	1625.400
61	1625.400
121	1625.500
431	1625.600
761	1625.600
71	1626.000
401	1626.100
741	1626.100
181	1626.200
271	1626.300
201	1626.400
681	1626.400
301	1626.600
521	1626.600
161	1626.700
81	1627.100
251	1627.100
261	1627.100
361	1627.100
491	1627.400
371	1627.500
631	1627.700
421	1627.800
651	1627.800
621	1628.000
111	1628.200
31	1628.300
191	1628.300
721	1628.300
451	1628.600
151	1628.700
311	1629.300
321	1629.300
241	1629.500
691	1629.500
551	1629.600
331	1629.800
41	1629.900
501	1629.900
131	1630.000
141	1630.000
351	1630.000
641	1630.100
21	1630.200
411	1630.400
591	1630.600
541	1630.700
661	1630.900
711	1630.900
171	1631.000
511	1631.100
781	1631.100
441	1631.300
461	1631.300
531	1631.600
281	1631.700
211	1632.200
751	1632.300
51	1632.500
341	1632.500
101	1632.700
561	1632.700
671	1632.800
611	1632.900
581	1633.500
231	1633.800
291	1633.800
731	1633.800
471	1633.900
1	1634.000
771	1634.000
791	1634.100
11	1634.200
61	1634.200
761	1634.300
701	1634.400
221	1634.500
381	1634.500
91	1634.600
481	1634.600
741	1635.000
71	1635.300
181	1635.300
201	1635.300
251	1635.300
391	1635.400
571	1635.400
601	1635.400
121	1635.500
431	1635.500
521	1635.500
401	1635.600
681	1635.800
261	1636.000
271	1636.200
161	1636.300
301	1636.300
361	1636.600
621	1636.600
111	1636.700
81	1637.000
371	1637.000
631	1637.000
491	1637.100
721	1637.100
651	1637.300
421	1637.500
191	1637.600
451	1637.600
31	1637.900
241	1637.900
691	1637.900
311	1638.000
151	1638.200
501	1638.200
141	1638.700
641	1638.700
21	1638.900
131	1638.900
591	1638.900
41	1639.000
711	1639.000
321	1639.200
171	1639.300
331	1639.300
541	1639.400
351	1639.700
551	1639.700
661	1639.900
281	1640.100
531	1640.400
441	1640.500
411	1640.600
561	1640.700
751	1640.700
461	1640.800
211	1641.000
781	1641.000
51	1641.300
511	1641.400
611	1641.600
671	1641.600
341	1641.700
581	1641.800
101	1642.200
731	1642.200
291	1642.400
231	1642.500
471	1642.500
761	1642.500
1	1642.600
381	1642.800
11	1642.900
61	1642.900
221	1643.100
771	1643.100
791	1643.200
521	1643.400
601	1643.400
391	1643.600
481	1643.700
741	1643.700
91	1643.800
251	1643.800
681	1644.000
701	1644.300
71	1644.400
201	1644.400
271	1644.400
181	1644.500
261	1644.500
401	1644.500
431	1644.700
571	1644.700
301	1644.900
111	1645.300
121	1645.300
361	1645.300
81	1645.400
371	1645.400
491	1645.500
631	1645.500
621	1645.600
721	1645.800
691	1646.000
191	1646.100
421	1646.100
501	1646.400
241	1646.500
451	1646.500
31	1646.600
161	1646.600
311	1646.600
651	1646.800
21	1647.000
141	1647.000
151	1647.000
641	1647.400
711	1647.500
591	1647.600
171	1647.700
41	1648.000
321	1648.100
331	1648.100
541	1648.100
131	1648.200
281	1648.300
351	1648.300
551	1648.300
661	1648.500
531	1648.800
561	1648.800
751	1648.800
411	1649.200
441	1649.200
461	1649.200
511	1649.700
671	1650.100
581	1650.200
781	1650.200
341	1650.300
381	1650.300
211	1650.400
471	1650.400
101	1650.500
291	1650.500
611	1650.500
761	1650.600
51	1650.700
221	1650.700
731	1650.700
11	1650.800
231	1650.900
1	1651.100
61	1651.200
601	1651.200
91	1651.500
261	1651.600
391	1651.600
741	1651.600
771	1651.600
481	1651.800
521	1651.800
791	1651.800
71	1652.100
251	1652.400
401	1652.400
681	1652.400
271	1652.600
701	1652.600
571	1652.700
201	1652.900
361	1653.100
81	1653.200
121	1653.300
301	1653.300
431	1653.300
491	1653.300
111	1653.400
621	1653.400
631	1653.400
181	1653.700
191	1653.800
691	1654.100
721	1654.200
371	1654.300
31	1654.400
161	1654.400
421	1654.400
151	1654.600
501	1654.600
21	1654.800
141	1654.800
241	1654.800
311	1654.800
651	1655.100
711	1655.200
641	1655.400
451	1655.500
281	1655.700
591	1655.800
351	1656.100
541	1656.300
41	1656.400
131	1656.400
321	1656.500
561	1656.500
661	1656.500
171	1656.600
331	1656.600
551	1656.600
751	1656.600
411	1657.100
531	1657.100
441	1657.400
461	1657.800
221	1657.900
511	1658.000
581	1658.000
381	1658.100
611	1658.100
671	1658.100
471	1658.200
781	1658.200
101	1658.400
291	1658.400
341	1658.400
211	1658.600
11	1658.900
51	1658.900
731	1658.900
1	1659.000
231	1659.000
261	1659.000
761	1659.000
61	1659.100
601	1659.100
391	1659.200
521	1659.200
741	1659.300
91	1659.500
71	1659.700
481	1659.700
791	1659.700
251	1659.800
771	1659.800
401	1660.200
271	1660.300
701	1660.400
571	1660.600
621	1660.800
201	1660.900
301	1660.900
361	1660.900
491	1660.900
681	1660.900
81	1661.000
631	1661.100
121	1661.200
191	1661.200
431	1661.200
181	1661.500
111	1661.600
161	1661.800
421	1661.800
721	1662.000
151	1662.200
241	1662.300
691	1662.300
371	1662.400
501	1662.400
21	1662.500
31	1662.500
711	1662.600
651	1662.800
311	1663.000
141	1663.100
281	1663.300
451	1663.400
591	1663.400
641	1663.400
131	1663.600
41	1663.700
561	1663.800
351	1663.900
541	1664.100
551	1664.300
751	1664.300
331	1664.400
411	1664.600
661	1664.600
171	1664.900
321	1664.900
441	1665.100
221	1665.200
581	1665.400
611	1665.400
461	1665.600
671	1665.600
471	1665.700
511	1665.700
531	1665.700
781	1665.700
101	1665.800
211	1665.900
291	1666.100
11	1666.200
341	1666.200
231	1666.400
381	1666.400
521	1666.500
761	1666.500
51	1666.600
61	1666.600
741	1666.600
261	1666.700
391	1666.700
731	1666.700
601	1666.900
91	1667.000
251	1667.100
481	1667.100
71	1667.200
791	1667.300
1	1667.400
401	1667.500
771	1667.500
271	1667.800
701	1668.100
201	1668.300
301	1668.300
571	1668.300
81	1668.400
191	1668.400
681	1668.500
181	1668.600
431	1668.600
621	1668.700
361	1668.800
491	1668.800
121	1668.900
631	1668.900
111	1669.100
161	1669.200
421	1669.300
721	1669.400
711	1669.800
241	1669.900
691	1669.900
151	1670.000
371	1670.000
21	1670.100
501	1670.200
31	1670.400
591	1670.500
651	1670.500
141	1670.600
281	1670.600
41	1670.800
311	1670.800
451	1670.900
131	1671.000
561	1671.200
541	1671.400
551	1671.400
641	1671.400
331	1671.900
751	1672.000
351	1672.100
171	1672.200
221	1672.200
321	1672.300
441	1672.300
661	1672.300
411	1672.400
581	1672.500
611	1672.600
531	1672.800
511	1673.000
781	1673.000
471	1673.100
11	1673.200
101	1673.200
211	1673.300
461	1673.500
671	1673.500
291	1673.600
521	1673.600
61	1673.700
231	1673.700
341	1673.700
761	1673.800
51	1674.000
741	1674.000
91	1674.100
381	1674.100
261	1674.200
731	1674.200
251	1674.300
391	1674.500
481	1674.500
601	1674.500
71	1674.600
791	1674.700
771	1674.800
401	1674.900
271	1675.200
1	1675.300
701	1675.300
181	1675.400
191	1675.400
201	1675.400
431	1675.500
571	1675.600
81	1675.700
681	1675.800
301	1676.000
361	1676.100
491	1676.100
621	1676.200
631	1676.300
111	1676.400
121	1676.400
421	1676.400
161	1676.500
721	1676.600
711	1676.900
691	1677.000
21	1677.300
241	1677.400
371	1677.400
591	1677.400
501	1677.600
151	1677.700
141	1677.800
651	1677.800
31	1677.900
281	1677.900
131	1678.000
41	1678.200
311	1678.200
561	1678.300
551	1678.400
541	1678.600
641	1678.700
451	1678.900
171	1679.100
331	1679.300
751	1679.300
221	1679.400
441	1679.400
661	1679.400
321	1679.500
351	1679.600
581	1679.700
611	1679.800
411	1680.000
511	1680.000
531	1680.000
781	1680.000
11	1680.200
211	1680.200
471	1680.200
101	1680.300
671	1680.500
231	1680.700
291	1680.700
461	1680.700
61	1680.800
521	1680.800
91	1681.000
761	1681.000
51	1681.100
381	1681.100
341	1681.300
731	1681.500
71	1681.600
601	1681.600
741	1681.600
261	1681.700
391	1681.700
481	1681.700
251	1681.800
791	1681.800
271	1682.200
401	1682.200
771	1682.200
181	1682.400
1	1682.500
191	1682.500
701	1682.500
201	1682.600
571	1682.600
81	1682.700
431	1682.700
681	1682.900
491	1683.000
301	1683.300
111	1683.400
361	1683.400
161	1683.500
421	1683.500
121	1683.700
621	1683.700
631	1683.700
691	1683.900
711	1683.900
721	1683.900
21	1684.400
241	1684.500
501	1684.500
371	1684.600
591	1684.600
151	1684.900
31	1685.300
131	1685.300
141	1685.300
651	1685.300
281	1685.400
561	1685.400
551	1685.500
41	1685.600
311	1685.600
541	1685.800
641	1685.800
171	1685.900
451	1686.100
221	1686.400
331	1686.400
661	1686.400
441	1686.500
321	1686.600
581	1686.600
751	1686.800
211	1686.900
351	1686.900
11	1687.100
511	1687.100
411	1687.200
471	1687.200
531	1687.200
781	1687.200
611	1687.300
671	1687.400
461	1687.700
61	1687.800
101	1687.800
231	1687.800
291	1687.800
91	1687.900
521	1688.000
381	1688.100
761	1688.100
51	1688.300
71	1688.600
601	1688.700
731	1688.700
481	1688.800
251	1688.900
341	1688.900
741	1688.900
791	1688.900
261	1689.000
271	1689.000
181	1689.400
391	1689.500
401	1689.500
201	1689.600
771	1689.600
81	1689.700
571	1689.700
1	1689.800
191	1690.000
431	1690.000
491	1690.100
701	1690.300
111	1690.400
301	1690.400
361	1690.400
681	1690.400
161	1690.600
421	1690.600
631	1690.600
691	1690.800
711	1690.800
121	1691.000
621	1691.100
721	1691.300
21	1691.400
371	1691.500
241	1691.600
501	1691.600
591	1691.700
151	1692.000
131	1692.200
551	1692.600
651	1692.600
31	1692.700
141	1692.800
281	1692.800
541	1692.900
41	1693.000
641	1693.000
171	1693.100
451	1693.100
311	1693.300
561	1693.300
211	1693.600
321	1693.600
581	1693.600
661	1693.600
221	1693.800
351	1693.800
441	1693.800
331	1693.900
751	1693.900
411	1694.000
11	1694.200
531	1694.200
511	1694.400
611	1694.400
671	1694.400
781	1694.400
471	1694.500
61	1694.700
291	1694.800
231	1694.900
381	1694.900
101	1695.000
461	1695.000
761	1695.000
91	1695.100
51	1695.400
521	1695.400
601	1695.500
71	1695.600
481	1695.600
251	1695.800
271	1695.900
791	1695.900
731	1696.000
261	1696.100
181	1696.300
741	1696.300
341	1696.400
81	1696.600
401	1696.600
771	1696.700
1	1696.800
391	1696.900
201	1697.000
571	1697.000
491	1697.200
701	1697.200
111	1697.300
431	1697.300
361	1697.400
191	1697.500
301	1697.500
631	1697.600
161	1697.700
711	1697.700
421	1697.800
681	1697.800
691	1697.800
121	1698.100
371	1698.200
21	1698.300
621	1698.400
501	1698.500
241	1698.600
721	1698.600
591	1698.800
151	1699.000
31	1699.600
131	1699.600
651	1699.600
141	1699.900
281	1699.900
551	1700.000
641	1700.100
211	1700.300
451	1700.300
541	1700.300
41	1700.400
171	1700.500
321	1700.500
311	1700.700
561	1700.700
581	1700.700
221	1700.900
351	1700.900
441	1700.900
661	1700.900
751	1700.900
331	1701.100
411	1701.100
531	1701.100
471	1701.300
671	1701.300
11	1701.400
781	1701.400
381	1701.600
511	1701.600
611	1701.600
61	1701.800
231	1701.900
291	1701.900
761	1701.900
461	1702.000
101	1702.100
521	1702.400
601	1702.400
71	1702.500
91	1702.500
251	1702.500
51	1702.700
481	1702.800
791	1702.800
271	1702.900
731	1703.100
261	1703.300
341	1703.300
181	1703.500
741	1703.500
81	1703.600
1	1703.800
401	1703.800
571	1704.000
201	1704.100
491	1704.100
701	1704.100
431	1704.200
771	1704.200
361	1704.300
111	1704.400
191	1704.400
391	1704.400
631	1704.500
711	1704.500
301	1704.600
161	1704.900
691	1704.900
121	1705.000
371	1705.000
421	1705.000
681	1705.000
21	1705.200
501	1705.500
621	1705.500
241	1705.600
721	1705.700
151	1705.900
591	1706.200
31	1706.600
131	1706.700
281	1706.700
651	1706.900
641	1707.000
211	1707.100
451	1707.100
551	1707.100
541	1707.200
141	1707.300
171	1707.500
311	1707.500
321	1707.500
41	1707.600
561	1707.600
751	1707.600
581	1707.700
351	1707.800
441	1707.800
221	1707.900
661	1707.900
471	1708.200
531	1708.200
11	1708.300
411	1708.300
671	1708.300
781	1708.300
331	1708.400
381	1708.400
61	1708.700
231	1708.700
291	1708.800
511	1708.800
461	1708.900
611	1708.900
761	1708.900
101	1709.000
601	1709.100
71	1709.300
91	1709.300
251	1709.500
521	1709.500
51	1709.700
791	1709.700
271	1709.800
481	1709.800
341	1710.100
731	1710.100
261	1710.200
741	1710.500
81	1710.600
401	1710.600
181	1710.700
1	1710.900
201	1711.000
571	1711.000
431	1711.100
491	1711.100
701	1711.100
361	1711.200
771	1711.200
191	1711.300
711	1711.300
111	1711.400
391	1711.400
631	1711.400
161	1711.800
681	1711.800
301	1711.900
121	1712.000
371	1712.000
421	1712.000
21	1712.100
691	1712.100
501	1712.300
721	1712.400
621	1712.500
241	1712.600
151	1712.700
591	1713.200
31	1713.400
281	1713.500
651	1713.900
131	1714.000
451	1714.000
551	1714.000
641	1714.000
211	1714.100
541	1714.100
141	1714.200
311	1714.200
41	1714.400
171	1714.400
321	1714.600
441	1714.600
561	1714.600
581	1714.600
661	1714.700
751	1714.700
351	1714.900
221	1715.000
381	1715.200
411	1715.200
531	1715.200
671	1715.200
781	1715.200
11	1715.300
331	1715.300
61	1715.400
471	1715.400
231	1715.500
291	1715.600
461	1715.700
511	1715.700
101	1715.800
761	1715.800
601	1715.900
71	1716.100
611	1716.200
91	1716.300
791	1716.400
51	1716.500
251	1716.500
521	1716.500
271	1716.600
341	1716.800
481	1716.900
261	1717.000
81	1717.300
401	1717.300
741	1717.300
731	1717.400
181	1717.600
431	1717.800
201	1717.900
1	1718.000
491	1718.000
571	1718.000
631	1718.000
771	1718.000
191	1718.100
361	1718.100
701	1718.100
111	1718.300
391	1718.400
711	1718.400
681	1718.700
161	1718.800
121	1718.900
301	1718.900
421	1718.900
21	1719.000
371	1719.000
501	1719.200
691	1719.200
721	1719.400
621	1719.600
241	1719.700
151	1719.900
591	1720.000
31	1720.400
281	1720.400
641	1720.700
311	1720.800
551	1720.800
451	1720.900
651	1720.900
131	1721.000
541	1721.000
141	1721.100
41	1721.200
211	1721.300
321	1721.300
561	1721.300
581	1721.400
171	1721.500
441	1721.500
351	1721.600
661	1721.600
751	1721.600
221	1721.900
381	1721.900
411	1721.900
231	1722.000
331	1722.000
671	1722.000
11	1722.100
291	1722.200
531	1722.200
781	1722.200
61	1722.400
471	1722.400
101	1722.500
511	1722.500
601	1722.500
461	1722.600
761	1722.700
71	1722.900
91	1722.900
611	1723.000
51	1723.200
271	1723.200
791	1723.200
251	1723.300
341	1723.300
521	1723.400
261	1723.600
481	1723.700
401	1723.900
81	1724.100
731	1724.200
181	1724.400
741	1724.400
1	1724.700
201	1724.700
431	1724.700
111	1724.900
491	1724.900
631	1724.900
191	1725.000
571	1725.000
701	1725.000
391	1725.200
771	1725.200
361	1725.300
681	1725.300
711	1725.400
421	1725.500
161	1725.700
121	1725.800
301	1725.800
21	1726.000
371	1726.000
691	1726.000
721	1726.300
501	1726.600
621	1726.600
241	1726.700
591	1726.800
151	1726.900
31	1727.200
281	1727.200
641	1727.400
311	1727.500
551	1727.700
651	1727.700
131	1727.800
141	1727.900
451	1727.900
561	1727.900
41	1728.000
541	1728.000
171	1728.100
211	1728.200
321	1728.200
351	1728.200
441	1728.200
581	1728.200
661	1728.300
331	1728.400
231	1728.500
381	1728.600
751	1728.600
221	1728.700
411	1728.800
671	1728.800
11	1728.900
291	1729.000
531	1729.000
101	1729.100
511	1729.200
471	1729.300
781	1729.300
91	1729.400
461	1729.400
601	1729.400
761	1729.500
61	1729.600
71	1729.600
341	1729.800
791	1729.800
51	1729.900
271	1730.000
611	1730.000
481	1730.200
521	1730.200
251	1730.400
261	1730.500
401	1730.500
81	1730.900
731	1731.000
741	1731.100
181	1731.200
1	1731.400
201	1731.400
111	1731.600
431	1731.600
491	1731.600
631	1731.600
771	1731.900
571	1732.000
701	1732.000
191	1732.100
391	1732.100
681	1732.100
361	1732.200
421	1732.200
711	1732.400
301	1732.500
21	1732.600
121	1732.600
161	1732.600
691	1732.600
371	1732.900
721	1732.900
241	1733.300
621	1733.300
591	1733.500
501	1733.600
151	1733.800
31	1733.900
281	1734.000
311	1734.000
641	1734.300
551	1734.500
131	1734.600
141	1734.600
171	1734.600
541	1734.600
651	1734.600
41	1734.700
561	1734.700
321	1734.800
331	1734.800
441	1734.800
231	1735.000
351	1735.000
451	1735.000
211	1735.100
581	1735.100
661	1735.100
221	1735.400
381	1735.400
751	1735.400
101	1735.600
11	1735.700
411	1735.700
531	1735.700
291	1735.800
671	1735.800
471	1735.900
91	1736.000
511	1736.000
461	1736.100
601	1736.100
781	1736.200
71	1736.300
761	1736.300
51	1736.400
61	1736.400
341	1736.500
271	1736.700
791	1736.700
521	1736.800
481	1736.900
401	1737.000
611	1737.000
251	1737.100
261	1737.200
81	1737.500
731	1737.700
741	1737.800
1	1738.100
181	1738.100
201	1738.100
431	1738.100
111	1738.200
491	1738.400
631	1738.500
391	1738.700
771	1738.700
191	1738.800
571	1738.800
701	1738.800
361	1739.000
421	1739.000
681	1739.000
711	1739.100
21	1739.200
161	1739.200
301	1739.200
691	1739.200
121	1739.400
721	1739.600
371	1739.700
241	1740.000
591	1740.000
621	1740.300
31	1740.600
151	1740.600
501	1740.600
311	1740.700
281	1740.800
641	1741.000
131	1741.200
171	1741.200
541	1741.200
651	1741.200
551	1741.300
141	1741.400
331	1741.400
441	1741.400
561	1741.400
41	1741.500
321	1741.500
231	1741.700
351	1741.700
211	1741.800
581	1741.800
381	1742.000
661	1742.000
101	1742.100
451	1742.100
11	1742.200
531	1742.200
221	1742.300
91	1742.400
751	1742.400
291	1742.500
411	1742.500
471	1742.600
671	1742.600
461	1742.800
511	1742.800
781	1742.800
761	1742.900
71	1743.000
601	1743.000
51	1743.100
61	1743.200
341	1743.300
271	1743.400
401	1743.500
791	1743.500
481	1743.600
521	1743.600
251	1743.700
261	1743.700
611	1743.700
81	1744.000
731	1744.200
741	1744.300
181	1744.600
111	1744.700
431	1744.700
1	1744.800
201	1744.900
491	1745.000
391	1745.200
771	1745.200
191	1745.300
631	1745.300
701	1745.400
571	1745.500
681	1745.600
421	1745.700
21	1745.800
301	1745.800
691	1745.800
711	1745.800
361	1745.900
121	1746.100
161	1746.100
721	1746.300
371	1746.400
591	1746.500
241	1746.700
31	1747.100
621	1747.100
151	1747.400
281	1747.500
311	1747.500
131	1747.700
171	1747.700
641	1747.700
501	1747.800
541	1747.800
651	1747.800
141	1748.100
331	1748.100
441	1748.100
551	1748.100
41	1748.200
321	1748.200
581	1748.300
211	1748.400
231	1748.400
561	1748.400
351	1748.500
101	1748.700
381	1748.700
451	1748.800
11	1748.900
221	1748.900
91	1749.000
531	1749.000
751	1749.000
671	1749.100
411	1749.200
461	1749.200
661	1749.200
291	1749.300
471	1749.400
781	1749.400
51	1749.500
511	1749.500
761	1749.600
71	1749.700
601	1749.700
271	1749.800
61	1749.900
791	1750.000
401	1750.100
251	1750.200
521	1750.200
341	1750.300
481	1750.300
611	1750.300
261	1750.400
81	1750.500
731	1750.600
741	1750.600
181	1751.200
111	1751.300
431	1751.300
1	1751.500
201	1751.700
491	1751.700
771	1751.700
191	1751.800
391	1751.800
571	1752.100
631	1752.100
681	1752.200
691	1752.200
421	1752.300
701	1752.300
301	1752.500
21	1752.700
161	1752.700
361	1752.700
711	1752.700
121	1752.800
371	1753.000
591	1753.000
721	1753.200
241	1753.400
31	1753.700
621	1753.800
151	1754.200
171	1754.200
311	1754.200
281	1754.300
541	1754.300
641	1754.300
131	1754.400
551	1754.600
441	1754.700
501	1754.700
651	1754.700
141	1754.800
331	1754.900
211	1755.000
321	1755.000
581	1755.000
41	1755.100
351	1755.300
381	1755.300
101	1755.400
231	1755.400
11	1755.500
751	1755.500
221	1755.600
451	1755.600
561	1755.600
661	1755.800
671	1755.800
91	1755.900
411	1755.900
461	1755.900
471	1755.900
531	1755.900
781	1756.000
291	1756.100
511	1756.100
51	1756.200
71	1756.300
761	1756.300
601	1756.400
271	1756.500
61	1756.700
251	1756.700
791	1756.700
261	1756.900
401	1756.900
481	1756.900
521	1756.900
81	1757.000
341	1757.000
731	1757.000
741	1757.000
611	1757.100
111	1757.800
181	1757.900
431	1758.100
491	1758.200
771	1758.200
201	1758.300
391	1758.400
191	1758.500
1	1758.600
631	1758.600
571	1758.700
681	1758.800
691	1758.800
701	1758.900
301	1759.000
21	1759.200
161	1759.300
421	1759.300
361	1759.500
371	1759.500
711	1759.600
121	1759.700
591	1759.800
241	1760.000
721	1760.200
31	1760.400
621	1760.400
151	1760.800
641	1760.800
171	1760.900
281	1760.900
541	1760.900
311	1761.000
551	1761.100
131	1761.200
501	1761.300
141	1761.400
441	1761.400
211	1761.500
331	1761.500
651	1761.500
321	1761.600
581	1761.700
41	1761.900
381	1761.900
101	1762.100
751	1762.100
231	1762.200
561	1762.200
351	1762.300
11	1762.400
451	1762.400
471	1762.400
661	1762.400
671	1762.400
411	1762.500
531	1762.500
221	1762.600
91	1762.700
461	1762.700
511	1762.800
781	1762.800
51	1762.900
71	1762.900
291	1762.900
601	1762.900
271	1763.100
761	1763.100
61	1763.300
251	1763.300
261	1763.400
521	1763.400
791	1763.400
401	1763.500
731	1763.500
81	1763.600
741	1763.600
481	1763.700
341	1763.800
611	1764.100
111	1764.300
181	1764.600
431	1764.600
201	1764.700
491	1764.700
771	1764.900
391	1765.000
631	1765.100
571	1765.300
691	1765.300
1	1765.400
191	1765.400
681	1765.400
301	1765.700
701	1765.700
21	1765.800
371	1766.000
361	1766.100
121	1766.200
161	1766.200
421	1766.200
711	1766.400
241	1766.600
591	1766.900
721	1766.900
621	1767.000
31	1767.200
641	1767.400
151	1767.500
281	1767.500
171	1767.600
501	1767.700
541	1767.700
551	1767.700
141	1768.000
211	1768.000
311	1768.000
441	1768.000
131	1768.100
321	1768.300
331	1768.400
651	1768.400
41	1768.500
101	1768.600
381	1768.600
751	1768.600
561	1768.700
581	1768.700
231	1768.800
451	1768.800
351	1769.000
11	1769.100
471	1769.100
661	1769.100
671	1769.100
531	1769.200
91	1769.300
411	1769.300
71	1769.400
291	1769.400
461	1769.400
601	1769.400
781	1769.400
51	1769.500
221	1769.500
511	1769.500
271	1769.700
761	1769.700
61	1769.800
81	1770.000
251	1770.000
401	1770.000
731	1770.000
261	1770.100
741	1770.100
481	1770.200
521	1770.200
791	1770.200
341	1770.500
111	1770.800
611	1770.800
431	1771.000
201	1771.200
491	1771.300
181	1771.400
771	1771.400
391	1771.600
691	1771.600
631	1771.800
571	1772.000
1	1772.100
21	1772.200
191	1772.200
681	1772.400
301	1772.500
701	1772.700
121	1772.800
371	1772.800
161	1772.900
361	1772.900
421	1773.100
711	1773.100
241	1773.400
721	1773.400
591	1773.700
621	1773.700
31	1773.900
641	1773.900
281	1774.100
551	1774.200
151	1774.300
501	1774.300
541	1774.300
171	1774.400
441	1774.500
211	1774.600
311	1774.600
131	1774.700
141	1774.800
321	1774.800
41	1774.900
331	1774.900
101	1775.100
751	1775.100
381	1775.200
451	1775.200
651	1775.200
231	1775.300
561	1775.300
581	1775.500
11	1775.700
291	1775.700
351	1775.700
671	1775.700
531	1775.800
661	1775.800
411	1775.900
471	1775.900
601	1775.900
91	1776.000
461	1776.000
511	1776.000
781	1776.000
51	1776.100
71	1776.100
61	1776.200
271	1776.200
221	1776.300
81	1776.500
741	1776.500
761	1776.500
401	1776.600
251	1776.700
261	1776.700
481	1776.700
731	1776.700
341	1776.900
521	1776.900
791	1777.000
111	1777.300
611	1777.500
201	1777.800
431	1777.800
491	1777.900
181	1778.100
391	1778.100
771	1778.100
631	1778.200
691	1778.300
571	1778.500
1	1778.700
21	1778.700
191	1778.900
681	1779.000
301	1779.300
361	1779.300
701	1779.300
121	1779.400
161	1779.400
371	1779.700
421	1779.700
711	1779.900
241	1780.200
591	1780.300
721	1780.300
621	1780.400
31	1780.500
641	1780.600
551	1780.700
541	1780.800
281	1780.900
501	1780.900
151	1781.000
441	1781.100
171	1781.200
311	1781.200
131	1781.300
211	1781.300
141	1781.400
321	1781.400
41	1781.500
751	1781.500
331	1781.600
101	1781.700
231	1781.800
451	1781.800
561	1781.900
651	1782.000
381	1782.100
291	1782.200
351	1782.200
531	1782.300
581	1782.400
671	1782.400
11	1782.500
411	1782.500
511	1782.500
601	1782.500
781	1782.500
461	1782.600
661	1782.600
71	1782.700
91	1782.700
51	1782.800
61	1782.800
271	1782.800
471	1782.800
81	1782.900
221	1783.100
741	1783.100
731	1783.200
251	1783.300
481	1783.300
761	1783.300
261	1783.400
521	1783.400
341	1783.500
401	1783.500
791	1783.800
111	1784.000
611	1784.100
431	1784.400
201	1784.500
491	1784.500
631	1784.700
181	1784.800
391	1784.900
691	1785.000
771	1785.000
21	1785.100
571	1785.100
1	1785.300
191	1785.500
681	1785.500
361	1785.700
701	1785.900
161	1786.000
121	1786.100
301	1786.200
421	1786.200
711	1786.500
371	1786.700
241	1786.800
551	1787.100
621	1787.100
721	1787.100
31	1787.200
591	1787.200
641	1787.300
541	1787.400
281	1787.500
311	1787.600
441	1787.600
151	1787.700
501	1787.700
131	1787.800
211	1787.900
751	1787.900
171	1788.000
141	1788.100
41	1788.200
321	1788.200
101	1788.300
331	1788.300
231	1788.500
561	1788.500
451	1788.600
381	1788.700
651	1788.700
351	1788.800
291	1788.900
461	1789.000
531	1789.000
601	1789.000
671	1789.000
11	1789.200
81	1789.200
91	1789.200
411	1789.200
511	1789.200
581	1789.200
51	1789.300
271	1789.300
471	1789.300
661	1789.300
781	1789.300
61	1789.400
71	1789.400
221	1789.800
481	1789.900
521	1789.900
731	1789.900
741	1789.900
251	1790.000
261	1790.000
341	1790.000
761	1790.100
401	1790.400
791	1790.400
111	1790.800
611	1790.800
201	1791.000
431	1791.200
491	1791.200
21	1791.400
631	1791.400
181	1791.500
691	1791.600
391	1791.700
571	1791.700
771	1791.800
1	1791.900
681	1792.000
191	1792.200
361	1792.200
701	1792.300
161	1792.700
421	1792.800
301	1792.900
121	1793.000
241	1793.300
711	1793.300
551	1793.400
371	1793.500
721	1793.700
31	1793.900
591	1793.900
621	1793.900
641	1794.000
541	1794.100
281	1794.200
311	1794.300
441	1794.300
751	1794.300
501	1794.400
131	1794.500
151	1794.500
171	1794.600
211	1794.600
41	1794.900
101	1794.900
331	1794.900
231	1795.000
141	1795.100
321	1795.100
561	1795.100
651	1795.200
351	1795.400
381	1795.400
451	1795.400
461	1795.500
601	1795.500
81	1795.600
91	1795.600
291	1795.600
581	1795.700
671	1795.700
11	1795.800
51	1795.800
471	1795.800
511	1795.800
531	1795.800
661	1795.800
781	1795.900
271	1796.000
61	1796.100
71	1796.200
411	1796.300
741	1796.300
221	1796.400
521	1796.500
341	1796.700
251	1796.800
261	1796.800
481	1796.800
731	1796.800
401	1797.000
791	1797.000
761	1797.100
611	1797.300
111	1797.600
201	1797.600
491	1797.700
631	1797.800
21	1797.900
431	1798.000
691	1798.000
181	1798.100
771	1798.200
391	1798.400
571	1798.400
1	1798.500
681	1798.600
191	1798.800
361	1798.800
701	1798.800
161	1799.300
301	1799.300
421	1799.400
241	1799.800
551	1799.800
121	1799.900
371	1799.900
711	1800.100
721	1800.100
31	1800.400
591	1800.400
621	1800.700
281	1800.800
311	1800.800
541	1800.800
641	1800.800
131	1801.000
751	1801.000
441	1801.100
501	1801.200
151	1801.300
171	1801.300
211	1801.300
231	1801.500
331	1801.500
101	1801.600
41	1801.800
561	1801.800
141	1801.900
651	1801.900
321	1802.000
451	1802.000
81	1802.100
291	1802.100
381	1802.100
351	1802.200
461	1802.200
671	1802.200
11	1802.300
91	1802.300
531	1802.300
581	1802.300
661	1802.300
51	1802.400
471	1802.400
511	1802.400
601	1802.400
271	1802.600
61	1802.700
71	1802.800
741	1802.800
781	1802.900
221	1803.000
411	1803.100
521	1803.300
481	1803.400
251	1803.500
731	1803.500
261	1803.600
341	1803.600
401	1803.600
791	1803.700
611	1803.800
761	1803.900
201	1804.100
491	1804.100
631	1804.200
111	1804.400
21	1804.600
181	1804.600
691	1804.600
771	1804.600
431	1804.800
391	1804.900
681	1805.000
1	1805.100
571	1805.100
361	1805.400
191	1805.500
701	1805.500
301	1805.800
421	1805.800
161	1806.100
551	1806.200
371	1806.400
241	1806.500
121	1806.700
721	1806.700
711	1806.900
31	1807.000
591	1807.100
311	1807.400
541	1807.400
131	1807.500
621	1807.500
281	1807.600
641	1807.600
751	1807.700
441	1807.800
501	1807.800
151	1808.000
171	1808.100
211	1808.100
231	1808.200
101	1808.300
331	1808.300
141	1808.500
41	1808.600
81	1808.700
291	1808.700
451	1808.700
561	1808.700
651	1808.700
91	1808.800
321	1808.800
671	1808.800
351	1808.900
461	1808.900
531	1808.900
581	1808.900
381	1809.000
511	1809.000
601	1809.000
661	1809.100
11	1809.200
51	1809.200
61	1809.200
471	1809.200
271	1809.400
741	1809.400
71	1809.500
781	1809.500
221	1809.700
521	1809.900
251	1810.000
411	1810.100
401	1810.200
731	1810.300
341	1810.400
481	1810.400
791	1810.400
261	1810.500
611	1810.500
761	1810.500
201	1810.600
491	1810.800
631	1810.800
111	1810.900
181	1811.100
691	1811.100
21	1811.300
771	1811.300
391	1811.500
431	1811.500
681	1811.600
1	1811.700
571	1811.900
361	1812.000
301	1812.100
191	1812.200
701	1812.200
421	1812.400
161	1812.700
551	1812.800
371	1813.000
241	1813.200
121	1813.400
711	1813.400
721	1813.400
31	1813.500
591	1813.800
641	1814.100
541	1814.200
131	1814.300
621	1814.300
311	1814.400
501	1814.400
751	1814.500
281	1814.600
441	1814.700
151	1814.800
211	1814.800
101	1814.900
171	1815.000
331	1815.000
231	1815.100
141	1815.200
81	1815.400
91	1815.400
451	1815.400
291	1815.500
321	1815.500
581	1815.500
671	1815.500
461	1815.600
531	1815.600
601	1815.600
651	1815.600
41	1815.700
51	1815.700
351	1815.700
381	1815.700
561	1815.700
61	1815.800
511	1815.800
661	1815.800
471	1815.900
11	1816.100
781	1816.100
71	1816.200
271	1816.200
741	1816.300
521	1816.400
251	1816.700
221	1816.800
411	1816.900
261	1817.100
341	1817.100
401	1817.100
481	1817.100
731	1817.100
761	1817.100
201	1817.200
791	1817.200
611	1817.300
111	1817.400
491	1817.400
181	1817.600
691	1817.600
631	1817.700
771	1817.800
391	1818.000
431	1818.100
21	1818.200
1	1818.300
681	1818.300
571	1818.500
301	1818.700
361	1818.700
701	1819.000
191	1819.100
421	1819.100
551	1819.500
161	1819.600
371	1819.700
241	1819.800
121	1819.900
721	1820.000
711	1820.100
31	1820.200
591	1820.600
641	1820.700
541	1820.900
621	1820.900
131	1821.100
501	1821.200
211	1821.400
281	1821.400
751	1821.400
311	1821.500
441	1821.500
101	1821.600
231	1821.600
151	1821.700
331	1821.700
141	1821.800
171	1821.900
81	1822.000
531	1822.000
91	1822.100
451	1822.100
601	1822.100
581	1822.200
651	1822.200
671	1822.200
51	1822.300
291	1822.300
461	1822.300
41	1822.400
661	1822.400
321	1822.500
351	1822.500
561	1822.500
61	1822.600
511	1822.600
381	1822.700
471	1822.700
71	1822.900
271	1822.900
521	1822.900
741	1822.900
781	1822.900
11	1823.000
251	1823.500
261	1823.600
201	1823.700
221	1823.700
341	1823.700
411	1823.700
731	1823.700
401	1823.800
761	1823.800
111	1823.900
481	1823.900
491	1823.900
691	1824.000
791	1824.000
611	1824.100
181	1824.200
391	1824.300
771	1824.300
631	1824.500
431	1824.700
1	1824.900
21	1825.000
571	1825.100
681	1825.100
301	1825.200
361	1825.500
701	1825.700
191	1825.900
421	1826.000
551	1826.300
121	1826.400
161	1826.400
371	1826.400
241	1826.600
721	1826.600
711	1826.700
31	1827.100
591	1827.500
641	1827.500
541	1827.700
621	1827.700
131	1827.900
211	1828.000
281	1828.000
501	1828.100
441	1828.200
751	1828.200
231	1828.300
151	1828.400
101	1828.500
311	1828.500
531	1828.500
141	1828.600
331	1828.600
81	1828.700
451	1828.700
601	1828.700
581	1828.800
671	1828.800
91	1828.900
171	1828.900
661	1828.900
461	1829.000
41	1829.100
51	1829.100
291	1829.100
561	1829.100
321	1829.200
651	1829.200
511	1829.300
61	1829.400
521	1829.400
351	1829.500
381	1829.500
471	1829.500
741	1829.500
71	1829.600
271	1829.700
781	1829.800
11	1830.100
261	1830.200
731	1830.200
251	1830.300
411	1830.300
201	1830.400
221	1830.400
341	1830.400
761	1830.400
401	1830.500
481	1830.500
111	1830.600
491	1830.600
611	1830.600
791	1830.600
691	1830.700
391	1830.800
771	1830.800
181	1830.900
631	1831.300
431	1831.400
21	1831.600
681	1831.700
1	1831.800
301	1831.800
571	1831.900
361	1832.200
701	1832.400
421	1832.600
121	1832.700
191	1832.800
161	1833.100
711	1833.100
721	1833.100
241	1833.200
371	1833.200
551	1833.200
31	1834.100
641	1834.200
591	1834.300
541	1834.400
281	1834.600
131	1834.700
211	1834.800
621	1834.800
501	1834.900
751	1835.000
151	1835.100
231	1835.100
441	1835.100
531	1835.100
311	1835.300
81	1835.400
331	1835.400
451	1835.400
101	1835.600
141	1835.600
671	1835.600
91	1835.700
561	1835.700
291	1835.800
581	1835.800
601	1835.800
41	1835.900
511	1835.900
661	1835.900
521	1836.000
651	1836.000
461	1836.100
51	1836.200
171	1836.200
321	1836.200
351	1836.200
741	1836.200
61	1836.300
381	1836.300
71	1836.400
271	1836.600
471	1836.600
261	1836.800
411	1836.800
731	1836.800
781	1836.800
251	1836.900
11	1837.000
221	1837.000
761	1837.000
201	1837.100
341	1837.100
111	1837.200
481	1837.200
491	1837.200
611	1837.200
691	1837.300
401	1837.400
791	1837.400
391	1837.500
181	1837.600
771	1837.600
631	1838.000
21	1838.100
431	1838.100
681	1838.200
301	1838.500
1	1838.600
361	1838.700
571	1838.700
701	1839.000
121	1839.300
421	1839.300
191	1839.500
711	1839.700
721	1839.700
241	1839.800
161	1840.000
371	1840.100
551	1840.300
641	1840.900
31	1841.000
591	1841.000
541	1841.200
281	1841.300
131	1841.400
751	1841.600
151	1841.700
211	1841.700
531	1841.700
621	1841.700
501	1841.800
311	1841.900
231	1842.000
441	1842.000
451	1842.000
81	1842.100
331	1842.200
561	1842.300
671	1842.300
101	1842.400
601	1842.400
661	1842.500
41	1842.600
141	1842.600
291	1842.700
511	1842.700
651	1842.700
581	1842.800
91	1842.900
521	1842.900
351	1843.000
381	1843.000
51	1843.100
61	1843.100
171	1843.100
461	1843.100
71	1843.200
741	1843.200
321	1843.300
471	1843.300
271	1843.400
411	1843.500
261	1843.600
731	1843.600
761	1843.600
11	1843.700
221	1843.700
781	1843.700
251	1843.800
341	1843.800
111	1843.900
201	1843.900
481	1843.900
611	1843.900
391	1844.000
491	1844.000
691	1844.000
791	1844.100
401	1844.200
181	1844.400
771	1844.500
21	1844.600
431	1844.800
631	1844.800
681	1844.800
301	1845.100
1	1845.400
361	1845.400
701	1845.500
571	1845.700
421	1845.800
121	1846.000
191	1846.100
711	1846.400
721	1846.500
241	1846.600
161	1846.900
551	1846.900
371	1847.000
591	1847.500
641	1847.600
281	1847.900
131	1848.000
541	1848.000
31	1848.100
531	1848.300
211	1848.400
621	1848.400
151	1848.500
751	1848.500
231	1848.600
311	1848.600
451	1848.600
501	1848.600
331	1848.900
441	1849.000
81	1849.100
561	1849.100
601	1849.100
101	1849.200
671	1849.200
41	1849.300
291	1849.300
651	1849.300
661	1849.300
141	1849.400
511	1849.400
91	1849.600
581	1849.600
171	1849.700
381	1849.700
61	1849.800
741	1849.800
351	1849.900
461	1849.900
471	1849.900
51	1850.000
71	1850.000
521	1850.000
411	1850.100
11	1850.200
271	1850.200
321	1850.200
731	1850.300
761	1850.300
781	1850.300
221	1850.400
261	1850.400
481	1850.500
111	1850.600
341	1850.600
251	1850.700
391	1850.700
691	1850.700
491	1850.800
611	1850.800
791	1850.800
201	1850.900
181	1851.000
21	1851.100
401	1851.200
431	1851.400
681	1851.400
771	1851.400
631	1851.600
301	1851.900
701	1852.100
1	1852.200
361	1852.200
421	1852.300
121	1852.600
191	1852.700
571	1852.700
721	1853.100
711	1853.200
241	1853.400
371	1853.500
161	1853.700
551	1853.700
591	1854.200
641	1854.300
281	1854.600
131	1854.700
541	1854.700
31	1855.000
531	1855.000
151	1855.100
211	1855.200
451	1855.200
621	1855.300
751	1855.300
311	1855.400
501	1855.400
231	1855.700
331	1855.700
81	1855.900
291	1855.900
561	1855.900
601	1855.900
101	1856.000
651	1856.000
661	1856.100
41	1856.200
91	1856.200
441	1856.200
511	1856.200
671	1856.200
141	1856.300
171	1856.400
381	1856.400
581	1856.400
51	1856.600
741	1856.600
71	1856.700
471	1856.700
61	1856.800
461	1856.800
521	1856.800
351	1856.900
11	1857.100
221	1857.100
271	1857.100
321	1857.100
481	1857.100
781	1857.100
411	1857.200
731	1857.200
251	1857.300
261	1857.300
761	1857.300
341	1857.400
611	1857.500
21	1857.600
691	1857.600
111	1857.700
201	1857.700
391	1857.700
491	1857.700
181	1857.800
791	1857.800
681	1857.900
401	1858.000
431	1858.000
771	1858.200
631	1858.300
701	1858.700
301	1858.800
421	1858.900
1	1859.000
361	1859.100
121	1859.200
191	1859.200
721	1859.700
571	1860.000
241	1860.100
711	1860.200
371	1860.300
551	1860.300
161	1860.600
591	1860.700
281	1861.300
641	1861.300
541	1861.400
131	1861.500
151	1861.600
31	1861.700
451	1861.900
311	1862.000
531	1862.000
211	1862.100
621	1862.100
751	1862.100
291	1862.500
501	1862.500
561	1862.500
231	1862.600
331	1862.600
81	1862.700
651	1862.800
91	1862.900
141	1862.900
661	1862.900
41	1863.000
171	1863.000
511	1863.000
601	1863.000
581	1863.100
101	1863.200
671	1863.200
381	1863.300
441	1863.300
741	1863.300
51	1863.500
461	1863.500
471	1863.500
61	1863.600
71	1863.600
221	1863.700
521	1863.700
351	1863.800
781	1863.800
261	1863.900
321	1863.900
481	1863.900
271	1864.000
411	1864.000
731	1864.000
11	1864.100
21	1864.100
251	1864.100
341	1864.100
611	1864.200
761	1864.200
391	1864.300
201	1864.400
681	1864.500
691	1864.500
791	1864.500
111	1864.600
431	1864.600
491	1864.600
401	1864.700
181	1864.900
771	1865.000
631	1865.100
701	1865.100
301	1865.500
421	1865.500
361	1865.600
191	1865.700
1	1865.800
121	1865.900
721	1866.200
571	1866.600
241	1866.900
711	1866.900
371	1867.100
591	1867.100
551	1867.200
161	1867.300
281	1867.800
131	1868.100
151	1868.200
541	1868.200
641	1868.400
31	1868.500
311	1868.700
451	1868.800
621	1868.900
531	1869.000
751	1869.000
211	1869.100
291	1869.200
81	1869.300
331	1869.300
561	1869.300
501	1869.400
141	1869.600
171	1869.700
231	1869.700
511	1869.700
91	1869.800
581	1869.800
651	1869.800
661	1869.800
601	1869.900
741	1870.000
41	1870.100
671	1870.100
101	1870.200
381	1870.200
441	1870.200
461	1870.200
51	1870.400
61	1870.400
71	1870.400
351	1870.500
471	1870.500
261	1870.600
321	1870.600
781	1870.600
221	1870.700
521	1870.700
731	1870.700
11	1870.800
21	1870.800
481	1870.800
271	1870.900
341	1870.900
391	1871.000
411	1871.000
201	1871.100
251	1871.100
611	1871.100
761	1871.100
401	1871.200
491	1871.200
681	1871.300
691	1871.300
791	1871.300
111	1871.400
431	1871.400
181	1871.700
701	1871.700
631	1871.800
771	1871.800
421	1872.100
301	1872.200
361	1872.200
191	1872.300
1	1872.600
121	1872.600
721	1872.700
571	1873.200
711	1873.300
241	1873.500
591	1873.600
161	1873.900
371	1873.900
551	1874.000
281	1874.600
131	1874.700
541	1875.000
31	1875.200
151	1875.200
311	1875.300
641	1875.300
621	1875.600
211	1875.800
451	1875.800
531	1875.800
81	1876.000
751	1876.000
331	1876.100
501	1876.200
561	1876.200
661	1876.300
171	1876.400
291	1876.400
91	1876.600
141	1876.600
461	1876.800
581	1876.800
741	1876.800
441	1876.900
511	1876.900
601	1876.900
41	1877.000
51	1877.000
381	1877.000
651	1877.000
101	1877.200
231	1877.200
471	1877.200
671	1877.200
61	1877.300
261	1877.400
731	1877.400
71	1877.500
351	1877.500
781	1877.500
221	1877.600
321	1877.600
271	1877.700
391	1877.700
521	1877.700
11	1877.800
201	1877.800
251	1877.800
411	1877.800
481	1877.900
491	1877.900
611	1877.900
691	1877.900
761	1877.900
21	1878.000
401	1878.000
681	1878.000
791	1878.000
341	1878.100
111	1878.200
431	1878.300
701	1878.400
771	1878.400
181	1878.500
631	1878.500
421	1878.600
301	1878.700
361	1878.700
191	1879.200
721	1879.200
1	1879.300
121	1879.400
711	1879.900
571	1880.000
241	1880.100
591	1880.200
161	1880.500
371	1880.600
551	1880.600
281	1881.400
541	1881.500
131	1881.600
31	1881.800
311	1882.000
641	1882.000
621	1882.200
151	1882.400
531	1882.500
451	1882.600
81	1882.700
211	1882.800
751	1882.800
501	1882.900
661	1882.900
331	1883.000
561	1883.000
141	1883.200
291	1883.400
441	1883.500
91	1883.600
171	1883.600
381	1883.600
601	1883.600
511	1883.700
581	1883.700
651	1883.700
51	1883.800
461	1883.800
741	1883.800
41	1884.000
61	1884.200
231	1884.200
261	1884.200
671	1884.200
271	1884.300
471	1884.300
521	1884.300
731	1884.300
781	1884.300
101	1884.400
351	1884.400
221	1884.500
411	1884.500
71	1884.600
201	1884.600
251	1884.600
321	1884.600
391	1884.600
481	1884.600
681	1884.600
761	1884.600
611	1884.700
691	1884.700
791	1884.700
11	1884.800
491	1884.800
21	1884.900
401	1885.000
771	1885.000
111	1885.100
421	1885.100
431	1885.100
631	1885.100
341	1885.200
181	1885.300
701	1885.300
301	1885.400
361	1885.400
1	1885.800
721	1885.800
191	1885.900
121	1886.000
711	1886.500
571	1886.600
241	1886.800
591	1886.900
371	1887.100
161	1887.300
551	1887.300
541	1888.100
281	1888.200
31	1888.400
131	1888.500
641	1888.600
621	1888.800
311	1888.900
531	1889.000
151	1889.200
451	1889.300
81	1889.500
211	1889.500
561	1889.500
661	1889.500
501	1889.600
751	1889.600
331	1889.700
141	1890.200
291	1890.300
441	1890.400
51	1890.500
171	1890.500
461	1890.600
581	1890.600
601	1890.600
741	1890.600
381	1890.700
511	1890.700
651	1890.700
41	1890.900
231	1890.900
671	1890.900
61	1891.000
261	1891.000
91	1891.100
471	1891.100
681	1891.100
731	1891.100
781	1891.100
271	1891.200
351	1891.200
391	1891.300
411	1891.300
481	1891.300
521	1891.300
221	1891.400
251	1891.400
761	1891.400
101	1891.500
491	1891.500
611	1891.500
691	1891.500
11	1891.600
71	1891.600
201	1891.600
771	1891.600
791	1891.600
321	1891.700
401	1891.700
21	1891.800
421	1891.800
111	1892.000
631	1892.000
341	1892.100
361	1892.100
431	1892.100
701	1892.200
181	1892.300
301	1892.300
1	1892.400
721	1892.500
191	1892.600
121	1892.700
711	1893.000
571	1893.200
241	1893.400
591	1893.600
161	1893.700
371	1893.700
551	1894.100
541	1894.600
281	1895.000
31	1895.100
641	1895.300
621	1895.400
531	1895.500
131	1895.600
311	1895.800
451	1895.800
151	1896.000
661	1896.100
81	1896.200
211	1896.300
501	1896.300
561	1896.400
751	1896.400
331	1896.500
141	1897.200
291	1897.200
171	1897.300
441	1897.300
461	1897.300
601	1897.300
651	1897.400
741	1897.400
51	1897.500
671	1897.500
261	1897.600
381	1897.600
581	1897.600
41	1897.700
231	1897.700
511	1897.700
681	1897.700
781	1897.700
61	1897.800
731	1897.800
91	1897.900
351	1897.900
471	1897.900
221	1898.000
271	1898.000
391	1898.000
411	1898.000
481	1898.000
521	1898.000
761	1898.000
251	1898.100
71	1898.200
101	1898.200
611	1898.200
491	1898.300
691	1898.300
791	1898.300
11	1898.400
771	1898.400
201	1898.500
401	1898.500
421	1898.500
21	1898.600
321	1898.600
111	1898.800
431	1898.800
301	1898.900
341	1898.900
631	1898.900
361	1899.000
701	1899.000
1	1899.100
181	1899.100
121	1899.200
721	1899.200
191	1899.300
711	1899.600
571	1899.700
241	1899.800
161	1900.200
371	1900.300
591	1900.300
551	1900.800
541	1901.200
281	1901.500
31	1901.900
641	1901.900
531	1902.000
621	1902.100
131	1902.500
311	1902.500
451	1902.600
661	1902.800
151	1902.900
501	1902.900
81	1903.100
211	1903.100
561	1903.100
751	1903.200
331	1903.400
141	1903.900
601	1903.900
461	1904.000
291	1904.100
441	1904.100
741	1904.100
671	1904.200
41	1904.300
51	1904.300
171	1904.300
231	1904.300
261	1904.300
511	1904.300
781	1904.300
651	1904.400
61	1904.500
351	1904.500
381	1904.500
411	1904.500
581	1904.500
681	1904.500
91	1904.600
731	1904.600
761	1904.600
71	1904.700
251	1904.700
271	1904.700
471	1904.700
221	1904.800
391	1904.800
611	1904.800
691	1904.800
101	1904.900
481	1904.900
521	1905.000
11	1905.100
491	1905.100
401	1905.200
421	1905.200
771	1905.200
791	1905.200
201	1905.300
321	1905.300
431	1905.300
21	1905.400
301	1905.400
111	1905.500
341	1905.500
1	1905.600
121	1905.700
361	1905.700
631	1905.700
701	1905.800
181	1905.900
721	1905.900
191	1906.000
571	1906.200
711	1906.200
241	1906.400
371	1906.600
161	1906.700
591	1906.900
551	1907.300
541	1907.700
281	1908.000
531	1908.500
641	1908.500
31	1908.600
311	1908.900
621	1908.900
131	1909.100
451	1909.200
661	1909.300
151	1909.500
501	1909.600
81	1909.700
211	1909.700
561	1909.700
751	1909.900
331	1910.100
601	1910.400
141	1910.600
461	1910.600
741	1910.600
231	1910.700
671	1910.700
51	1910.800
171	1910.800
41	1910.900
291	1910.900
651	1910.900
61	1911.000
381	1911.000
411	1911.000
441	1911.000
511	1911.000
761	1911.000
781	1911.000
91	1911.100
261	1911.100
351	1911.100
581	1911.100
611	1911.100
71	1911.200
251	1911.200
681	1911.200
691	1911.200
271	1911.300
731	1911.300
221	1911.400
391	1911.400
471	1911.400
491	1911.400
101	1911.500
11	1911.600
481	1911.600
521	1911.600
421	1911.700
201	1911.800
401	1911.800
431	1911.800
791	1911.800
301	1911.900
771	1911.900
21	1912.000
321	1912.000
341	1912.000
1	1912.100
121	1912.100
361	1912.200
111	1912.300
631	1912.300
701	1912.300
721	1912.300
181	1912.400
191	1912.500
711	1912.600
571	1912.700
241	1912.900
161	1913.100
371	1913.200
591	1913.200
551	1913.700
541	1914.000
281	1914.400
641	1914.800
531	1914.900
31	1915.000
311	1915.100
621	1915.400
131	1915.600
661	1915.700
451	1915.800
151	1916.000
501	1916.100
561	1916.100
81	1916.200
751	1916.400
211	1916.500
141	1916.800
331	1916.800
601	1916.900
461	1917.000
231	1917.100
741	1917.100
671	1917.200
51	1917.300
171	1917.300
291	1917.300
411	1917.300
511	1917.300
381	1917.400
611	1917.400
41	1917.500
261	1917.500
581	1917.500
651	1917.500
61	1917.600
71	1917.600
351	1917.600
691	1917.600
781	1917.600
91	1917.700
251	1917.700
391	1917.700
681	1917.700
731	1917.700
761	1917.700
221	1917.800
441	1917.800
491	1917.800
101	1917.900
271	1917.900
471	1917.900
481	1918.000
521	1918.000
11	1918.100
201	1918.100
401	1918.100
421	1918.100
791	1918.100
21	1918.300
321	1918.300
301	1918.400
341	1918.400
431	1918.400
771	1918.400
1	1918.500
121	1918.600
721	1918.600
181	1918.700
191	1918.700
361	1918.700
631	1918.700
701	1918.700
111	1918.800
711	1918.900
241	1919.200
571	1919.200
161	1919.500
591	1919.500
371	1919.700
551	1919.900
541	1920.200
281	1920.600
641	1921.100
531	1921.200
31	1921.300
311	1921.400
621	1921.900
131	1922.100
661	1922.200
151	1922.500
451	1922.500
561	1922.600
81	1922.700
501	1922.700
751	1922.900
211	1923.000
141	1923.200
331	1923.200
461	1923.400
601	1923.400
231	1923.500
511	1923.500
741	1923.500
171	1923.700
411	1923.700
581	1923.700
51	1923.800
291	1923.800
671	1923.800
41	1923.900
351	1923.900
611	1923.900
61	1924.000
261	1924.000
381	1924.000
491	1924.000
71	1924.100
221	1924.100
391	1924.100
651	1924.100
691	1924.100
781	1924.100
441	1924.200
681	1924.200
731	1924.200
761	1924.200
91	1924.300
101	1924.300
271	1924.300
421	1924.300
471	1924.300
481	1924.300
791	1924.300
201	1924.400
401	1924.400
11	1924.500
21	1924.500
251	1924.500
521	1924.500
321	1924.600
1	1924.800
301	1924.800
341	1924.800
431	1924.900
631	1924.900
721	1924.900
771	1924.900
111	1925.000
121	1925.000
191	1925.000
701	1925.000
181	1925.100
361	1925.200
711	1925.200
571	1925.500
241	1925.600
161	1925.700
591	1925.700
371	1926.000
551	1926.100
541	1926.400
281	1926.700
641	1927.300
31	1927.500
531	1927.500
311	1927.600
621	1928.200
131	1928.300
661	1928.500
451	1928.800
81	1928.900
151	1928.900
561	1928.900
501	1929.000
211	1929.200
751	1929.200
331	1929.500
141	1929.600
461	1929.600
511	1929.600
601	1929.700
171	1929.800
231	1929.800
741	1929.800
581	1929.900
51	1930.100
61	1930.100
411	1930.100
671	1930.100
351	1930.200
381	1930.200
491	1930.200
41	1930.300
71	1930.300
221	1930.300
291	1930.300
781	1930.300
261	1930.400
271	1930.400
391	1930.400
611	1930.400
651	1930.400
681	1930.400
691	1930.400
791	1930.400
91	1930.500
421	1930.500
441	1930.500
101	1930.600
201	1930.600
471	1930.600
481	1930.600
761	1930.600
11	1930.700
731	1930.700
21	1930.800
251	1930.800
321	1930.800
401	1930.800
521	1930.800
1	1931.000
631	1931.000
301	1931.100
771	1931.100
181	1931.200
191	1931.200
341	1931.200
701	1931.200
721	1931.200
111	1931.300
121	1931.300
431	1931.300
361	1931.400
711	1931.400
161	1931.800
241	1931.800
571	1931.800
591	1931.800
551	1932.100
371	1932.200
541	1932.500
281	1932.800
641	1933.400
31	1933.600
531	1933.600
311	1933.700
131	1934.300
621	1934.400
661	1934.500
81	1935.000
451	1935.000
561	1935.000
151	1935.100
501	1935.200
211	1935.300
751	1935.300
331	1935.600
141	1935.800
461	1935.800
511	1935.800
601	1935.800
741	1935.900
171	1936.000
231	1936.000
581	1936.100
61	1936.200
671	1936.200
51	1936.300
381	1936.300
411	1936.300
491	1936.300
351	1936.400
71	1936.500
221	1936.500
261	1936.500
271	1936.500
291	1936.500
611	1936.500
781	1936.500
791	1936.500
41	1936.600
91	1936.600
391	1936.600
441	1936.600
471	1936.600
681	1936.600
691	1936.600
201	1936.700
421	1936.700
651	1936.700
481	1936.800
521	1936.800
731	1936.800
761	1936.800
11	1936.900
21	1936.900
101	1936.900
321	1936.900
401	1936.900
251	1937.000
301	1937.200
631	1937.200
771	1937.200
1	1937.300
181	1937.300
191	1937.300
341	1937.300
701	1937.300
111	1937.400
121	1937.400
431	1937.400
721	1937.400
361	1937.500
711	1937.500
591	1937.700
161	1937.800
241	1937.800
571	1937.900
551	1938.000
371	1938.300
541	1938.500
281	1938.700
641	1939.400
31	1939.600
531	1939.600
311	1939.800
131	1940.300
621	1940.500
661	1940.600
561	1941.000
81	1941.100
451	1941.100
501	1941.200
151	1941.300
751	1941.300
211	1941.400
331	1941.600
461	1941.800
511	1941.900
141	1942.000
231	1942.000
601	1942.000
741	1942.000
171	1942.100
581	1942.100
61	1942.300
671	1942.300
51	1942.400
381	1942.400
491	1942.400
261	1942.500
271	1942.500
351	1942.500
411	1942.500
691	1942.500
71	1942.600
221	1942.600
291	1942.600
611	1942.600
681	1942.600
41	1942.700
91	1942.700
201	1942.700
391	1942.700
421	1942.700
441	1942.700
471	1942.700
781	1942.700
791	1942.700
521	1942.800
651	1942.800
731	1942.800
481	1942.900
761	1942.900
21	1943.000
101	1943.000
321	1943.000
401	1943.000
11	1943.100
251	1943.100
181	1943.200
191	1943.200
301	1943.200
341	1943.300
631	1943.300
771	1943.300
1	1943.400
111	1943.400
121	1943.400
431	1943.400
701	1943.400
361	1943.500
711	1943.500
721	1943.500
591	1943.600
161	1943.800
241	1943.800
551	1943.900
571	1943.900
371	1944.300
541	1944.300
281	1944.600
641	1945.300
31	1945.500
531	1945.500
311	1945.800
131	1946.300
621	1946.400
661	1946.500
561	1946.900
81	1947.100
451	1947.100
151	1947.200
501	1947.200
211	1947.300
751	1947.300
331	1947.700
461	1947.800
511	1947.900
231	1948.000
601	1948.000
741	1948.000
141	1948.100
581	1948.100
61	1948.200
171	1948.200
671	1948.300
51	1948.400
271	1948.400
381	1948.400
491	1948.400
261	1948.500
351	1948.500
411	1948.500
681	1948.500
691	1948.500
71	1948.600
91	1948.600
201	1948.600
221	1948.600
291	1948.600
421	1948.600
441	1948.600
471	1948.600
611	1948.600
391	1948.700
521	1948.700
731	1948.700
781	1948.700
41	1948.800
791	1948.800
21	1948.900
481	1948.900
651	1948.900
761	1948.900
101	1949.000
321	1949.000
401	1949.000
11	1949.100
251	1949.100
301	1949.100
181	1949.200
191	1949.200
111	1949.300
341	1949.300
431	1949.300
631	1949.300
771	1949.300
1	1949.400
121	1949.400
591	1949.400
701	1949.400
711	1949.400
361	1949.500
721	1949.500
161	1949.700
241	1949.700
551	1949.800
571	1949.800
541	1950.100
371	1950.200
281	1950.500
641	1951.300
31	1951.400
531	1951.400
311	1951.800
131	1952.200
621	1952.300
661	1952.400
561	1952.700
81	1953.000
451	1953.000
151	1953.100
211	1953.200
501	1953.200
751	1953.200
331	1953.700
461	1953.700
231	1953.900
601	1953.900
741	1953.900
61	1954.000
511	1954.000
141	1954.100
581	1954.100
171	1954.200
381	1954.200
271	1954.300
491	1954.300
671	1954.300
51	1954.400
201	1954.400
261	1954.400
421	1954.400
681	1954.400
691	1954.400
91	1954.500
291	1954.500
351	1954.500
411	1954.500
441	1954.500
471	1954.500
521	1954.500
611	1954.500
71	1954.600
221	1954.600
391	1954.600
731	1954.600
781	1954.600
41	1954.700
481	1954.800
761	1954.800
791	1954.800
21	1954.900
321	1954.900
651	1954.900
11	1955.000
101	1955.000
191	1955.000
251	1955.000
301	1955.000
401	1955.000
181	1955.100
771	1955.100
111	1955.200
341	1955.200
431	1955.200
591	1955.200
631	1955.200
1	1955.300
121	1955.300
711	1955.300
361	1955.400
701	1955.400
721	1955.400
161	1955.500
241	1955.600
551	1955.600
571	1955.700
541	1955.900
371	1956.000
281	1956.400
641	1957.100
31	1957.200
531	1957.300
311	1957.700
131	1958.000
621	1958.200
661	1958.300
561	1958.500
451	1958.800
81	1958.900
151	1959.000
211	1959.100
501	1959.100
751	1959.100
461	1959.500
331	1959.600
741	1959.700
231	1959.800
61	1959.900
511	1959.900
581	1959.900
601	1959.900
141	1960.000
171	1960.100
381	1960.100
201	1960.200
271	1960.200
421	1960.200
491	1960.200
671	1960.200
681	1960.200
691	1960.200
261	1960.300
521	1960.300
51	1960.400
291	1960.400
441	1960.400
471	1960.400
611	1960.400
71	1960.500
91	1960.500
221	1960.500
351	1960.500
391	1960.500
411	1960.500
731	1960.500
781	1960.500
41	1960.600
481	1960.600
761	1960.700
21	1960.800
321	1960.800
651	1960.800
791	1960.800
11	1960.900
101	1960.900
191	1960.900
251	1960.900
301	1960.900
771	1960.900
181	1961.000
341	1961.000
401	1961.000
631	1961.000
111	1961.100
431	1961.100
591	1961.100
711	1961.100
1	1961.200
121	1961.200
161	1961.300
361	1961.300
721	1961.300
551	1961.400
701	1961.400
241	1961.500
571	1961.600
541	1961.700
371	1961.800
281	1962.300
641	1962.900
31	1963.000
531	1963.100
311	1963.600
131	1963.900
621	1964.000
661	1964.100
561	1964.300
451	1964.600
81	1964.900
151	1964.900
211	1965.000
501	1965.000
751	1965.000
461	1965.300
331	1965.500
741	1965.500
231	1965.600
61	1965.700
581	1965.700
601	1965.700
511	1965.800
141	1965.900
381	1965.900
171	1966.000
681	1966.000
691	1966.000
201	1966.100
271	1966.100
421	1966.100
491	1966.100
521	1966.100
671	1966.100
261	1966.200
441	1966.200
471	1966.200
51	1966.300
291	1966.300
391	1966.300
411	1966.300
611	1966.300
41	1966.400
71	1966.400
91	1966.400
221	1966.400
351	1966.400
481	1966.400
731	1966.400
781	1966.400
761	1966.500
21	1966.600
11	1966.700
101	1966.700
191	1966.700
321	1966.700
651	1966.700
791	1966.700
181	1966.800
251	1966.800
301	1966.800
771	1966.800
111	1966.900
341	1966.900
401	1966.900
591	1966.900
631	1966.900
711	1966.900
121	1967.000
431	1967.000
1	1967.100
161	1967.100
361	1967.100
551	1967.100
721	1967.200
241	1967.300
701	1967.300
541	1967.400
571	1967.400
371	1967.600
281	1968.100
641	1968.700
31	1968.800
531	1968.900
311	1969.500
131	1969.700
621	1969.800
661	1969.900
561	1970.100
451	1970.400
81	1970.800
151	1970.800
751	1970.800
211	1970.900
501	1970.900
461	1971.100
741	1971.300
231	1971.400
331	1971.400
601	1971.400
61	1971.500
581	1971.500
511	1971.600
381	1971.700
141	1971.800
171	1971.800
681	1971.800
691	1971.800
201	1971.900
271	1971.900
491	1971.900
521	1971.900
421	1972.000
441	1972.000
471	1972.000
671	1972.000
51	1972.100
261	1972.100
391	1972.100
411	1972.100
41	1972.200
71	1972.200
91	1972.200
291	1972.200
351	1972.200
481	1972.200
611	1972.200
731	1972.200
221	1972.300
761	1972.300
781	1972.300
21	1972.400
11	1972.500
101	1972.500
191	1972.500
321	1972.500
651	1972.500
301	1972.600
591	1972.600
791	1972.600
111	1972.700
181	1972.700
251	1972.700
341	1972.700
401	1972.700
631	1972.700
711	1972.700
771	1972.700
121	1972.800
431	1972.800
551	1972.800
1	1972.900
161	1972.900
361	1972.900
241	1973.100
541	1973.100
721	1973.100
571	1973.200
701	1973.200
371	1973.400
281	1973.800
641	1974.500
31	1974.600
531	1974.600
311	1975.300
131	1975.500
621	1975.600
661	1975.700
561	1975.800
451	1976.200
81	1976.600
151	1976.600
751	1976.600
211	1976.800
501	1976.800
461	1976.900
741	1977.100
231	1977.200
331	1977.200
601	1977.200
61	1977.300
581	1977.300
511	1977.400
381	1977.500
171	1977.600
201	1977.600
681	1977.600
691	1977.600
141	1977.700
271	1977.700
491	1977.700
521	1977.700
421	1977.800
441	1977.800
471	1977.800
391	1977.900
671	1977.900
41	1978.000
51	1978.000
71	1978.000
91	1978.000
261	1978.000
291	1978.000
411	1978.000
481	1978.000
611	1978.000
731	1978.000
221	1978.100
351	1978.100
761	1978.100
781	1978.100
21	1978.200
11	1978.300
101	1978.300
191	1978.300
321	1978.300
591	1978.300
301	1978.400
631	1978.400
651	1978.400
791	1978.400
111	1978.500
121	1978.500
251	1978.500
341	1978.500
401	1978.500
551	1978.500
711	1978.500
181	1978.600
431	1978.600
771	1978.600
1	1978.700
161	1978.700
361	1978.700
541	1978.800
241	1978.900
571	1979.000
701	1979.000
721	1979.000
371	1979.200
281	1979.500
31	1980.300
531	1980.300
641	1980.300
311	1981.100
131	1981.300
621	1981.400
661	1981.500
561	1981.600
451	1982.000
81	1982.400
151	1982.400
751	1982.400
211	1982.600
461	1982.700
501	1982.700
741	1982.900
61	1983.000
231	1983.000
601	1983.000
331	1983.100
381	1983.200
581	1983.200
511	1983.300
691	1983.300
171	1983.400
201	1983.400
491	1983.500
521	1983.500
681	1983.500
141	1983.600
271	1983.600
421	1983.600
441	1983.600
471	1983.600
391	1983.700
41	1983.800
71	1983.800
91	1983.800
261	1983.800
291	1983.800
411	1983.800
481	1983.800
611	1983.800
671	1983.800
731	1983.800
51	1983.900
221	1983.900
761	1983.900
21	1984.000
351	1984.000
591	1984.000
781	1984.000
11	1984.100
101	1984.100
191	1984.100
321	1984.100
301	1984.200
551	1984.200
631	1984.200
651	1984.200
791	1984.200
111	1984.300
121	1984.300
341	1984.300
401	1984.300
711	1984.300
251	1984.400
431	1984.400
771	1984.400
1	1984.500
161	1984.500
181	1984.500
361	1984.500
541	1984.500
241	1984.700
571	1984.800
701	1984.800
721	1984.800
371	1985.000
281	1985.200
531	1986.000
31	1986.100
641	1986.100
311	1986.900
131	1987.100
621	1987.200
561	1987.300
661	1987.300
451	1987.800
81	1988.200
151	1988.200
751	1988.200
211	1988.400
461	1988.500
501	1988.600
741	1988.700
61	1988.800
231	1988.800
601	1988.800
331	1989.000
381	1989.000
581	1989.000
691	1989.000
511	1989.100
171	1989.200
201	1989.200
491	1989.300
521	1989.300
681	1989.300
141	1989.400
271	1989.400
421	1989.400
471	1989.400
391	1989.500
441	1989.500
41	1989.600
71	1989.600
91	1989.600
291	1989.600
611	1989.600
731	1989.600
221	1989.700
261	1989.700
411	1989.700
481	1989.700
671	1989.700
761	1989.700
21	1989.800
51	1989.800
591	1989.800
11	1989.900
191	1989.900
321	1989.900
351	1989.900
551	1989.900
781	1989.900
101	1990.000
301	1990.000
401	1990.000
631	1990.000
711	1990.000
791	1990.000
111	1990.100
121	1990.100
341	1990.100
651	1990.100
431	1990.200
771	1990.200
1	1990.300
181	1990.300
251	1990.300
361	1990.300
541	1990.300
161	1990.400
241	1990.500
571	1990.600
701	1990.600
721	1990.700
371	1990.800
281	1991.000
531	1991.800
31	1991.900
641	1991.900
311	1992.700
131	1992.900
621	1992.900
561	1993.000
661	1993.000
451	1993.600
81	1994.000
151	1994.100
751	1994.100
211	1994.200
461	1994.300
741	1994.400
501	1994.500
61	1994.600
231	1994.600
601	1994.600
691	1994.700
381	1994.800
581	1994.800
201	1994.900
331	1994.900
511	1994.900
171	1995.000
491	1995.100
521	1995.100
681	1995.100
141	1995.200
271	1995.200
421	1995.200
471	1995.200
391	1995.300
41	1995.400
71	1995.400
91	1995.400
441	1995.400
611	1995.400
21	1995.500
221	1995.500
261	1995.500
291	1995.500
411	1995.500
481	1995.500
591	1995.500
731	1995.500
761	1995.500
51	1995.600
671	1995.600
11	1995.700
191	1995.700
351	1995.700
551	1995.700
711	1995.700
121	1995.800
301	1995.800
321	1995.800
401	1995.800
631	1995.800
781	1995.800
791	1995.800
101	1995.900
111	1995.900
341	1995.900
431	1996.000
541	1996.000
651	1996.000
771	1996.000
1	1996.100
181	1996.100
251	1996.100
361	1996.100
161	1996.200
241	1996.300
571	1996.400
701	1996.400
371	1996.600
721	1996.600
281	1996.800
531	1997.500
641	1997.600
31	1997.700
311	1998.500
131	1998.700
561	1998.700
621	1998.700
661	1998.800
451	1999.400
81	1999.800
751	1999.900
151	2000.000
211	2000.000
