# NEST version: UNKNOWN
# RecordingBackendASCII version: 2
sender	time_ms
1742	0.400
1412	0.500
1592	261.800
1122	526.800
1632	768.700
1542	771.600
1612	781.500
1272	782.100
1752	782.300
1052	783.300
1262	795.100
1722	803.100
1592	1155.900
1132	1200.300
1362	1300.600
1712	1306.500
1502	1306.600
1102	1306.700
1752	1307.400
1202	1307.600
1682	1308.100
1082	1308.500
1692	1309.000
1052	1310.100
1782	1311.600
1732	1311.900
1122	1312.400
1262	1312.900
1642	1312.900
1702	1313.200
1012	1313.400
1542	1313.400
1672	1313.600
1592	1313.700
1022	1313.900
1142	1314.600
1472	1315.000
1522	1315.600
1002	1315.700
1452	1316.000
1152	1316.400
1282	1317.000
1242	1317.100
1172	1317.500
1462	1317.900
1072	1318.300
1372	1318.400
1482	1319.000
1042	1319.300
1432	1319.400
1582	1319.400
1602	1319.600
1412	1320.500
1062	1320.700
1192	1321.400
1562	1321.400
1362	1321.600
1322	1321.700
1312	1322.100
1402	1322.200
1342	1322.600
1182	1322.800
1662	1322.800
1382	1323.600
1352	1323.900
1032	1324.900
1632	1325.500
1772	1325.800
1792	1326.100
1622	1326.500
1302	1326.700
1552	1327.300
1332	1328.200
1652	1328.800
1422	1329.000
1612	1329.700
1682	1329.700
1442	1330.700
1252	1330.900
1742	1331.200
1392	1332.000
1012	1333.700
1002	1334.300
1082	1334.400
1112	1335.500
1432	1335.600
1752	1335.600
1412	1337.100
1492	1337.900
1102	1338.300
1272	1338.600
1232	1340.000
1022	1340.500
1262	1340.900
1732	1342.900
1502	1343.300
1702	1344.200
1202	1344.300
1322	1344.400
1372	1344.400
1052	1345.200
1692	1345.300
1712	1345.700
1162	1345.800
1212	1346.300
1782	1347.400
1452	1348.600
1252	1350.400
1312	1351.400
1172	1351.600
1572	1351.600
1152	1353.300
1142	1355.000
1222	1355.000
1042	1356.600
1612	1358.000
1132	1358.800
1522	1359.800
1482	1360.300
1662	1364.800
1772	1365.300
1642	1366.200
1282	1366.600
1682	1367.300
1792	1369.400
1582	1369.800
1162	1372.500
1322	1372.500
1672	1372.500
1542	1372.900
1192	1374.200
1722	1375.400
1762	1375.500
1592	1376.100
1492	1377.400
1632	1380.300
1652	1380.500
1752	1384.900
1742	1386.100
1292	1387.600
1372	1387.700
1312	1392.300
1032	1394.000
1602	1394.800
1452	1398.600
1782	1398.800
1552	1399.600
1382	1399.900
1002	1401.000
1702	1402.300
1012	1405.100
1402	1409.400
1432	1410.400
1212	1410.500
1772	1411.400
1712	1412.100
1352	1412.500
1072	1416.000
1632	1421.100
1642	1422.900
1492	1423.200
1422	1423.900
1732	1424.100
1462	1425.000
1252	1425.600
1762	1427.800
1312	1430.400
1062	1434.800
1482	1436.300
1402	1439.800
1042	1441.000
1262	1442.100
1552	1449.000
1372	1458.300
1082	1458.500
1542	1475.900
1422	1643.400
1142	1643.600
1322	1644.800
1172	1645.600
1572	1648.800
1282	1650.200
1792	1651.900
1732	1652.200
1022	1654.900
1782	1656.300
1602	1656.900
1752	1657.200
1342	1657.600
1702	1658.500
1482	1658.700
1502	1659.900
1672	1660.000
1292	1661.200
1012	1661.300
1252	1662.500
1562	1662.900
1312	1663.100
1262	1663.200
1692	1663.400
1622	1663.600
1552	1664.000
1742	1664.300
1762	1665.000
1722	1665.300
1192	1666.400
1112	1666.500
1362	1666.900
1212	1667.000
1522	1667.000
1122	1667.500
1412	1668.100
1532	1668.100
1372	1668.500
1592	1668.500
1152	1668.800
1232	1669.100
1242	1669.300
1222	1670.200
1712	1670.200
1002	1670.300
1072	1670.400
1082	1670.400
1052	1671.300
1032	1671.500
1132	1672.000
1772	1672.300
1202	1672.800
1612	1673.000
1172	1673.100
1632	1673.700
1482	1673.800
1662	1673.800
1422	1674.000
1272	1674.100
1602	1674.300
1472	1674.400
1572	1674.600
1042	1674.900
1452	1675.700
1352	1675.800
1302	1675.900
1642	1676.100
1102	1676.200
1062	1676.800
1342	1677.200
1402	1677.300
1732	1677.300
1682	1677.500
1542	1677.600
1142	1677.800
1792	1677.900
1022	1678.600
1582	1678.700
1282	1679.200
1312	1679.200
1442	1679.300
1162	1679.400
1462	1679.800
1522	1680.000
1332	1680.100
1492	1680.100
1322	1680.300
1782	1680.300
1012	1680.400
1252	1680.500
1502	1680.900
1292	1681.100
1262	1681.500
1592	1682.400
1112	1682.700
1122	1682.900
1242	1682.900
1652	1682.900
1412	1683.000
1092	1683.100
1692	1683.100
1552	1683.200
1622	1683.300
1722	1683.400
1752	1683.400
1432	1683.600
1182	1683.700
1222	1683.800
1152	1684.000
1072	1684.200
1422	1684.200
1672	1684.200
1382	1684.600
1082	1684.700
1032	1684.800
1612	1684.900
1362	1685.200
1762	1685.200
1212	1685.400
1372	1685.500
1172	1685.600
1392	1685.600
1562	1685.700
1702	1685.900
1512	1686.000
1712	1686.000
1202	1686.300
1192	1686.600
1232	1686.600
1472	1686.600
1632	1686.900
1052	1687.100
1742	1687.600
1002	1688.000
1042	1688.400
1602	1688.400
1642	1688.900
1142	1689.000
1682	1689.000
1402	1689.100
1482	1689.100
1132	1689.200
1792	1689.200
1352	1689.300
1452	1689.300
1442	1689.400
1732	1689.700
1302	1689.800
1342	1690.100
1772	1690.100
1022	1690.200
1062	1690.300
1532	1690.300
1522	1690.500
1542	1690.500
1322	1690.600
1572	1690.900
1582	1690.900
1272	1691.300
1782	1691.300
1282	1691.400
1292	1691.400
1332	1691.400
1312	1691.500
1462	1691.500
1662	1691.600
1162	1691.700
1252	1691.700
1492	1692.300
1102	1692.600
1592	1692.700
1552	1692.900
1112	1693.000
1692	1693.000
1412	1693.100
1012	1693.300
1752	1693.300
1242	1693.400
1652	1693.500
1222	1693.800
1262	1693.900
1182	1694.300
1612	1694.300
1432	1694.400
1122	1694.500
1032	1694.600
1362	1694.600
1672	1694.600
1722	1694.600
1072	1694.700
1082	1694.700
1702	1694.700
1712	1694.700
1382	1694.800
1422	1694.800
1092	1694.900
1152	1694.900
1762	1695.300
1622	1695.500
1502	1695.600
1512	1695.800
1562	1695.800
1172	1695.900
1212	1695.900
1392	1696.200
1472	1696.200
1192	1696.300
1372	1696.400
1202	1696.800
1052	1697.100
1352	1697.200
1682	1697.200
1002	1697.400
1042	1697.500
1142	1697.500
1602	1697.500
1632	1697.500
1132	1697.600
1742	1697.700
1232	1697.800
1402	1698.000
1442	1698.000
1642	1698.300
1792	1698.300
1482	1698.400
1302	1698.500
1342	1698.700
1532	1698.700
1062	1698.800
1732	1698.800
1022	1699.100
1572	1699.200
1452	1699.400
1542	1699.700
1292	1699.900
1332	1699.900
1582	1699.900
1772	1700.000
1782	1700.100
1662	1700.200
1252	1700.400
1522	1700.400
1322	1700.500
1162	1700.700
1282	1700.700
1462	1700.700
1312	1700.900
1592	1700.900
1112	1701.400
1552	1701.400
1272	1701.500
1012	1701.700
1412	1701.800
1652	1702.100
1692	1702.100
1752	1702.100
1102	1702.300
1492	1702.300
1702	1702.400
1362	1702.700
1072	1702.800
1222	1702.800
1262	1702.800
1432	1702.800
1122	1702.900
1032	1703.100
1242	1703.100
1612	1703.300
1712	1703.300
1092	1703.400
1152	1703.500
1422	1703.500
1182	1703.600
1082	1703.700
1512	1703.700
1622	1703.700
1722	1703.700
1382	1703.800
1502	1703.800
1762	1703.900
1562	1704.000
1472	1704.300
1672	1704.300
1212	1704.500
1192	1704.600
1172	1704.800
1352	1704.900
1392	1704.900
1132	1705.100
1602	1705.200
1682	1705.200
1202	1705.300
1372	1705.300
1002	1705.400
1052	1705.400
1742	1705.600
1042	1705.700
1142	1705.700
1632	1705.700
1232	1706.000
1732	1706.000
1302	1706.100
1442	1706.100
1482	1706.100
1532	1706.300
1402	1706.500
1792	1706.500
1342	1706.700
1572	1706.700
1062	1706.800
1642	1707.400
1332	1707.500
1582	1707.500
1782	1707.700
1022	1707.800
1292	1707.800
1662	1707.900
1772	1707.900
1452	1708.000
1542	1708.200
1322	1708.300
1252	1708.400
1162	1708.500
1592	1708.500
1312	1708.600
1522	1708.600
1462	1708.900
1012	1709.100
1552	1709.400
1112	1709.500
1282	1709.500
1412	1709.600
1702	1709.600
1272	1709.800
1652	1709.900
1692	1710.100
1102	1710.200
1492	1710.200
1262	1710.400
1432	1710.500
1122	1710.600
1032	1710.700
1362	1710.700
1512	1710.700
1072	1710.800
1092	1710.900
1152	1710.900
1242	1710.900
1422	1710.900
1622	1711.000
1752	1711.000
1382	1711.100
1722	1711.100
1182	1711.200
1712	1711.200
1612	1711.300
1222	1711.400
1762	1711.400
1082	1711.500
1502	1711.700
1562	1711.700
1672	1711.900
1192	1712.000
1352	1712.100
1472	1712.200
1132	1712.300
1212	1712.500
1602	1712.600
1042	1712.900
1172	1712.900
1392	1712.900
1682	1712.900
1742	1712.900
1002	1713.000
1052	1713.000
1202	1713.100
1732	1713.100
1142	1713.300
1632	1713.300
1372	1713.500
1442	1713.500
1232	1713.700
1482	1713.700
1302	1713.900
1572	1713.900
1402	1714.000
1532	1714.000
1062	1714.200
1792	1714.400
1582	1714.700
1782	1714.700
1342	1714.900
1662	1714.900
1332	1715.000
1642	1715.000
1022	1715.400
1772	1715.500
1292	1715.600
1322	1715.600
1452	1715.600
1252	1715.800
1522	1715.800
1542	1715.800
1312	1715.900
1162	1716.000
1462	1716.100
1012	1716.200
1592	1716.300
1702	1716.600
1282	1717.100
1102	1717.200
1552	1717.200
1692	1717.200
1652	1717.300
1262	1717.400
1272	1717.400
1112	1717.500
1412	1717.500
1492	1717.500
1512	1717.600
1032	1717.700
1122	1717.700
1072	1717.900
1432	1718.000
1382	1718.100
1242	1718.200
1422	1718.200
1722	1718.200
1362	1718.300
1092	1718.400
1622	1718.400
1182	1718.500
1612	1718.500
1152	1718.700
1222	1718.700
1712	1718.700
1752	1718.700
1762	1718.800
1082	1718.900
1502	1719.100
1562	1719.100
1672	1719.100
1472	1719.200
1352	1719.400
1132	1719.500
1192	1719.500
1602	1719.500
1212	1719.800
1392	1719.900
1042	1720.000
1742	1720.000
1002	1720.100
1682	1720.100
1172	1720.200
1052	1720.300
1202	1720.300
1442	1720.400
1732	1720.400
1142	1720.700
1482	1720.700
1572	1720.800
1372	1720.900
1632	1720.900
1232	1721.000
1532	1721.200
1302	1721.300
1402	1721.400
1582	1721.500
1062	1721.700
1782	1721.700
1662	1721.800
1332	1722.000
1792	1722.000
1342	1722.100
1642	1722.200
1022	1722.500
1772	1722.600
1452	1722.700
1542	1722.800
1292	1722.900
1522	1722.900
1322	1723.000
1012	1723.200
1162	1723.200
1252	1723.200
1312	1723.200
1462	1723.200
1702	1723.700
1592	1723.800
1282	1724.000
1102	1724.100
1262	1724.200
1512	1724.300
1492	1724.400
1552	1724.400
1652	1724.400
1122	1724.500
1692	1724.500
1112	1724.700
1032	1724.800
1072	1724.800
1272	1725.000
1722	1725.100
1412	1725.200
1432	1725.200
1092	1725.300
1362	1725.300
1382	1725.300
1422	1725.300
1182	1725.400
1242	1725.500
1222	1725.600
1612	1725.700
1622	1725.800
1712	1725.800
1752	1725.800
1672	1725.900
1472	1726.000
1762	1726.000
1082	1726.100
1502	1726.100
1152	1726.200
1562	1726.200
1602	1726.500
1132	1726.600
1192	1726.700
1212	1726.800
1002	1726.900
1392	1726.900
1352	1727.000
1742	1727.000
1172	1727.100
1042	1727.300
1202	1727.400
1442	1727.400
1682	1727.400
1142	1727.500
1052	1727.600
1482	1727.600
1572	1727.800
1232	1727.900
1732	1727.900
1532	1728.100
1372	1728.200
1632	1728.200
1302	1728.300
1402	1728.400
1582	1728.400
1662	1728.600
1782	1728.600
1332	1728.700
1062	1728.900
1342	1729.000
1642	1729.100
1792	1729.200
1772	1729.400
1022	1729.500
1522	1729.600
1542	1729.600
1292	1729.900
1452	1730.000
1252	1730.100
1322	1730.100
1012	1730.200
1312	1730.200
1462	1730.200
1162	1730.300
1702	1730.500
1592	1730.700
1282	1730.800
1262	1730.900
1512	1730.900
1102	1731.100
1122	1731.200
1492	1731.200
1552	1731.200
1652	1731.400
1692	1731.600
1072	1731.800
1722	1731.800
1112	1731.900
1092	1732.100
1362	1732.100
1412	1732.100
1422	1732.100
1032	1732.200
1432	1732.200
1182	1732.300
1272	1732.300
1222	1732.400
1382	1732.400
1752	1732.400
1242	1732.500
1612	1732.600
1622	1732.600
1472	1732.700
1672	1732.800
1712	1732.800
1762	1732.800
1502	1732.900
1152	1733.100
1082	1733.200
1562	1733.300
1602	1733.400
1212	1733.600
1002	1733.700
1132	1733.700
1172	1733.700
1742	1733.700
1392	1733.800
1192	1734.000
1352	1734.000
1042	1734.200
1142	1734.300
1202	1734.300
1442	1734.400
1572	1734.400
1682	1734.400
1232	1734.600
1052	1734.700
1482	1734.800
1532	1734.900
1582	1735.000
1632	1735.100
1302	1735.200
1372	1735.200
1732	1735.200
1402	1735.300
1662	1735.300
1332	1735.500
1782	1735.500
1342	1735.700
1642	1735.900
1062	1736.100
1522	1736.200
1792	1736.200
1022	1736.300
1542	1736.400
1772	1736.700
1292	1736.800
1322	1736.800
1012	1736.900
1462	1736.900
1252	1737.200
1312	1737.200
1702	1737.200
1282	1737.300
1452	1737.300
1162	1737.500
1512	1737.500
1592	1737.600
1262	1737.800
1122	1738.000
1492	1738.000
1552	1738.000
1102	1738.100
1652	1738.100
1072	1738.600
1692	1738.600
1722	1738.600
1362	1738.700
1032	1738.800
1092	1738.800
1412	1738.800
1112	1739.000
1422	1739.000
1432	1739.000
1182	1739.100
1222	1739.200
1382	1739.300
1242	1739.400
1622	1739.400
1752	1739.400
1272	1739.500
1502	1739.500
1612	1739.500
1672	1739.500
1472	1739.600
1762	1739.600
1712	1739.700
1082	1739.900
1152	1739.900
1602	1739.900
1562	1740.100
1212	1740.200
1002	1740.400
1172	1740.500
1132	1740.600
1742	1740.600
1392	1740.700
1142	1740.900
1572	1740.900
1042	1741.100
1192	1741.100
1352	1741.100
1442	1741.100
1202	1741.200
1232	1741.200
1052	1741.300
1682	1741.300
1532	1741.700
1582	1741.700
1632	1741.800
1402	1741.900
1482	1741.900
1662	1742.000
1342	1742.100
1372	1742.100
1302	1742.200
1332	1742.200
1732	1742.200
1782	1742.300
1642	1742.700
1062	1742.800
1522	1742.800
1792	1742.900
1022	1743.000
1542	1743.100
1322	1743.400
1292	1743.500
1012	1743.600
1462	1743.600
1772	1743.700
1282	1743.800
1312	1743.900
1702	1744.200
1252	1744.300
1452	1744.300
1162	1744.400
1512	1744.400
1592	1744.400
1262	1744.500
1492	1744.600
1552	1744.700
1652	1744.700
1102	1744.800
1122	1745.000
1362	1745.200
1072	1745.300
1092	1745.400
1692	1745.400
1722	1745.400
1422	1745.500
1032	1745.600
1112	1745.600
1412	1745.600
1222	1745.800
1182	1745.900
1432	1745.900
1622	1746.000
1242	1746.200
1382	1746.200
1472	1746.200
1502	1746.200
1612	1746.200
1672	1746.200
1272	1746.300
1752	1746.300
1152	1746.400
1762	1746.400
1712	1746.500
1082	1746.600
1602	1746.600
1562	1746.700
1212	1746.900
1002	1747.100
1172	1747.200
1742	1747.200
1132	1747.300
1142	1747.500
1392	1747.500
1572	1747.600
1442	1747.800
1042	1747.900
1192	1747.900
1202	1747.900
1352	1747.900
1052	1748.100
1232	1748.100
1682	1748.100
1582	1748.400
1632	1748.400
1342	1748.500
1402	1748.600
1532	1748.600
1662	1748.600
1482	1748.800
1782	1748.800
1732	1748.900
1302	1749.000
1332	1749.000
1372	1749.000
1062	1749.400
1642	1749.400
1792	1749.400
1522	1749.500
1022	1749.600
1542	1749.800
1322	1750.000
1292	1750.100
1462	1750.200
1772	1750.300
1282	1750.500
1012	1750.600
1312	1750.600
1452	1751.000
1512	1751.000
1592	1751.000
1252	1751.100
1702	1751.100
1552	1751.200
1162	1751.300
1262	1751.300
1492	1751.300
1652	1751.400
1102	1751.600
1122	1751.700
1362	1751.700
1072	1751.800
1092	1751.900
1692	1752.000
1422	1752.100
1722	1752.100
1032	1752.200
1112	1752.200
1412	1752.400
1432	1752.400
1222	1752.500
1622	1752.700
1272	1752.800
1382	1752.800
1472	1752.800
1502	1752.800
1152	1752.900
1182	1752.900
1612	1752.900
1242	1753.000
1672	1753.100
1762	1753.100
1082	1753.200
1712	1753.200
1562	1753.300
1602	1753.300
1752	1753.300
1212	1753.600
1742	1753.800
1002	1753.900
1172	1753.900
1132	1754.000
1142	1754.200
1392	1754.300
1572	1754.300
1192	1754.500
1202	1754.500
1042	1754.600
1052	1754.600
1442	1754.600
1352	1754.700
1682	1754.800
1342	1754.900
1232	1755.000
1532	1755.000
1582	1755.000
1632	1755.000
1662	1755.100
1402	1755.400
1482	1755.400
1332	1755.500
1782	1755.500
1372	1755.600
1732	1755.600
1302	1755.800
1062	1756.000
1792	1756.000
1022	1756.100
1522	1756.100
1642	1756.200
1542	1756.500
1322	1756.600
1292	1756.800
1282	1756.900
1462	1757.000
1772	1757.100
1012	1757.300
1312	1757.300
1512	1757.500
1702	1757.500
1252	1757.600
1452	1757.700
1592	1757.700
1552	1757.800
1492	1757.900
1162	1758.000
1262	1758.000
1652	1758.000
1102	1758.400
1122	1758.400
1362	1758.400
1072	1758.500
1092	1758.500
1422	1758.600
1692	1758.600
1112	1758.700
1722	1758.700
1032	1758.900
1432	1759.000
1222	1759.100
1412	1759.100
1382	1759.300
1272	1759.400
1472	1759.400
1502	1759.400
1612	1759.400
1622	1759.400
1242	1759.500
1152	1759.600
1182	1759.700
1712	1759.800
1762	1759.800
1082	1759.900
1672	1759.900
1562	1760.000
1602	1760.100
1212	1760.200
1752	1760.200
1742	1760.300
1132	1760.400
1172	1760.500
1002	1760.600
1142	1760.800
1572	1760.800
1192	1761.000
1202	1761.000
1392	1761.000
1042	1761.100
1442	1761.200
1052	1761.300
1352	1761.300
1342	1761.400
1682	1761.400
1532	1761.500
1632	1761.500
1582	1761.600
1662	1761.600
1232	1761.700
1732	1762.000
1782	1762.000
1372	1762.100
1402	1762.100
1482	1762.100
1332	1762.200
1062	1762.500
1302	1762.500
1522	1762.600
1022	1762.700
1792	1762.700
1642	1762.900
1542	1763.000
1322	1763.100
1292	1763.300
1462	1763.500
1282	1763.600
1772	1763.700
1312	1763.900
1702	1763.900
1512	1764.000
1252	1764.100
1012	1764.200
1552	1764.200
1452	1764.400
1592	1764.400
1492	1764.500
1162	1764.600
1262	1764.600
1652	1764.700
1102	1764.900
1092	1765.100
1122	1765.100
1362	1765.100
1072	1765.200
1112	1765.200
1422	1765.200
1692	1765.300
1722	1765.300
1032	1765.400
1432	1765.500
1412	1765.600
1222	1765.700
1612	1765.800
1272	1765.900
1472	1765.900
1242	1766.000
1502	1766.000
1622	1766.100
1152	1766.200
1382	1766.200
1672	1766.400
1712	1766.400
1182	1766.500
1762	1766.500
1082	1766.700
1562	1766.700
1212	1766.800
1602	1766.800
1132	1766.900
1742	1766.900
1752	1766.900
1002	1767.000
1172	1767.100
1142	1767.300
1192	1767.400
1572	1767.400
1392	1767.500
1202	1767.600
1042	1767.700
1052	1767.900
1342	1767.900
1442	1767.900
1532	1767.900
1632	1767.900
1352	1768.100
1582	1768.100
1662	1768.200
1682	1768.200
1232	1768.400
1732	1768.400
1372	1768.500
1482	1768.600
1782	1768.600
1402	1768.700
1302	1768.900
1332	1769.000
1062	1769.100
1792	1769.200
1522	1769.300
1022	1769.500
1322	1769.500
1642	1769.500
1542	1769.700
1292	1769.900
1462	1769.900
1772	1770.300
1282	1770.400
1702	1770.400
1512	1770.500
1252	1770.600
1312	1770.600
1552	1770.600
1452	1770.800
1012	1770.900
1592	1770.900
1162	1771.100
1262	1771.100
1652	1771.200
1102	1771.300
1492	1771.300
1122	1771.500
1092	1771.600
1362	1771.700
1422	1771.800
1072	1771.900
1112	1771.900
1722	1771.900
1432	1772.000
1032	1772.200
1412	1772.200
1612	1772.200
1692	1772.300
1222	1772.400
1272	1772.500
1472	1772.500
1502	1772.500
1622	1772.600
1242	1772.800
1152	1772.900
1672	1773.000
1712	1773.000
1182	1773.100
1382	1773.100
1562	1773.100
1742	1773.200
1762	1773.200
1602	1773.300
1082	1773.400
1132	1773.400
1002	1773.500
1212	1773.500
1752	1773.500
1172	1773.800
1192	1773.800
1142	1774.000
1572	1774.000
1042	1774.100
1392	1774.100
1202	1774.200
1632	1774.300
1052	1774.500
1442	1774.500
1532	1774.500
1342	1774.600
1352	1774.600
1662	1774.700
1582	1774.800
1682	1774.800
1482	1774.900
1732	1774.900
1232	1775.000
1782	1775.100
1372	1775.200
1302	1775.300
1402	1775.400
1332	1775.700
1792	1775.700
1062	1775.800
1322	1776.000
1642	1776.000
1022	1776.100
1522	1776.100
1462	1776.300
1542	1776.300
1292	1776.500
1702	1776.800
1282	1776.900
1772	1776.900
1512	1777.000
1552	1777.100
1452	1777.200
1252	1777.300
1312	1777.300
1592	1777.400
1012	1777.500
1102	1777.700
1162	1777.700
1262	1777.700
1492	1777.900
1092	1778.000
1122	1778.000
1652	1778.100
1422	1778.300
1362	1778.400
1722	1778.400
1072	1778.500
1112	1778.600
1432	1778.600
1412	1778.800
1502	1778.900
1612	1778.900
1692	1778.900
1032	1779.000
1272	1779.000
1472	1779.000
1222	1779.200
1622	1779.200
1242	1779.500
1562	1779.500
1712	1779.500
1152	1779.600
1182	1779.700
1382	1779.700
1602	1779.700
1762	1779.700
1742	1779.800
1132	1779.900
1672	1779.900
1082	1780.000
1002	1780.100
1212	1780.100
1752	1780.100
1042	1780.500
1192	1780.500
1172	1780.600
1572	1780.600
1202	1780.700
1632	1780.700
1142	1780.800
1392	1780.800
1052	1780.900
1532	1781.000
1352	1781.200
1442	1781.200
1662	1781.200
1342	1781.300
1232	1781.400
1482	1781.400
1582	1781.400
1682	1781.400
1732	1781.500
1302	1781.800
1782	1781.800
1372	1781.900
1402	1781.900
1792	1782.200
1062	1782.300
1322	1782.400
1332	1782.400
1642	1782.500
1022	1782.700
1522	1782.800
1542	1782.900
1462	1783.100
1292	1783.200
1512	1783.300
1282	1783.400
1772	1783.400
1702	1783.500
1552	1783.700
1252	1783.900
1312	1783.900
1452	1783.900
1592	1783.900
1012	1784.000
1102	1784.200
1262	1784.200
1092	1784.400
1162	1784.400
1492	1784.400
1122	1784.600
1422	1784.800
1652	1784.800
1362	1784.900
1722	1785.000
1072	1785.100
1432	1785.200
1112	1785.300
1502	1785.400
1412	1785.500
1612	1785.500
1622	1785.500
1692	1785.500
1272	1785.700
1472	1785.700
1032	1785.800
1222	1785.900
1712	1785.900
1562	1786.000
1182	1786.200
1742	1786.200
1152	1786.300
1242	1786.300
1762	1786.300
1602	1786.400
1672	1786.400
1382	1786.500
1002	1786.600
1082	1786.600
1132	1786.600
1212	1786.700
1042	1786.800
1752	1786.800
1192	1787.100
1202	1787.200
1172	1787.300
1392	1787.300
1572	1787.300
1632	1787.300
1052	1787.500
1142	1787.500
1532	1787.600
1662	1787.700
1442	1787.800
1682	1787.800
1232	1787.900
1582	1787.900
1342	1788.000
1352	1788.000
1482	1788.000
1302	1788.200
1732	1788.200
1402	1788.300
1782	1788.400
1372	1788.600
1062	1788.800
1332	1788.800
1792	1788.800
1322	1788.900
1642	1789.100
1022	1789.200
1522	1789.500
1542	1789.500
1462	1789.700
1512	1789.700
1282	1789.900
1292	1790.000
1772	1790.000
1702	1790.100
1312	1790.300
1552	1790.300
1252	1790.500
1452	1790.500
1592	1790.500
1012	1790.700
1262	1790.700
1102	1790.800
1092	1790.900
1162	1791.000
1492	1791.000
1122	1791.300
1422	1791.400
1652	1791.400
1362	1791.500
1722	1791.600
1072	1791.700
1432	1791.800
1112	1791.900
1502	1792.000
1612	1792.000
1412	1792.100
1622	1792.100
1272	1792.300
1692	1792.300
1712	1792.300
1222	1792.500
1472	1792.500
1562	1792.500
1032	1792.600
1182	1792.700
1742	1792.800
1132	1793.000
1152	1793.000
1672	1793.000
1002	1793.100
1602	1793.100
1042	1793.200
1082	1793.200
1242	1793.200
1752	1793.200
1212	1793.300
1762	1793.300
1192	1793.400
1382	1793.600
1572	1793.700
1202	1793.900
1632	1793.900
1392	1794.000
1172	1794.100
1142	1794.200
1532	1794.200
1662	1794.200
1052	1794.300
1582	1794.400
1442	1794.500
1682	1794.500
1302	1794.600
1342	1794.600
1232	1794.700
1352	1794.700
1482	1794.700
1732	1794.800
1402	1794.900
1782	1795.000
1372	1795.200
1332	1795.300
1792	1795.400
1062	1795.600
1322	1795.600
1022	1795.700
1642	1795.700
1522	1796.000
1512	1796.100
1542	1796.100
1462	1796.200
1772	1796.400
1282	1796.500
1292	1796.500
1702	1796.500
1312	1796.800
1552	1796.800
1012	1797.100
1252	1797.100
1452	1797.100
1262	1797.200
1592	1797.300
1492	1797.400
1092	1797.600
1102	1797.600
1162	1797.600
1362	1797.900
1652	1797.900
1122	1798.000
1422	1798.000
1072	1798.200
1722	1798.300
1432	1798.500
1502	1798.500
1112	1798.700
1412	1798.700
1612	1798.700
1622	1798.700
1712	1798.800
1562	1799.000
1692	1799.000
1222	1799.100
1272	1799.100
1032	1799.200
1182	1799.200
1472	1799.200
1672	1799.300
1132	1799.500
1152	1799.500
1742	1799.600
1002	1799.700
1042	1799.700
1082	1799.800
1752	1799.800
1242	1799.900
1192	1800.000
1602	1800.000
1212	1800.100
1762	1800.100
1572	1800.200
1382	1800.400
1202	1800.500
1632	1800.500
1392	1800.600
1172	1800.700
1532	1800.800
1052	1800.900
1582	1800.900
1662	1800.900
1342	1801.000
1682	1801.000
1142	1801.100
1302	1801.100
1442	1801.200
1482	1801.300
1232	1801.400
1402	1801.400
1352	1801.600
1732	1801.600
1332	1801.700
1372	1801.800
1782	1801.800
1792	1801.900
1062	1802.100
1322	1802.300
1642	1802.300
1022	1802.400
1522	1802.500
1542	1802.500
1462	1802.700
1512	1802.900
1772	1802.900
1702	1803.000
1292	1803.200
1282	1803.300
1312	1803.300
1552	1803.300
1252	1803.700
1262	1803.700
1012	1803.800
1452	1803.900
1492	1803.900
1592	1804.000
1652	1804.300
1102	1804.400
1162	1804.400
1362	1804.400
1422	1804.500
1092	1804.600
1122	1804.600
1072	1804.800
1502	1805.000
1432	1805.200
1722	1805.200
1612	1805.300
1622	1805.300
1712	1805.400
1112	1805.500
1412	1805.500
1692	1805.500
1562	1805.600
1222	1805.700
1672	1805.700
1472	1805.800
1032	1805.900
1152	1805.900
1182	1805.900
1272	1805.900
1002	1806.300
1132	1806.300
1042	1806.400
1082	1806.400
1742	1806.400
1752	1806.400
1602	1806.500
1242	1806.600
1192	1806.700
1762	1806.700
1572	1806.800
1632	1807.000
1392	1807.100
1202	1807.200
1212	1807.200
1382	1807.200
1172	1807.400
1532	1807.400
1662	1807.400
1052	1807.500
1302	1807.500
1342	1807.500
1582	1807.500
1682	1807.600
1142	1807.800
1442	1808.000
1482	1808.000
1332	1808.100
1402	1808.200
1232	1808.300
1352	1808.300
1732	1808.300
1782	1808.400
1792	1808.500
1372	1808.600
1062	1808.700
1022	1808.900
1522	1808.900
1322	1809.000
1642	1809.100
1462	1809.300
1542	1809.300
1772	1809.400
1512	1809.700
1282	1809.800
1292	1809.800
1702	1809.800
1312	1809.900
1552	1809.900
1012	1810.300
1252	1810.300
1262	1810.300
1492	1810.400
1452	1810.500
1592	1810.700
1652	1810.800
1362	1810.900
1162	1811.000
1422	1811.000
1102	1811.200
1072	1811.300
1092	1811.300
1122	1811.300
1502	1811.400
1432	1811.800
1612	1811.900
1622	1811.900
1712	1811.900
1692	1812.000
1722	1812.000
1112	1812.100
1412	1812.200
1672	1812.200
1562	1812.300
1222	1812.400
1152	1812.500
1272	1812.500
1472	1812.500
1032	1812.600
1182	1812.600
1002	1813.000
1132	1813.000
1602	1813.000
1752	1813.100
1762	1813.100
1082	1813.200
1042	1813.300
1742	1813.300
1192	1813.400
1572	1813.400
1242	1813.500
1632	1813.600
1392	1813.700
1382	1813.800
1202	1813.900
1172	1814.000
1212	1814.000
1302	1814.000
1052	1814.100
1582	1814.100
1662	1814.100
1142	1814.200
1532	1814.200
1682	1814.200
1342	1814.300
1332	1814.500
1442	1814.500
1402	1814.600
1482	1814.600
1782	1814.800
1352	1814.900
1732	1814.900
1232	1815.000
1792	1815.000
1062	1815.200
1372	1815.200
1522	1815.300
1022	1815.600
1322	1815.600
1642	1815.600
1772	1815.800
1542	1815.900
1462	1816.000
1282	1816.100
1512	1816.300
1292	1816.400
1312	1816.400
1552	1816.400
1702	1816.600
1252	1816.800
1452	1816.800
1492	1816.800
1012	1816.900
1262	1817.000
1592	1817.100
1162	1817.400
1362	1817.400
1652	1817.400
1422	1817.500
1102	1817.600
1072	1817.700
1092	1817.800
1122	1817.800
1502	1817.800
1432	1818.200
1612	1818.200
1712	1818.200
1112	1818.300
1622	1818.300
1692	1818.400
1722	1818.400
1412	1818.500
1672	1818.500
1222	1818.600
1272	1818.700
1562	1818.700
1032	1818.800
1152	1818.800
1472	1818.800
1182	1818.900
1132	1819.200
1602	1819.200
1002	1819.300
1752	1819.300
1082	1819.400
1762	1819.400
1042	1819.500
1742	1819.500
1192	1819.700
1572	1819.700
1632	1819.700
1242	1819.800
1392	1819.900
1172	1820.000
1202	1820.000
1382	1820.000
1212	1820.100
1052	1820.200
1302	1820.200
1582	1820.200
1662	1820.200
1142	1820.300
1342	1820.300
1682	1820.300
1442	1820.400
1532	1820.400
1332	1820.500
1482	1820.600
1402	1820.700
1732	1820.800
1782	1820.800
1352	1821.000
1792	1821.000
1232	1821.100
1372	1821.100
1062	1821.200
1522	1821.300
1642	1821.400
1022	1821.500
1322	1821.500
1772	1821.700
1542	1821.800
1462	1821.900
1282	1822.000
1292	1822.200
1552	1822.200
1312	1822.300
1512	1822.300
1702	1822.400
1252	1822.600
1452	1822.600
1012	1822.700
1492	1822.700
1262	1822.800
1592	1822.900
1162	1823.200
1362	1823.300
1422	1823.300
1652	1823.300
1102	1823.500
1072	1823.600
1122	1823.600
1092	1823.700
1502	1823.800
1432	1824.100
1612	1824.100
1712	1824.100
1112	1824.200
1622	1824.200
1692	1824.300
1412	1824.400
1722	1824.400
1672	1824.500
1222	1824.600
1272	1824.600
1152	1824.700
1472	1824.700
1562	1824.700
1032	1824.800
1182	1824.900
1602	1825.100
1132	1825.200
1002	1825.300
1082	1825.300
1752	1825.400
1762	1825.400
1042	1825.500
1742	1825.500
1632	1825.600
1192	1825.800
1202	1825.800
1242	1825.800
1172	1825.900
1392	1825.900
1572	1825.900
1212	1826.000
1382	1826.000
1582	1826.100
1052	1826.200
1302	1826.200
1662	1826.200
1682	1826.200
1142	1826.300
1342	1826.300
1532	1826.300
1332	1826.400
1442	1826.400
1482	1826.600
1782	1826.700
1402	1826.800
1732	1826.800
1352	1827.000
1792	1827.000
1062	1827.100
1372	1827.100
1232	1827.200
1642	1827.300
1022	1827.400
1522	1827.400
1322	1827.500
1772	1827.700
1542	1827.800
1282	1827.900
1462	1828.000
1292	1828.200
1552	1828.200
1512	1828.300
1312	1828.400
1702	1828.400
1452	1828.500
1252	1828.600
1012	1828.700
1262	1828.800
1592	1828.800
1492	1829.000
1162	1829.100
1362	1829.300
1422	1829.300
1652	1829.300
1072	1829.500
1122	1829.500
1102	1829.600
1092	1829.700
1502	1829.700
1432	1830.000
1712	1830.000
1112	1830.100
1612	1830.100
1622	1830.200
1412	1830.300
1692	1830.300
1722	1830.300
1272	1830.500
1152	1830.600
1222	1830.600
1472	1830.600
1562	1830.600
1672	1830.600
1032	1830.700
1182	1830.900
1132	1831.000
1602	1831.000
1002	1831.100
1082	1831.100
1742	1831.300
1752	1831.300
1762	1831.300
1042	1831.400
1632	1831.400
1202	1831.600
1172	1831.700
1192	1831.700
1242	1831.700
1212	1831.800
1382	1831.800
1392	1831.800
1572	1831.900
1582	1831.900
1052	1832.000
1302	1832.000
1662	1832.000
1342	1832.100
1532	1832.100
1682	1832.100
1142	1832.200
1442	1832.200
1332	1832.300
1482	1832.400
1782	1832.500
1732	1832.600
1402	1832.800
1062	1832.900
1352	1832.900
1372	1832.900
1792	1832.900
1232	1833.000
1642	1833.100
1022	1833.200
1322	1833.300
1522	1833.400
1772	1833.600
1282	1833.700
1542	1833.700
1462	1833.900
1552	1834.000
1292	1834.100
1512	1834.200
1702	1834.200
1312	1834.300
1452	1834.400
1252	1834.500
1012	1834.600
1592	1834.600
1262	1834.700
1162	1835.000
1492	1835.100
1362	1835.200
1422	1835.200
1652	1835.200
1072	1835.300
1122	1835.300
1102	1835.500
1502	1835.600
1092	1835.700
1432	1835.900
1712	1836.000
1112	1836.100
1612	1836.100
1412	1836.200
1622	1836.300
1692	1836.300
1722	1836.300
1152	1836.500
1272	1836.500
1222	1836.600
1472	1836.600
1562	1836.600
1672	1836.600
1032	1836.700
1602	1836.900
1082	1837.000
1132	1837.000
1182	1837.000
1002	1837.100
1632	1837.300
1742	1837.300
1762	1837.300
1042	1837.400
1752	1837.400
1172	1837.600
1202	1837.600
1242	1837.700
1192	1837.800
1212	1837.800
1382	1837.800
1392	1837.800
1582	1837.900
1052	1838.000
1572	1838.000
1662	1838.000
1302	1838.100
1342	1838.100
1682	1838.100
1532	1838.200
1142	1838.300
1442	1838.300
1332	1838.400
1482	1838.400
1782	1838.500
1732	1838.600
1062	1838.900
1352	1838.900
1372	1838.900
1402	1839.000
1642	1839.000
1792	1839.000
1022	1839.100
1232	1839.100
1322	1839.200
1522	1839.500
1772	1839.600
1282	1839.700
1542	1839.700
1552	1839.900
1292	1840.000
1462	1840.000
1512	1840.100
1702	1840.100
1312	1840.300
1452	1840.400
1252	1840.500
1592	1840.500
1012	1840.600
1262	1840.700
1162	1841.000
1422	1841.100
1652	1841.100
1122	1841.200
1362	1841.200
1492	1841.200
1072	1841.300
1102	1841.400
1502	1841.600
1092	1841.700
1432	1841.800
1712	1841.900
1112	1842.100
1412	1842.100
1612	1842.100
1692	1842.200
1622	1842.300
1722	1842.300
1152	1842.400
1272	1842.400
1222	1842.500
1562	1842.500
1472	1842.600
1672	1842.600
1032	1842.700
1602	1842.800
1082	1842.900
1002	1843.000
1132	1843.000
1182	1843.000
1632	1843.200
1742	1843.200
1762	1843.200
1042	1843.400
1202	1843.400
1752	1843.400
1172	1843.500
1212	1843.600
1242	1843.700
1382	1843.700
1192	1843.800
1392	1843.800
1582	1843.800
1052	1843.900
1572	1843.900
1662	1843.900
1302	1844.000
1342	1844.100
1442	1844.100
1532	1844.100
1682	1844.100
1142	1844.200
1482	1844.300
1332	1844.400
1782	1844.400
1732	1844.500
1062	1844.800
1372	1844.800
1642	1844.800
1352	1844.900
1792	1844.900
1022	1845.000
1232	1845.000
1322	1845.000
1402	1845.100
1522	1845.400
1542	1845.500
1772	1845.500
1282	1845.700
1552	1845.800
1292	1845.900
1512	1845.900
1702	1845.900
1462	1846.000
1312	1846.200
1452	1846.200
1252	1846.300
1592	1846.300
1012	1846.500
1262	1846.600
1162	1846.900
1122	1847.000
1422	1847.000
1652	1847.000
1072	1847.200
1362	1847.200
1492	1847.300
1102	1847.400
1092	1847.700
1432	1847.700
1502	1847.700
1712	1847.800
1412	1848.000
1612	1848.100
1112	1848.200
1692	1848.200
1152	1848.400
1222	1848.400
1272	1848.400
1622	1848.400
1722	1848.400
1562	1848.500
1472	1848.600
1672	1848.700
1032	1848.800
1602	1848.800
1082	1848.900
1002	1849.000
1182	1849.000
1132	1849.100
1632	1849.200
1742	1849.200
1762	1849.200
1042	1849.400
1202	1849.400
1752	1849.400
1172	1849.500
1212	1849.600
1242	1849.700
1382	1849.700
1052	1849.800
1192	1849.800
1572	1849.800
1582	1849.800
1392	1849.900
1662	1849.900
1302	1850.000
1442	1850.100
1142	1850.200
1342	1850.200
1532	1850.200
1682	1850.200
1482	1850.300
1782	1850.400
1732	1850.500
1332	1850.600
1642	1850.700
1062	1850.800
1372	1850.800
1322	1850.900
1022	1851.000
1792	1851.000
1232	1851.100
1352	1851.100
1402	1851.300
1522	1851.400
1542	1851.500
1772	1851.500
1282	1851.800
1552	1851.800
1702	1851.800
1292	1851.900
1512	1851.900
1252	1852.200
1452	1852.200
1462	1852.200
1312	1852.300
1592	1852.300
1012	1852.500
1262	1852.600
1122	1852.900
1162	1852.900
1422	1852.900
1652	1853.000
1072	1853.200
1362	1853.300
1102	1853.400
1492	1853.400
1092	1853.600
1502	1853.700
1712	1853.700
1432	1853.800
1412	1853.900
1612	1854.100
1112	1854.200
1692	1854.200
1152	1854.400
1272	1854.400
1622	1854.400
1222	1854.500
1562	1854.500
1722	1854.500
1472	1854.600
1602	1854.700
1672	1854.700
1032	1854.800
1082	1854.900
1002	1855.000
1182	1855.000
1132	1855.100
1632	1855.100
1742	1855.100
1762	1855.100
1042	1855.300
1202	1855.300
1172	1855.400
1212	1855.400
1752	1855.400
1382	1855.600
1052	1855.700
1192	1855.700
1242	1855.700
1582	1855.700
1392	1855.800
1572	1855.800
1662	1855.800
1302	1855.900
1442	1856.000
1142	1856.100
1342	1856.100
1532	1856.100
1682	1856.100
1482	1856.200
1782	1856.200
1732	1856.400
1332	1856.500
1372	1856.600
1642	1856.600
1062	1856.700
1322	1856.800
1022	1856.900
1792	1856.900
1232	1857.000
1352	1857.100
1402	1857.300
1542	1857.300
1522	1857.400
1772	1857.400
1702	1857.600
1282	1857.700
1552	1857.700
1512	1857.800
1292	1857.900
1252	1858.000
1452	1858.100
1462	1858.100
1592	1858.100
1312	1858.300
1012	1858.400
1262	1858.400
1122	1858.700
1162	1858.800
1422	1858.800
1652	1858.900
1072	1859.200
1102	1859.300
1362	1859.300
1092	1859.500
1492	1859.500
1502	1859.600
1712	1859.600
1432	1859.800
1412	1859.900
1112	1860.200
1612	1860.200
1692	1860.200
1152	1860.300
1222	1860.400
1272	1860.400
1622	1860.400
1562	1860.500
1472	1860.600
1602	1860.600
1722	1860.600
1672	1860.700
1032	1860.900
1082	1860.900
1002	1861.000
1182	1861.000
1632	1861.000
1132	1861.100
1742	1861.100
1762	1861.100
1042	1861.300
1202	1861.300
1212	1861.300
1172	1861.400
1752	1861.500
1382	1861.600
1582	1861.600
1052	1861.700
1192	1861.700
1242	1861.800
1302	1861.800
1392	1861.800
1572	1861.800
1662	1861.800
1442	1862.000
1532	1862.000
1682	1862.100
1782	1862.100
1142	1862.200
1342	1862.200
1482	1862.200
1332	1862.500
1372	1862.500
1732	1862.500
1642	1862.600
1062	1862.700
1322	1862.800
1022	1862.900
1232	1863.000
1792	1863.000
1352	1863.100
1542	1863.300
1402	1863.400
1702	1863.500
1772	1863.500
1522	1863.600
1282	1863.800
1552	1863.800
1292	1863.900
1512	1863.900
1252	1864.000
1592	1864.000
1452	1864.100
1462	1864.200
1262	1864.300
1312	1864.300
1012	1864.400
1122	1864.600
1162	1864.800
1422	1864.800
1652	1865.000
1072	1865.200
1102	1865.300
1362	1865.400
1502	1865.500
1092	1865.600
1492	1865.600
1712	1865.600
1412	1865.900
1432	1865.900
1112	1866.100
1152	1866.200
1692	1866.200
1612	1866.300
1272	1866.400
1562	1866.400
1622	1866.500
1222	1866.600
1472	1866.600
1602	1866.600
1672	1866.700
1722	1866.700
1002	1867.000
1032	1867.000
1082	1867.000
1182	1867.000
1632	1867.000
1742	1867.000
1132	1867.200
1202	1867.200
1212	1867.200
1762	1867.200
1042	1867.300
1172	1867.400
1382	1867.600
1582	1867.600
1752	1867.600
1052	1867.700
1192	1867.700
1302	1867.800
1572	1867.800
1662	1867.800
1242	1867.900
1392	1867.900
1442	1867.900
1532	1868.000
1142	1868.100
1682	1868.100
1782	1868.100
1342	1868.200
1482	1868.200
1372	1868.400
1642	1868.500
1732	1868.500
1332	1868.600
1062	1868.700
1322	1868.700
1022	1868.800
1232	1868.900
1792	1869.000
1352	1869.100
1542	1869.200
1702	1869.300
1402	1869.400
1772	1869.400
1522	1869.600
1552	1869.700
1282	1869.800
1252	1869.900
1292	1869.900
1512	1869.900
1592	1869.900
1452	1870.100
1262	1870.200
1312	1870.200
1462	1870.200
1012	1870.400
1122	1870.400
1162	1870.700
1422	1870.800
1072	1871.100
1652	1871.100
1102	1871.300
1362	1871.400
1502	1871.400
1092	1871.600
1712	1871.600
1492	1871.700
1412	1871.800
1432	1871.800
1112	1872.100
1152	1872.100
1692	1872.200
1562	1872.300
1272	1872.400
1612	1872.400
1472	1872.600
1602	1872.600
1622	1872.600
1222	1872.700
1672	1872.700
1722	1872.800
1032	1872.900
1632	1872.900
1742	1872.900
1002	1873.000
1082	1873.000
1182	1873.000
1212	1873.100
1132	1873.200
1202	1873.200
1042	1873.300
1172	1873.300
1762	1873.300
1582	1873.500
1382	1873.600
1752	1873.600
1052	1873.700
1192	1873.700
1662	1873.700
1302	1873.800
1442	1873.800
1572	1873.800
1242	1873.900
1142	1874.000
1392	1874.000
1532	1874.000
1682	1874.000
1782	1874.100
1342	1874.200
1482	1874.200
1372	1874.300
1642	1874.400
1332	1874.500
1732	1874.500
1322	1874.600
1022	1874.700
1062	1874.700
1232	1874.900
1792	1875.000
1352	1875.100
1542	1875.200
1702	1875.200
1402	1875.400
1772	1875.400
1552	1875.600
1522	1875.700
1252	1875.800
1592	1875.800
1282	1875.900
1292	1875.900
1512	1875.900
1312	1876.100
1452	1876.100
1262	1876.200
1462	1876.200
1012	1876.300
1122	1876.300
1162	1876.600
1422	1876.800
1072	1877.100
1652	1877.100
1102	1877.300
1362	1877.400
1502	1877.400
1712	1877.500
1092	1877.600
1412	1877.700
1432	1877.700
1492	1877.700
1112	1878.000
1152	1878.000
1692	1878.100
1562	1878.200
1272	1878.400
1472	1878.500
1602	1878.500
1612	1878.500
1222	1878.600
1672	1878.600
1622	1878.700
1632	1878.800
1722	1878.800
1742	1878.800
1032	1878.900
1082	1878.900
1182	1878.900
1212	1878.900
1002	1879.000
1202	1879.100
1132	1879.200
1172	1879.200
1042	1879.300
1762	1879.300
1582	1879.400
1382	1879.500
1752	1879.500
1192	1879.600
1662	1879.600
1052	1879.700
1302	1879.700
1442	1879.700
1242	1879.800
1572	1879.800
1142	1879.900
1532	1879.900
1682	1879.900
1392	1880.000
1782	1880.000
1342	1880.100
1482	1880.100
1372	1880.200
1642	1880.300
1322	1880.400
1732	1880.400
1332	1880.500
1022	1880.600
1062	1880.600
1232	1880.900
1352	1881.000
1702	1881.000
1792	1881.000
1542	1881.100
1402	1881.400
1772	1881.400
1552	1881.500
1252	1881.600
1522	1881.600
1592	1881.600
1282	1881.800
1292	1881.800
1512	1881.900
1312	1882.000
1452	1882.000
1262	1882.100
1462	1882.100
1012	1882.200
1122	1882.300
1162	1882.400
1422	1882.700
1652	1883.000
1072	1883.100
1102	1883.300
1502	1883.300
1362	1883.400
1712	1883.400
1432	1883.500
1092	1883.600
1412	1883.600
1492	1883.700
1112	1883.900
1152	1884.000
1692	1884.000
1562	1884.100
1602	1884.300
1272	1884.400
1472	1884.500
1672	1884.500
1222	1884.600
1612	1884.600
1622	1884.600
1632	1884.700
1742	1884.700
1082	1884.800
1182	1884.800
1212	1884.800
1722	1884.800
1032	1884.900
1002	1885.000
1202	1885.000
1172	1885.100
1132	1885.200
1762	1885.300
1042	1885.400
1582	1885.400
1752	1885.400
1192	1885.500
1382	1885.500
1662	1885.500
1052	1885.600
1242	1885.700
1302	1885.700
1442	1885.700
1142	1885.800
1572	1885.800
1682	1885.800
1782	1885.800
1482	1886.000
1532	1886.000
1342	1886.100
1372	1886.100
1392	1886.100
1642	1886.200
1322	1886.300
1732	1886.300
1022	1886.500
1062	1886.500
1332	1886.500
1232	1886.800
1702	1886.800
1352	1886.900
1792	1886.900
1542	1887.000
1252	1887.400
1402	1887.400
1552	1887.400
1592	1887.400
1772	1887.400
1522	1887.600
1282	1887.700
1292	1887.700
1512	1887.800
1312	1887.900
1452	1887.900
1012	1888.000
1262	1888.000
1462	1888.000
1122	1888.100
1162	1888.300
1422	1888.600
1652	1888.900
1072	1889.000
1102	1889.200
1502	1889.200
1712	1889.200
1362	1889.300
1432	1889.300
1412	1889.500
1092	1889.600
1492	1889.700
1112	1889.800
1692	1889.800
1152	1889.900
1562	1890.000
1602	1890.100
1272	1890.200
1472	1890.400
1672	1890.400
1222	1890.500
1612	1890.500
1622	1890.500
1182	1890.600
1212	1890.600
1632	1890.600
1742	1890.600
1082	1890.700
1722	1890.700
1032	1890.800
1002	1890.900
1172	1890.900
1202	1890.900
1132	1891.200
1762	1891.200
1582	1891.300
1662	1891.300
1752	1891.300
1042	1891.400
1192	1891.400
1382	1891.400
1052	1891.500
1242	1891.600
1302	1891.600
1442	1891.600
1142	1891.700
1572	1891.700
1682	1891.700
1782	1891.700
1532	1891.900
1342	1892.000
1372	1892.000
1392	1892.000
1482	1892.000
1642	1892.100
1322	1892.200
1732	1892.200
1022	1892.300
1062	1892.400
1332	1892.500
1702	1892.600
1232	1892.800
1352	1892.800
1542	1892.800
1792	1892.800
1252	1893.200
1402	1893.300
1552	1893.300
1592	1893.300
1772	1893.300
1292	1893.500
1522	1893.500
1282	1893.600
1312	1893.700
1512	1893.700
1012	1893.800
1452	1893.800
1122	1893.900
1262	1893.900
1462	1894.000
1162	1894.100
1422	1894.500
1652	1894.800
1072	1895.000
1432	1895.100
1502	1895.100
1712	1895.100
1102	1895.200
1362	1895.200
1412	1895.400
1092	1895.500
1112	1895.700
1492	1895.700
1692	1895.700
1152	1895.800
1562	1895.900
1272	1896.000
1602	1896.000
1472	1896.300
1672	1896.300
1212	1896.400
1612	1896.400
1622	1896.400
1182	1896.500
1222	1896.500
1632	1896.500
1742	1896.500
1082	1896.600
1032	1896.700
1202	1896.700
1722	1896.700
1002	1896.800
1172	1896.800
1132	1897.100
1662	1897.100
1762	1897.100
1582	1897.200
1752	1897.200
1042	1897.300
1192	1897.300
1382	1897.300
1052	1897.400
1242	1897.500
1302	1897.500
1442	1897.500
1142	1897.600
1572	1897.600
1682	1897.600
1782	1897.600
1342	1897.900
1372	1897.900
1392	1897.900
1532	1897.900
1642	1897.900
1322	1898.000
1482	1898.000
1022	1898.100
1732	1898.100
1062	1898.300
1702	1898.300
1332	1898.400
1232	1898.700
1352	1898.700
1542	1898.700
1792	1898.700
1252	1899.000
1592	1899.100
1552	1899.200
1772	1899.200
1292	1899.300
1402	1899.300
1282	1899.400
1522	1899.400
1312	1899.500
1012	1899.600
1512	1899.600
1122	1899.700
1262	1899.700
1452	1899.700
1162	1899.900
1462	1899.900
1422	1900.400
1652	1900.700
1432	1900.800
1072	1900.900
1712	1900.900
1502	1901.000
1102	1901.100
1362	1901.100
1412	1901.200
1092	1901.300
1692	1901.500
1112	1901.600
1492	1901.600
1152	1901.700
1562	1901.800
1272	1901.900
1602	1901.900
1212	1902.200
1472	1902.200
1622	1902.200
1672	1902.200
1612	1902.300
1082	1902.400
1182	1902.400
1222	1902.400
1632	1902.400
1742	1902.400
1032	1902.500
1202	1902.500
1002	1902.700
1172	1902.700
1722	1902.700
1662	1902.900
1132	1903.000
1762	1903.000
1582	1903.100
1752	1903.100
1042	1903.200
1192	1903.200
1382	1903.200
1052	1903.300
1302	1903.400
1442	1903.400
1142	1903.500
1242	1903.500
1782	1903.500
1572	1903.600
1682	1903.600
1342	1903.700
1322	1903.800
1372	1903.800
1392	1903.800
1642	1903.800
1022	1903.900
1482	1903.900
1532	1903.900
1702	1904.000
1732	1904.000
1062	1904.200
1332	1904.300
1232	1904.600
1352	1904.600
1542	1904.600
1792	1904.600
1252	1904.900
1592	1904.900
1292	1905.100
1552	1905.100
1772	1905.100
1282	1905.200
1312	1905.300
1402	1905.300
1012	1905.400
1522	1905.400
1122	1905.500
1262	1905.500
1452	1905.500
1512	1905.500
1162	1905.800
1462	1905.800
1422	1906.200
1432	1906.600
1652	1906.600
1712	1906.700
1072	1906.800
1362	1906.900
1502	1906.900
1102	1907.000
1412	1907.000
1092	1907.200
1692	1907.300
1112	1907.400
1152	1907.500
1492	1907.500
1562	1907.600
1272	1907.700
1602	1907.700
1212	1908.000
1472	1908.000
1622	1908.100
1672	1908.100
1082	1908.200
1202	1908.200
1612	1908.200
1632	1908.200
1742	1908.200
1182	1908.300
1222	1908.300
1032	1908.400
1172	1908.500
1002	1908.600
1722	1908.600
1662	1908.700
1132	1908.900
1582	1908.900
1752	1908.900
1762	1908.900
1382	1909.000
1042	1909.100
1052	1909.100
1192	1909.100
1442	1909.200
1302	1909.300
1142	1909.400
1242	1909.400
1782	1909.400
1572	1909.500
1682	1909.500
1322	1909.600
1342	1909.600
1372	1909.600
1022	1909.700
1392	1909.700
1642	1909.700
1702	1909.700
1482	1909.800
1532	1909.900
1732	1910.000
1062	1910.100
1332	1910.100
1792	1910.400
1232	1910.500
1352	1910.500
1542	1910.500
1592	1910.700
1252	1910.800
1292	1910.900
1552	1910.900
1772	1911.000
1282	1911.100
1312	1911.100
1012	1911.200
1122	1911.300
1402	1911.300
1452	1911.300
1262	1911.400
1512	1911.400
1522	1911.400
1162	1911.600
1462	1911.600
1422	1912.000
1432	1912.400
1652	1912.500
1712	1912.500
1072	1912.600
1362	1912.700
1502	1912.700
1412	1912.800
1102	1912.900
1092	1913.100
1692	1913.100
1112	1913.200
1152	1913.300
1492	1913.400
1272	1913.500
1562	1913.500
1602	1913.500
1212	1913.800
1472	1913.800
1082	1913.900
1202	1914.000
1622	1914.000
1632	1914.000
1672	1914.000
1742	1914.000
1612	1914.100
1182	1914.200
1222	1914.200
1032	1914.300
1172	1914.300
1002	1914.400
1662	1914.500
1722	1914.600
1132	1914.700
1582	1914.700
1752	1914.700
1382	1914.800
1762	1914.800
1052	1914.900
1192	1914.900
1042	1915.000
1442	1915.000
1142	1915.200
1302	1915.200
1782	1915.200
1242	1915.300
1322	1915.400
1342	1915.400
1372	1915.400
1572	1915.400
1682	1915.400
1702	1915.400
1022	1915.500
1392	1915.500
1642	1915.500
1482	1915.600
1532	1915.800
1062	1915.900
1332	1915.900
1732	1915.900
1232	1916.300
1352	1916.300
1542	1916.300
1792	1916.300
1592	1916.500
1252	1916.600
1292	1916.700
1552	1916.700
1282	1916.900
1312	1916.900
1772	1916.900
1012	1917.000
1122	1917.100
1452	1917.100
1262	1917.200
1402	1917.300
1512	1917.300
1522	1917.300
1162	1917.400
1462	1917.500
1422	1917.800
1432	1918.200
1652	1918.300
1712	1918.300
1072	1918.400
1502	1918.500
1362	1918.600
1412	1918.600
1102	1918.800
1692	1918.900
1092	1919.000
1112	1919.000
1152	1919.100
1272	1919.300
1492	1919.300
1562	1919.300
1602	1919.300
1082	1919.600
1212	1919.600
1472	1919.600
1202	1919.800
1632	1919.800
1742	1919.800
1672	1919.900
1182	1920.000
1612	1920.000
1622	1920.000
1172	1920.100
1222	1920.100
1002	1920.200
1032	1920.200
1662	1920.300
1132	1920.500
1582	1920.500
1722	1920.500
1382	1920.600
1752	1920.600
1052	1920.700
1192	1920.700
1762	1920.700
1042	1920.800
1442	1920.800
1142	1921.000
1302	1921.100
1702	1921.100
1782	1921.100
1242	1921.200
1322	1921.200
1342	1921.200
1372	1921.200
1022	1921.300
1392	1921.300
1572	1921.300
1642	1921.300
1682	1921.300
1482	1921.400
1332	1921.700
1532	1921.700
1732	1921.700
1062	1921.800
1232	1922.100
1352	1922.200
1542	1922.200
1592	1922.200
1792	1922.200
1252	1922.400
1292	1922.500
1552	1922.500
1012	1922.700
1312	1922.700
1282	1922.800
1772	1922.800
1122	1922.900
1452	1922.900
1262	1923.000
1512	1923.100
1162	1923.200
1402	1923.200
1522	1923.200
1462	1923.300
1422	1923.600
1432	1924.000
1712	1924.000
1652	1924.100
1072	1924.200
1502	1924.300
1412	1924.400
1362	1924.500
1102	1924.700
1692	1924.700
1092	1924.800
1112	1924.800
1152	1924.900
1272	1925.100
1562	1925.100
1602	1925.100
1492	1925.200
1082	1925.400
1212	1925.400
1472	1925.500
1202	1925.600
1632	1925.600
1742	1925.600
1672	1925.800
1172	1925.900
1182	1925.900
1222	1925.900
1612	1925.900
1622	1925.900
1002	1926.000
1032	1926.100
1662	1926.100
1582	1926.300
1132	1926.400
1382	1926.400
1722	1926.400
1052	1926.500
1442	1926.500
1752	1926.500
1192	1926.600
1762	1926.600
1042	1926.700
1702	1926.800
1142	1926.900
1302	1926.900
1782	1926.900
1322	1927.000
1342	1927.000
1372	1927.000
1022	1927.100
1242	1927.100
1642	1927.100
1392	1927.200
1482	1927.200
1572	1927.200
1682	1927.200
1732	1927.500
1332	1927.600
1532	1927.600
1062	1927.700
1592	1927.900
1232	1928.000
1792	1928.000
1352	1928.100
1542	1928.100
1252	1928.200
1292	1928.300
1552	1928.400
1012	1928.500
1312	1928.500
1452	1928.600
1772	1928.600
1122	1928.700
1282	1928.700
1262	1928.800
1512	1928.900
1162	1929.000
1402	1929.100
1462	1929.100
1522	1929.100
1422	1929.400
1712	1929.700
1432	1929.800
1652	1929.900
1072	1930.000
1412	1930.100
1502	1930.100
1362	1930.300
1102	1930.500
1692	1930.500
1092	1930.600
1112	1930.600
1152	1930.700
1562	1930.800
1272	1930.900
1602	1930.900
1492	1931.000
1082	1931.200
1212	1931.200
1472	1931.300
1202	1931.400
1632	1931.400
1742	1931.400
1672	1931.600
1172	1931.700
1222	1931.700
1612	1931.700
1622	1931.700
1002	1931.800
1182	1931.800
1032	1931.900
1662	1931.900
1582	1932.100
1132	1932.200
1382	1932.200
1052	1932.300
1442	1932.300
1722	1932.300
1192	1932.400
1752	1932.400
1762	1932.400
1042	1932.500
1702	1932.500
1142	1932.700
1302	1932.700
1322	1932.700
1782	1932.700
1342	1932.800
1372	1932.800
1022	1932.900
1642	1932.900
1242	1933.000
1392	1933.000
1482	1933.000
1572	1933.000
1682	1933.000
1732	1933.300
1062	1933.500
1332	1933.500
1532	1933.500
1592	1933.600
1792	1933.800
1232	1933.900
1542	1933.900
1252	1934.000
1352	1934.000
1292	1934.100
1552	1934.200
1012	1934.300
1452	1934.300
1312	1934.400
1122	1934.500
1772	1934.500
1262	1934.600
1282	1934.600
1512	1934.600
1162	1934.900
1462	1934.900
1402	1935.000
1522	1935.000
1422	1935.200
1432	1935.500
1712	1935.500
1652	1935.700
1072	1935.800
1412	1935.900
1502	1935.900
1362	1936.100
1102	1936.300
1692	1936.300
1092	1936.400
1112	1936.400
1152	1936.500
1562	1936.500
1272	1936.700
1602	1936.700
1082	1936.900
1492	1936.900
1212	1937.000
1472	1937.100
1202	1937.200
1632	1937.200
1742	1937.200
1172	1937.400
1222	1937.500
1672	1937.500
1002	1937.600
1182	1937.600
1612	1937.600
1622	1937.600
1032	1937.700
1662	1937.700
1582	1937.900
1132	1938.000
1382	1938.000
1052	1938.100
1442	1938.100
1192	1938.200
1702	1938.200
1722	1938.200
1752	1938.200
1762	1938.200
1042	1938.300
1322	1938.400
1142	1938.500
1372	1938.500
1782	1938.500
1302	1938.600
1022	1938.700
1342	1938.700
1642	1938.700
1392	1938.800
1482	1938.800
1572	1938.800
1682	1938.800
1242	1938.900
1732	1939.100
1062	1939.300
1532	1939.300
1592	1939.300
1332	1939.400
1792	1939.600
1232	1939.700
1542	1939.700
1252	1939.800
1292	1939.800
1352	1939.800
1012	1940.000
1552	1940.000
1452	1940.100
1312	1940.200
1122	1940.300
1772	1940.300
1262	1940.400
1512	1940.400
1282	1940.500
1162	1940.700
1462	1940.700
1522	1940.900
1402	1941.000
1422	1941.000
1432	1941.200
1712	1941.300
1652	1941.500
1072	1941.600
1412	1941.700
1502	1941.700
1362	1941.900
1692	1942.100
1092	1942.200
1102	1942.200
1112	1942.200
1152	1942.200
1562	1942.300
1272	1942.400
1602	1942.400
1082	1942.600
1212	1942.800
1472	1942.900
1492	1942.900
1202	1943.000
1632	1943.000
1742	1943.000
1172	1943.200
1002	1943.400
1222	1943.400
1672	1943.400
1032	1943.500
1182	1943.500
1612	1943.500
1622	1943.500
1662	1943.500
1582	1943.700
1132	1943.800
1382	1943.800
1442	1943.900
1702	1943.900
1052	1944.000
1192	1944.000
1752	1944.000
1762	1944.000
1042	1944.100
1322	1944.100
1722	1944.100
1142	1944.300
1372	1944.300
1782	1944.300
1302	1944.400
1642	1944.400
1022	1944.500
1342	1944.600
1392	1944.600
1482	1944.600
1682	1944.600
1572	1944.700
1242	1944.800
1732	1944.900
1592	1945.000
1062	1945.100
1532	1945.100
1332	1945.300
1542	1945.400
1792	1945.400
1232	1945.500
1292	1945.500
1252	1945.600
1012	1945.700
1352	1945.700
1552	1945.800
1452	1945.900
1312	1946.000
1122	1946.100
1772	1946.100
1262	1946.200
1512	1946.200
1282	1946.300
1162	1946.500
1462	1946.500
1422	1946.800
1522	1946.800
1402	1946.900
1432	1947.000
1712	1947.000
1652	1947.200
1072	1947.400
1502	1947.400
1412	1947.500
1362	1947.800
1152	1947.900
1692	1947.900
1092	1948.000
1102	1948.000
1112	1948.000
1562	1948.100
1272	1948.200
1602	1948.200
1082	1948.300
1212	1948.600
1472	1948.700
1202	1948.800
1492	1948.800
1632	1948.800
1742	1948.800
1172	1949.000
1002	1949.200
1672	1949.200
1032	1949.300
1182	1949.300
1222	1949.300
1662	1949.300
1612	1949.400
1622	1949.400
1582	1949.500
1132	1949.600
1382	1949.600
1442	1949.600
1702	1949.700
1052	1949.800
1192	1949.800
1322	1949.800
1752	1949.800
1762	1949.800
1042	1949.900
1722	1950.000
1142	1950.100
1372	1950.100
1782	1950.100
1302	1950.200
1642	1950.200
1022	1950.300
1392	1950.400
1482	1950.400
1682	1950.400
1342	1950.500
1572	1950.600
1242	1950.700
1592	1950.700
1732	1950.700
1062	1950.900
1532	1950.900
1332	1951.200
1542	1951.200
1792	1951.200
1232	1951.300
1252	1951.300
1292	1951.300
1012	1951.400
1352	1951.500
1552	1951.600
1452	1951.700
1312	1951.800
1122	1951.900
1262	1952.000
1772	1952.000
1282	1952.100
1512	1952.100
1162	1952.300
1462	1952.300
1422	1952.600
1522	1952.700
1712	1952.700
1402	1952.800
1432	1952.800
1652	1953.000
1502	1953.100
1072	1953.200
1412	1953.300
1152	1953.600
1362	1953.700
1692	1953.700
1092	1953.800
1102	1953.800
1112	1953.800
1562	1953.800
1602	1953.900
1082	1954.000
1272	1954.000
1212	1954.300
1202	1954.600
1472	1954.600
1492	1954.600
1632	1954.600
1742	1954.600
1172	1954.800
1002	1955.000
1672	1955.000
1032	1955.100
1222	1955.100
1662	1955.100
1182	1955.200
1582	1955.300
1612	1955.300
1622	1955.300
1132	1955.400
1382	1955.400
1442	1955.400
1702	1955.500
1052	1955.600
1192	1955.600
1322	1955.600
1762	1955.600
1752	1955.700
1042	1955.800
1722	1955.800
1142	1955.900
1372	1955.900
1782	1955.900
1302	1956.000
1642	1956.000
1022	1956.100
1482	1956.200
1682	1956.200
1392	1956.300
1342	1956.400
1592	1956.400
1572	1956.500
1732	1956.500
1062	1956.600
1242	1956.600
1532	1956.700
1542	1957.000
1792	1957.000
1012	1957.100
1252	1957.100
1292	1957.100
1332	1957.100
1232	1957.200
1352	1957.400
1552	1957.400
1452	1957.500
1312	1957.600
1122	1957.700
1262	1957.700
1772	1957.800
1282	1957.900
1512	1957.900
1162	1958.100
1462	1958.100
1422	1958.400
1712	1958.400
1432	1958.600
1522	1958.600
1402	1958.700
1652	1958.800
1502	1958.900
1072	1959.000
1412	1959.100
1152	1959.400
1562	1959.500
1692	1959.500
1102	1959.600
1112	1959.600
1362	1959.600
1602	1959.600
1082	1959.700
1092	1959.700
1272	1959.700
1212	1960.000
1202	1960.400
1472	1960.400
1492	1960.400
1632	1960.400
1742	1960.400
1172	1960.600
1002	1960.800
1672	1960.800
1032	1960.900
1222	1960.900
1662	1960.900
1182	1961.000
1582	1961.100
1132	1961.200
1382	1961.200
1442	1961.200
1612	1961.200
1622	1961.200
1702	1961.200
1322	1961.300
1052	1961.400
1192	1961.400
1762	1961.500
1042	1961.600
1142	1961.600
1752	1961.600
1372	1961.700
1722	1961.700
1782	1961.700
1302	1961.800
1642	1961.800
1022	1961.900
1482	1962.000
1682	1962.000
1392	1962.100
1342	1962.200
1592	1962.200
1572	1962.300
1732	1962.300
1062	1962.400
1242	1962.400
1532	1962.500
1542	1962.800
1792	1962.800
1012	1962.900
1252	1962.900
1292	1962.900
1332	1963.000
1232	1963.100
1552	1963.200
1352	1963.300
1452	1963.300
1312	1963.400
1122	1963.500
1262	1963.500
1512	1963.700
1772	1963.700
1282	1963.800
1162	1963.900
1462	1963.900
1422	1964.200
1712	1964.200
1432	1964.400
1522	1964.500
1402	1964.600
1652	1964.600
1502	1964.700
1072	1964.800
1412	1964.800
1152	1965.200
1562	1965.200
1692	1965.200
1602	1965.300
1102	1965.400
1112	1965.400
1272	1965.400
1082	1965.500
1362	1965.500
1092	1965.600
1212	1965.800
1202	1966.100
1472	1966.200
1492	1966.200
1632	1966.200
1742	1966.200
1172	1966.400
1002	1966.600
1032	1966.600
1672	1966.600
1662	1966.700
1182	1966.800
1222	1966.800
1582	1966.900
1702	1966.900
1132	1967.000
1322	1967.000
1382	1967.000
1442	1967.000
1612	1967.100
1622	1967.100
1052	1967.200
1192	1967.200
1042	1967.400
1142	1967.400
1372	1967.400
1762	1967.400
1722	1967.500
1752	1967.500
1782	1967.500
1022	1967.600
1302	1967.600
1642	1967.700
1482	1967.800
1682	1967.800
1392	1967.900
1592	1967.900
1342	1968.000
1572	1968.100
1062	1968.200
1242	1968.200
1732	1968.200
1532	1968.300
1542	1968.600
1792	1968.600
1012	1968.700
1252	1968.700
1292	1968.700
1332	1968.800
1232	1968.900
1552	1969.000
1352	1969.100
1452	1969.100
1312	1969.200
1122	1969.300
1262	1969.300
1512	1969.500
1282	1969.600
1772	1969.600
1162	1969.700
1462	1969.700
1422	1970.000
1712	1970.000
1432	1970.200
1522	1970.400
1652	1970.400
1402	1970.500
1412	1970.500
1502	1970.500
1072	1970.600
1152	1970.900
1562	1970.900
1602	1971.000
1692	1971.000
1112	1971.200
1272	1971.200
1082	1971.300
1102	1971.300
1362	1971.300
1092	1971.500
1212	1971.500
1202	1971.900
1472	1972.000
1492	1972.000
1632	1972.000
1742	1972.000
1172	1972.200
1002	1972.400
1032	1972.400
1662	1972.400
1672	1972.400
1182	1972.600
1222	1972.600
1702	1972.600
1322	1972.700
1582	1972.700
1132	1972.800
1382	1972.800
1442	1972.800
1622	1972.900
1052	1973.000
1192	1973.000
1612	1973.000
1372	1973.100
1042	1973.200
1142	1973.200
1762	1973.200
1022	1973.300
1752	1973.300
1782	1973.300
1302	1973.400
1722	1973.400
1642	1973.500
1482	1973.600
1592	1973.600
1682	1973.600
1392	1973.700
1342	1973.800
1572	1973.900
1062	1974.000
1242	1974.000
1732	1974.100
1532	1974.200
1542	1974.300
1012	1974.400
1252	1974.400
1292	1974.400
1792	1974.400
1332	1974.600
1232	1974.700
1352	1974.800
1552	1974.800
1452	1974.900
1122	1975.000
1312	1975.000
1262	1975.100
1512	1975.200
1162	1975.400
1282	1975.400
1772	1975.400
1462	1975.500
1712	1975.700
1422	1975.800
1432	1976.000
1502	1976.200
1652	1976.200
1412	1976.300
1522	1976.300
1072	1976.400
1402	1976.400
1152	1976.700
1562	1976.700
1602	1976.800
1692	1976.800
1082	1977.000
1112	1977.000
1272	1977.000
1362	1977.100
1102	1977.200
1212	1977.200
1092	1977.400
1202	1977.600
1472	1977.700
1632	1977.800
1742	1977.800
1172	1977.900
1492	1977.900
1662	1978.100
1002	1978.200
1032	1978.200
1672	1978.200
1182	1978.400
1222	1978.400
1322	1978.400
1702	1978.400
1382	1978.500
1582	1978.500
1132	1978.600
1442	1978.600
1052	1978.800
1192	1978.800
1372	1978.800
1622	1978.800
1612	1978.900
1022	1979.000
1042	1979.000
1142	1979.000
1762	1979.000
1782	1979.000
1752	1979.100
1302	1979.200
1722	1979.200
1592	1979.300
1642	1979.300
1482	1979.400
1682	1979.400
1392	1979.500
1342	1979.700
1572	1979.700
1062	1979.800
1242	1979.800
1732	1980.000
1012	1980.100
1252	1980.100
1532	1980.100
1542	1980.100
1292	1980.200
1792	1980.200
1332	1980.400
1232	1980.500
1352	1980.600
1552	1980.600
1122	1980.700
1312	1980.700
1452	1980.700
1262	1980.900
1512	1981.000
1162	1981.100
1772	1981.200
1282	1981.300
1462	1981.300
1712	1981.400
1422	1981.500
1432	1981.700
1502	1981.900
1412	1982.000
1652	1982.000
1072	1982.200
1522	1982.200
1402	1982.300
1152	1982.500
1562	1982.500
1602	1982.600
1692	1982.600
1082	1982.700
1112	1982.800
1272	1982.800
1362	1982.900
1212	1983.000
1102	1983.100
1092	1983.300
1202	1983.300
1472	1983.400
1742	1983.500
1632	1983.600
1172	1983.700
1492	1983.800
1662	1983.900
1032	1984.000
1672	1984.000
1002	1984.100
1322	1984.100
1702	1984.100
1182	1984.200
1222	1984.200
1382	1984.300
1582	1984.300
1132	1984.400
1442	1984.400
1052	1984.600
1192	1984.600
1372	1984.600
1622	1984.600
1022	1984.800
1042	1984.800
1142	1984.800
1612	1984.800
1762	1984.800
1782	1984.800
1752	1984.900
1302	1985.000
1592	1985.000
1642	1985.100
1722	1985.100
1482	1985.200
1682	1985.200
1392	1985.400
1342	1985.500
1062	1985.600
1242	1985.600
1572	1985.600
1012	1985.800
1732	1985.800
1252	1985.900
1532	1985.900
1542	1985.900
1292	1986.000
1792	1986.000
1332	1986.200
1232	1986.300
1352	1986.400
1552	1986.400
1122	1986.500
1312	1986.500
1452	1986.500
1262	1986.700
1162	1986.800
1512	1986.800
1772	1987.000
1282	1987.100
1462	1987.100
1712	1987.100
1422	1987.300
1432	1987.500
1412	1987.700
1502	1987.700
1652	1987.700
1072	1988.000
1522	1988.100
1402	1988.200
1562	1988.200
1152	1988.300
1602	1988.300
1082	1988.400
1692	1988.400
1112	1988.500
1272	1988.600
1212	1988.700
1362	1988.700
1102	1989.000
1202	1989.000
1092	1989.100
1472	1989.100
1742	1989.200
1632	1989.300
1172	1989.500
1662	1989.600
1492	1989.700
1672	1989.700
1032	1989.800
1702	1989.800
1002	1989.900
1322	1989.900
1182	1990.000
1222	1990.000
1382	1990.100
1582	1990.100
1442	1990.200
1132	1990.300
1372	1990.300
1052	1990.400
1192	1990.400
1622	1990.400
1022	1990.600
1042	1990.600
1142	1990.600
1762	1990.600
1782	1990.600
1592	1990.700
1612	1990.700
1752	1990.700
1302	1990.800
1642	1990.900
1482	1991.000
1682	1991.000
1722	1991.000
1342	1991.300
1392	1991.300
1062	1991.400
1572	1991.400
1012	1991.500
1242	1991.500
1732	1991.600
1252	1991.700
1292	1991.700
1542	1991.700
1532	1991.800
1792	1991.800
1232	1992.100
1332	1992.100
1122	1992.200
1552	1992.200
1312	1992.300
1352	1992.300
1452	1992.300
1162	1992.500
1262	1992.500
1512	1992.600
1712	1992.800
1772	1992.800
1282	1992.900
1462	1992.900
1422	1993.100
1432	1993.200
1412	1993.400
1502	1993.400
1652	1993.500
1072	1993.800
1562	1993.900
1522	1994.000
1602	1994.000
1082	1994.100
1152	1994.100
1402	1994.100
1692	1994.100
1112	1994.200
1272	1994.300
1212	1994.400
1362	1994.500
1202	1994.700
1102	1994.800
1092	1994.900
1472	1994.900
1742	1994.900
1632	1995.000
1172	1995.300
1662	1995.300
1672	1995.400
1032	1995.500
1492	1995.500
1702	1995.500
1322	1995.600
1002	1995.700
1222	1995.800
1182	1995.900
1382	1995.900
1582	1995.900
1372	1996.000
1442	1996.000
1132	1996.100
1052	1996.200
1192	1996.200
1622	1996.300
1022	1996.400
1042	1996.400
1142	1996.400
1592	1996.400
1762	1996.400
1782	1996.400
1612	1996.500
1752	1996.500
1302	1996.600
1642	1996.700
1482	1996.800
1682	1996.800
1722	1996.900
1342	1997.100
1012	1997.200
1062	1997.200
1392	1997.200
1572	1997.200
1242	1997.300
1252	1997.400
1292	1997.500
1542	1997.500
1732	1997.500
1792	1997.600
1532	1997.700
1232	1997.800
1122	1997.900
1332	1998.000
1552	1998.000
1312	1998.100
1452	1998.100
1262	1998.200
1352	1998.200
1162	1998.300
1512	1998.400
1712	1998.500
1772	1998.600
1282	1998.700
1462	1998.700
1422	1998.900
1432	1999.000
1412	1999.100
1502	1999.100
1652	1999.300
1072	1999.600
1562	1999.600
1602	1999.700
1082	1999.800
1692	1999.800
1152	1999.900
1522	1999.900
1112	2000.000
1402	2000.000
