# NEST version: UNKNOWN
# RecordingBackendASCII version: 2
sender	time_ms
286	0.100
406	299.300
206	394.100
786	461.400
306	481.200
696	513.100
156	515.000
686	515.700
116	536.000
176	544.500
336	736.000
596	740.200
86	1043.000
36	1049.800
576	1050.200
306	1054.200
786	1054.400
626	1054.600
66	1057.400
396	1059.000
726	1066.700
686	1067.000
416	1067.200
226	1070.700
536	1077.400
276	1079.900
696	1087.100
596	1416.600
786	1507.500
686	1562.000
126	1563.900
216	1564.200
536	1564.200
646	1564.300
266	1564.600
86	1564.700
276	1565.000
306	1565.000
446	1565.000
136	1565.100
356	1565.200
16	1565.600
206	1565.700
436	1565.800
286	1565.900
616	1566.100
516	1566.200
476	1566.300
106	1566.400
6	1566.700
406	1566.700
716	1567.000
746	1567.000
146	1567.100
316	1567.200
486	1567.300
166	1567.400
256	1567.400
636	1567.800
546	1567.900
606	1568.000
466	1568.100
46	1568.200
366	1568.200
666	1568.200
26	1568.400
556	1568.400
76	1568.500
726	1568.500
796	1568.500
176	1568.600
56	1568.700
196	1568.700
386	1568.700
226	1568.800
246	1569.000
456	1569.000
376	1569.100
776	1569.100
236	1569.200
336	1569.200
396	1569.200
756	1569.300
766	1569.300
36	1569.400
346	1569.400
706	1569.400
96	1569.500
496	1569.500
656	1569.500
786	1569.500
116	1569.600
186	1569.600
626	1569.600
596	1569.700
696	1569.700
576	1569.900
156	1570.000
416	1570.000
526	1570.000
426	1570.100
566	1570.100
326	1570.300
66	1570.400
676	1570.500
506	1570.700
586	1570.700
736	1570.700
296	1570.800
686	1571.100
126	1571.600
216	1572.400
86	1572.600
266	1572.700
646	1572.700
536	1572.800
446	1573.000
276	1573.100
306	1573.200
16	1574.200
436	1574.200
356	1574.600
616	1574.600
136	1574.800
406	1574.800
516	1575.200
6	1575.300
146	1575.400
746	1575.400
206	1575.600
256	1575.600
316	1576.300
466	1576.300
286	1576.400
476	1576.400
546	1576.500
486	1576.600
106	1577.000
666	1577.000
606	1577.100
226	1577.200
76	1577.400
166	1577.500
636	1577.500
716	1577.500
246	1577.600
626	1577.600
366	1577.800
776	1577.900
556	1578.000
36	1578.100
726	1578.200
766	1578.400
26	1578.500
46	1578.500
346	1578.500
796	1578.500
786	1578.600
386	1578.700
56	1578.800
336	1578.900
656	1578.900
236	1579.000
426	1579.000
66	1579.100
96	1579.200
196	1579.200
576	1579.200
116	1579.300
706	1579.300
526	1579.400
376	1579.500
496	1579.500
566	1579.500
756	1579.500
596	1579.600
186	1579.700
696	1579.700
456	1579.800
686	1579.800
176	1579.900
396	1579.900
506	1580.000
126	1580.100
156	1580.100
676	1580.300
326	1580.500
296	1580.600
736	1580.600
86	1580.700
416	1580.800
586	1580.800
266	1581.200
646	1581.300
216	1581.400
446	1582.000
276	1582.100
306	1582.100
16	1582.500
536	1582.500
406	1583.500
136	1583.800
356	1583.900
616	1583.900
436	1584.000
146	1584.100
256	1584.100
746	1584.700
6	1585.000
516	1585.400
466	1585.500
206	1585.700
546	1585.700
226	1585.800
606	1586.100
316	1586.600
76	1587.200
666	1587.300
246	1587.400
476	1587.600
106	1587.800
286	1588.100
366	1588.100
776	1588.100
626	1588.200
66	1588.400
166	1588.600
46	1588.800
716	1588.800
486	1589.000
686	1589.200
796	1589.300
26	1589.400
556	1589.400
426	1589.500
336	1589.600
696	1589.700
346	1589.800
126	1590.000
156	1590.000
566	1590.000
636	1590.100
86	1590.200
196	1590.300
506	1590.300
496	1590.400
596	1590.500
216	1590.600
656	1590.600
726	1590.600
176	1590.800
576	1591.000
376	1591.200
236	1591.400
736	1591.400
266	1591.500
396	1591.500
446	1591.500
456	1591.500
36	1591.600
646	1591.600
56	1591.700
386	1591.700
526	1591.700
16	1591.800
96	1591.900
296	1592.000
536	1592.000
116	1592.500
706	1592.600
276	1592.700
306	1592.800
416	1592.900
766	1592.900
786	1592.900
186	1593.000
406	1593.000
756	1593.200
326	1593.300
586	1593.300
146	1593.500
256	1593.600
676	1593.700
356	1593.900
136	1594.200
6	1594.500
436	1594.700
516	1595.200
606	1595.500
746	1596.100
546	1596.300
616	1596.400
226	1596.500
466	1596.800
206	1597.400
316	1597.500
66	1597.900
106	1597.900
366	1598.200
476	1598.200
166	1598.500
286	1599.100
246	1599.300
686	1599.400
506	1599.600
126	1599.700
716	1599.800
76	1599.900
626	1599.900
666	1599.900
696	1600.200
86	1600.400
486	1600.500
776	1600.900
216	1601.000
156	1601.100
656	1601.200
796	1601.200
636	1601.300
16	1601.400
196	1601.500
556	1601.500
26	1601.600
336	1601.600
726	1601.600
536	1601.700
36	1601.800
346	1601.800
386	1602.000
56	1602.100
396	1602.200
566	1602.200
596	1602.200
46	1602.300
96	1602.300
446	1602.300
266	1602.400
736	1602.500
426	1602.600
576	1602.600
176	1602.700
376	1603.000
646	1603.000
356	1603.100
406	1603.400
146	1603.600
496	1603.600
256	1603.700
326	1603.800
186	1603.900
766	1604.000
6	1604.100
136	1604.100
756	1604.100
456	1604.200
676	1604.200
786	1604.200
236	1604.300
516	1604.300
416	1604.400
706	1604.400
276	1604.500
306	1604.600
436	1604.700
116	1604.800
586	1604.900
296	1605.000
526	1605.100
606	1605.100
746	1605.700
616	1606.200
476	1607.000
546	1607.100
106	1607.400
226	1607.600
206	1608.000
466	1608.200
166	1608.800
686	1609.200
126	1609.300
66	1609.500
716	1609.500
316	1609.700
366	1609.800
76	1610.000
506	1610.100
86	1610.300
216	1610.300
666	1610.500
246	1610.700
336	1610.700
486	1610.800
626	1611.300
196	1611.400
346	1612.100
576	1612.100
656	1612.100
776	1612.200
426	1612.500
16	1612.600
286	1612.700
796	1612.700
386	1612.900
636	1613.000
36	1613.200
696	1613.200
736	1613.200
596	1613.400
406	1613.700
446	1613.700
56	1613.800
266	1613.900
96	1614.200
726	1614.200
766	1614.500
156	1614.600
396	1614.600
566	1614.600
756	1614.700
6	1614.800
606	1615.000
456	1615.100
536	1615.200
556	1615.200
706	1615.300
646	1615.400
496	1615.500
46	1615.700
136	1615.700
186	1615.700
326	1615.800
236	1615.900
256	1616.000
26	1616.300
276	1616.300
176	1616.500
146	1616.600
416	1616.600
786	1616.600
356	1616.700
436	1616.700
676	1616.800
586	1616.900
746	1616.900
616	1617.000
306	1617.200
526	1617.600
376	1617.800
516	1617.800
546	1618.100
116	1618.500
466	1618.900
476	1618.900
106	1619.000
76	1619.300
226	1619.500
686	1619.500
296	1619.900
166	1620.000
86	1620.100
246	1620.300
666	1620.300
336	1620.600
716	1620.600
576	1620.800
196	1621.000
206	1621.100
316	1621.100
506	1621.200
626	1621.200
126	1621.700
216	1622.200
366	1622.200
776	1622.200
346	1622.300
286	1622.500
426	1622.600
66	1622.700
796	1622.700
486	1622.900
696	1623.000
596	1623.300
36	1623.400
406	1623.700
6	1623.900
606	1624.100
766	1624.200
446	1624.400
456	1624.400
636	1624.400
156	1624.700
656	1624.800
186	1625.100
556	1625.300
386	1625.400
16	1625.500
396	1625.500
566	1625.500
646	1625.500
706	1625.600
26	1625.700
96	1625.700
236	1625.800
736	1625.800
56	1625.900
496	1625.900
726	1625.900
536	1626.100
756	1626.100
276	1626.300
436	1626.300
266	1626.400
326	1626.400
256	1626.500
136	1626.700
416	1626.700
616	1626.700
46	1626.800
676	1626.900
356	1627.000
586	1627.000
746	1627.000
786	1627.100
376	1627.200
146	1627.400
176	1627.400
526	1627.800
546	1628.100
306	1628.300
466	1628.400
116	1628.500
516	1628.500
76	1628.700
476	1629.600
196	1629.700
576	1629.800
106	1629.900
296	1630.000
226	1630.400
506	1630.400
166	1630.500
666	1630.500
686	1630.600
316	1630.700
246	1630.800
86	1631.000
336	1631.100
126	1631.400
286	1631.400
346	1631.400
716	1631.500
426	1631.700
626	1631.900
206	1632.000
366	1632.000
6	1632.200
216	1632.200
36	1632.400
66	1632.700
796	1632.700
696	1633.000
596	1633.100
446	1633.200
766	1633.300
486	1633.400
776	1633.700
456	1633.800
156	1634.000
636	1634.100
16	1634.200
496	1634.300
566	1634.300
656	1634.500
56	1634.600
406	1634.600
556	1634.600
606	1634.600
706	1634.700
396	1634.800
26	1634.900
276	1634.900
736	1634.900
646	1635.000
96	1635.100
536	1635.100
756	1635.100
236	1635.200
136	1635.300
186	1635.400
266	1635.400
386	1635.400
356	1635.500
746	1635.500
436	1635.600
676	1635.700
616	1635.900
726	1635.900
146	1636.000
786	1636.000
176	1636.300
256	1636.300
416	1636.500
46	1636.700
586	1636.800
326	1636.900
376	1636.900
466	1637.000
526	1637.200
76	1637.600
116	1637.600
546	1637.700
516	1637.900
296	1638.100
306	1638.100
476	1638.100
506	1638.900
106	1639.000
196	1639.100
336	1639.200
576	1639.200
246	1639.300
666	1639.300
686	1639.400
316	1639.600
346	1639.700
716	1640.000
426	1640.100
226	1640.200
86	1640.300
126	1640.300
286	1640.400
366	1640.400
166	1640.600
216	1640.700
36	1640.900
626	1641.100
446	1641.600
6	1641.700
796	1641.700
66	1641.800
206	1641.800
776	1641.800
696	1642.000
766	1642.200
16	1642.300
486	1642.300
636	1642.300
596	1642.400
606	1642.600
496	1642.700
566	1642.700
156	1642.800
736	1642.900
56	1643.000
276	1643.000
236	1643.100
396	1643.200
456	1643.200
406	1643.300
706	1643.400
26	1643.500
136	1643.500
756	1643.500
386	1643.800
186	1643.900
656	1643.900
556	1644.000
96	1644.200
356	1644.200
646	1644.200
676	1644.200
266	1644.300
616	1644.300
726	1644.400
536	1644.500
146	1644.600
176	1644.600
46	1644.900
786	1644.900
256	1645.000
746	1645.100
436	1645.200
586	1645.400
376	1645.500
326	1645.700
466	1645.800
296	1645.900
416	1646.000
516	1646.200
116	1646.300
476	1646.300
306	1646.800
106	1646.900
546	1646.900
526	1647.000
76	1647.100
196	1647.100
246	1647.200
686	1647.300
666	1647.500
336	1647.600
506	1647.600
576	1647.900
346	1648.000
126	1648.100
716	1648.100
426	1648.200
316	1648.300
86	1648.400
226	1648.400
366	1648.600
216	1648.800
286	1648.800
36	1649.100
6	1649.600
166	1649.600
66	1649.700
446	1650.000
626	1650.000
796	1650.000
16	1650.100
206	1650.100
596	1650.200
776	1650.200
496	1650.300
696	1650.300
636	1650.400
766	1650.800
56	1650.900
606	1651.000
736	1651.000
136	1651.200
396	1651.200
456	1651.200
406	1651.500
566	1651.500
706	1651.500
276	1651.600
486	1651.600
156	1651.700
186	1651.800
236	1651.800
386	1651.800
756	1651.900
26	1652.000
676	1652.000
96	1652.100
536	1652.300
616	1652.300
266	1652.500
556	1652.500
176	1652.600
646	1652.600
656	1652.700
146	1652.800
356	1652.800
786	1652.800
256	1652.900
726	1652.900
46	1653.000
746	1653.200
436	1653.300
586	1653.300
376	1653.400
326	1653.500
296	1653.600
416	1654.000
516	1654.200
466	1654.300
476	1654.500
106	1654.600
546	1654.600
306	1654.800
526	1654.900
116	1655.100
336	1655.200
506	1655.200
666	1655.200
686	1655.200
76	1655.300
196	1655.300
246	1655.300
716	1655.600
86	1655.800
226	1655.800
576	1655.800
346	1655.900
126	1656.000
426	1656.200
366	1656.500
316	1656.700
36	1657.200
6	1657.300
286	1657.300
166	1657.400
216	1657.400
66	1657.500
696	1658.000
796	1658.000
496	1658.100
626	1658.100
446	1658.200
206	1658.300
596	1658.300
776	1658.300
16	1658.400
636	1658.600
56	1658.700
766	1658.700
606	1658.800
456	1659.000
136	1659.100
406	1659.100
276	1659.200
396	1659.200
486	1659.300
736	1659.400
706	1659.500
236	1659.600
566	1659.700
386	1659.800
26	1659.900
186	1659.900
96	1660.000
156	1660.000
646	1660.200
756	1660.200
616	1660.300
676	1660.300
146	1660.400
176	1660.400
356	1660.400
266	1660.500
536	1660.500
46	1660.600
256	1660.600
726	1660.700
786	1660.700
656	1660.800
556	1660.900
586	1660.900
746	1660.900
376	1661.100
436	1661.100
296	1661.400
326	1661.700
516	1661.800
416	1661.900
546	1662.200
306	1662.300
466	1662.300
106	1662.400
686	1662.700
76	1662.800
336	1662.800
476	1662.800
86	1663.000
196	1663.000
526	1663.000
116	1663.100
226	1663.100
246	1663.100
506	1663.100
666	1663.200
576	1663.300
716	1663.400
126	1663.700
346	1663.900
316	1664.200
426	1664.200
366	1664.300
286	1664.400
36	1664.700
66	1664.800
216	1665.100
6	1665.200
166	1665.200
696	1665.200
626	1665.400
796	1665.600
446	1665.700
766	1665.700
56	1665.900
206	1665.900
16	1666.000
496	1666.000
606	1666.200
776	1666.200
456	1666.300
636	1666.300
596	1666.500
276	1666.600
406	1666.700
736	1666.800
136	1666.900
486	1666.900
236	1667.300
396	1667.300
646	1667.300
26	1667.400
706	1667.400
156	1667.500
566	1667.500
616	1667.600
96	1667.700
176	1667.700
356	1667.700
386	1667.700
256	1667.900
266	1668.000
726	1668.000
756	1668.000
186	1668.100
746	1668.100
786	1668.100
46	1668.400
676	1668.400
146	1668.500
376	1668.600
436	1668.600
536	1668.600
656	1668.600
556	1669.000
586	1669.000
296	1669.100
516	1669.100
546	1669.200
416	1669.300
466	1669.300
686	1669.600
326	1669.800
86	1669.900
306	1669.900
106	1670.200
336	1670.200
76	1670.300
226	1670.500
666	1670.500
476	1670.600
526	1670.600
576	1670.600
506	1670.700
116	1670.900
196	1670.900
246	1670.900
716	1671.100
346	1671.200
126	1671.300
316	1671.300
286	1671.400
366	1671.600
426	1671.600
66	1672.100
36	1672.200
216	1672.300
696	1672.300
166	1672.400
6	1672.700
626	1672.700
446	1672.800
766	1672.900
796	1672.900
496	1673.200
16	1673.300
56	1673.400
206	1673.700
776	1673.700
606	1673.800
456	1673.900
636	1673.900
276	1674.000
596	1674.000
736	1674.200
406	1674.300
486	1674.300
236	1674.500
646	1674.500
136	1674.600
156	1674.600
396	1674.700
706	1674.700
26	1674.800
96	1674.800
386	1674.800
176	1674.900
256	1674.900
356	1674.900
566	1675.000
726	1675.000
616	1675.100
746	1675.200
266	1675.600
786	1675.600
186	1675.700
376	1675.800
756	1675.800
146	1675.900
46	1676.000
656	1676.000
436	1676.100
466	1676.100
676	1676.100
516	1676.200
536	1676.200
546	1676.200
556	1676.400
296	1676.500
686	1676.700
586	1676.800
86	1676.900
416	1676.900
326	1677.000
336	1677.400
106	1677.500
576	1677.600
306	1677.700
526	1677.800
76	1677.900
666	1677.900
226	1678.000
476	1678.100
116	1678.200
196	1678.200
246	1678.200
506	1678.200
346	1678.300
716	1678.300
286	1678.400
126	1678.500
426	1678.500
316	1678.800
366	1678.900
66	1679.200
216	1679.600
36	1679.700
166	1679.700
446	1679.800
696	1679.800
6	1679.900
796	1680.100
496	1680.300
16	1680.400
56	1680.400
626	1680.400
766	1680.400
606	1680.900
636	1681.000
776	1681.000
206	1681.100
456	1681.200
276	1681.300
406	1681.400
486	1681.400
736	1681.500
596	1681.600
646	1681.600
236	1681.700
706	1681.700
136	1681.800
726	1681.800
96	1681.900
386	1681.900
396	1681.900
356	1682.000
256	1682.100
616	1682.100
26	1682.200
746	1682.200
156	1682.300
176	1682.300
566	1682.300
786	1682.500
266	1682.700
376	1682.800
146	1683.000
186	1683.000
756	1683.000
466	1683.100
516	1683.100
546	1683.200
656	1683.200
46	1683.500
296	1683.500
436	1683.500
676	1683.500
556	1683.700
86	1683.900
536	1683.900
686	1683.900
586	1684.100
326	1684.300
416	1684.300
576	1684.400
336	1684.700
306	1684.800
106	1685.000
666	1685.000
526	1685.100
226	1685.200
506	1685.200
196	1685.300
346	1685.300
76	1685.400
246	1685.400
286	1685.400
476	1685.400
116	1685.500
126	1685.600
426	1685.600
316	1685.800
716	1685.800
366	1686.000
66	1686.200
216	1686.500
166	1686.700
36	1686.800
446	1686.800
6	1686.900
696	1687.200
796	1687.300
16	1687.400
56	1687.400
766	1687.700
496	1687.800
626	1687.800
636	1687.900
776	1688.000
206	1688.100
486	1688.400
606	1688.400
406	1688.500
456	1688.500
646	1688.600
736	1688.700
236	1688.800
596	1688.800
96	1688.900
276	1688.900
726	1688.900
136	1689.000
386	1689.000
706	1689.000
356	1689.100
616	1689.200
396	1689.300
746	1689.300
26	1689.400
256	1689.400
176	1689.500
566	1689.500
156	1689.700
376	1689.700
786	1689.700
146	1689.900
266	1689.900
756	1690.100
516	1690.200
186	1690.300
296	1690.300
546	1690.300
656	1690.500
46	1690.600
466	1690.600
556	1690.800
436	1690.900
676	1690.900
686	1691.000
86	1691.200
576	1691.200
586	1691.200
536	1691.400
326	1691.600
416	1691.700
666	1691.900
306	1692.100
336	1692.100
526	1692.100
106	1692.300
226	1692.300
346	1692.300
506	1692.300
286	1692.400
126	1692.500
196	1692.500
246	1692.500
76	1692.700
116	1692.700
426	1692.700
476	1692.700
316	1692.900
716	1692.900
366	1693.000
66	1693.500
216	1693.500
36	1693.700
446	1693.800
166	1693.900
6	1694.100
696	1694.300
16	1694.400
796	1694.400
56	1694.600
496	1694.700
766	1694.700
636	1694.900
776	1694.900
206	1695.000
626	1695.000
486	1695.300
406	1695.600
456	1695.600
606	1695.600
236	1695.800
596	1695.800
726	1695.900
736	1695.900
646	1696.000
706	1696.000
96	1696.100
356	1696.100
386	1696.100
616	1696.100
136	1696.300
396	1696.300
276	1696.400
256	1696.500
26	1696.600
376	1696.600
566	1696.600
746	1696.600
156	1696.700
786	1696.700
176	1696.800
146	1696.900
266	1696.900
296	1697.200
756	1697.200
186	1697.400
516	1697.400
546	1697.500
46	1697.600
676	1697.600
466	1697.800
436	1697.900
556	1697.900
586	1698.000
576	1698.100
656	1698.100
686	1698.100
86	1698.500
536	1698.700
326	1698.800
336	1698.800
416	1698.900
666	1698.900
306	1699.100
346	1699.100
506	1699.200
226	1699.300
526	1699.300
106	1699.400
126	1699.400
246	1699.500
286	1699.500
196	1699.600
476	1699.700
116	1699.800
316	1699.900
76	1700.000
366	1700.000
426	1700.000
716	1700.100
216	1700.500
66	1700.700
446	1700.700
36	1700.900
166	1701.000
6	1701.100
696	1701.100
16	1701.300
496	1701.500
56	1701.600
776	1701.700
796	1701.700
766	1701.900
206	1702.000
486	1702.200
636	1702.200
626	1702.300
726	1702.600
406	1702.700
596	1702.700
606	1702.700
236	1702.900
456	1702.900
736	1702.900
96	1703.000
386	1703.000
616	1703.000
706	1703.000
646	1703.100
356	1703.200
396	1703.200
136	1703.400
256	1703.400
376	1703.400
566	1703.600
786	1703.700
26	1703.900
176	1703.900
266	1703.900
276	1703.900
156	1704.000
296	1704.000
146	1704.100
746	1704.100
756	1704.100
186	1704.300
46	1704.400
546	1704.400
516	1704.500
676	1704.600
436	1704.800
466	1704.800
586	1704.900
556	1705.000
576	1705.000
656	1705.200
86	1705.600
336	1705.600
536	1705.600
686	1705.600
326	1705.700
306	1705.900
666	1705.900
346	1706.000
506	1706.100
416	1706.200
226	1706.300
286	1706.300
126	1706.400
246	1706.400
106	1706.500
196	1706.500
476	1706.500
526	1706.600
76	1706.700
426	1706.800
116	1706.900
316	1706.900
366	1706.900
716	1707.000
216	1707.400
446	1707.700
66	1707.800
36	1707.900
696	1707.900
166	1708.000
6	1708.100
16	1708.100
56	1708.400
496	1708.500
776	1708.500
796	1708.800
766	1708.900
626	1709.000
206	1709.100
486	1709.300
606	1709.400
636	1709.400
596	1709.500
406	1709.600
616	1709.600
456	1709.700
96	1709.800
236	1709.800
726	1709.800
736	1709.900
386	1710.000
646	1710.000
136	1710.100
376	1710.100
396	1710.100
356	1710.300
706	1710.300
256	1710.400
786	1710.500
566	1710.600
26	1710.900
156	1710.900
176	1710.900
296	1710.900
756	1710.900
266	1711.000
276	1711.000
146	1711.100
186	1711.100
746	1711.100
546	1711.200
46	1711.500
676	1711.500
436	1711.600
516	1711.600
586	1711.700
556	1711.800
576	1711.800
466	1712.100
656	1712.100
86	1712.400
536	1712.400
336	1712.500
686	1712.600
326	1712.700
666	1712.900
246	1713.000
306	1713.000
416	1713.200
126	1713.300
196	1713.300
226	1713.300
346	1713.300
286	1713.400
506	1713.400
76	1713.500
426	1713.500
476	1713.500
106	1713.600
526	1713.800
716	1713.800
116	1714.000
366	1714.000
316	1714.100
216	1714.300
66	1714.600
446	1714.600
696	1714.600
36	1714.700
166	1714.800
6	1715.100
16	1715.100
56	1715.100
776	1715.200
496	1715.600
626	1715.700
766	1715.700
796	1715.700
206	1715.900
596	1716.100
606	1716.100
406	1716.200
616	1716.200
486	1716.400
236	1716.500
456	1716.500
96	1716.600
376	1716.600
636	1716.600
726	1716.600
646	1716.700
136	1716.900
736	1717.000
396	1717.100
706	1717.100
786	1717.100
256	1717.200
386	1717.400
356	1717.500
566	1717.600
176	1717.700
26	1717.800
266	1717.800
296	1717.800
156	1717.900
756	1717.900
146	1718.000
186	1718.000
276	1718.000
746	1718.000
436	1718.400
516	1718.400
556	1718.500
586	1718.500
676	1718.500
46	1718.600
546	1718.600
576	1718.900
336	1719.200
466	1719.200
656	1719.300
86	1719.400
326	1719.400
536	1719.600
686	1719.600
246	1719.700
306	1719.900
666	1719.900
196	1720.100
416	1720.100
76	1720.200
226	1720.300
286	1720.300
426	1720.300
506	1720.300
126	1720.400
106	1720.500
716	1720.500
366	1720.600
476	1720.600
116	1720.700
346	1720.700
526	1720.900
216	1721.100
66	1721.300
316	1721.300
446	1721.400
696	1721.400
166	1721.600
56	1721.800
36	1721.900
776	1721.900
6	1722.000
16	1722.000
626	1722.400
766	1722.400
206	1722.600
496	1722.700
606	1722.700
796	1722.700
596	1722.900
616	1722.900
406	1723.000
486	1723.000
376	1723.100
236	1723.200
726	1723.300
456	1723.400
646	1723.500
96	1723.600
136	1723.600
636	1723.600
256	1723.800
396	1723.800
706	1724.000
736	1724.000
786	1724.200
176	1724.400
356	1724.400
386	1724.400
296	1724.500
566	1724.500
756	1724.600
26	1724.700
186	1724.700
746	1724.700
146	1724.900
156	1725.000
266	1725.000
276	1725.000
516	1725.300
586	1725.300
46	1725.400
436	1725.400
556	1725.400
676	1725.500
546	1725.600
576	1725.800
336	1726.100
466	1726.100
86	1726.200
686	1726.300
326	1726.400
536	1726.400
656	1726.400
246	1726.500
306	1726.600
666	1726.600
76	1726.900
196	1727.100
226	1727.100
286	1727.100
416	1727.100
426	1727.100
126	1727.200
716	1727.200
106	1727.300
366	1727.300
506	1727.300
116	1727.400
476	1727.600
216	1727.800
346	1727.800
526	1727.800
66	1728.100
166	1728.100
316	1728.200
696	1728.200
446	1728.300
36	1728.700
56	1728.700
776	1728.700
16	1728.800
766	1729.000
6	1729.100
626	1729.200
206	1729.300
496	1729.500
606	1729.500
616	1729.500
796	1729.500
376	1729.600
406	1729.700
596	1729.700
486	1729.800
236	1730.000
726	1730.100
646	1730.200
636	1730.300
256	1730.400
96	1730.500
136	1730.500
396	1730.500
456	1730.500
706	1730.800
736	1730.800
386	1730.900
356	1731.100
566	1731.100
746	1731.200
176	1731.300
786	1731.300
296	1731.400
756	1731.400
186	1731.500
26	1731.700
146	1731.700
266	1731.700
156	1731.800
276	1732.000
46	1732.100
586	1732.100
516	1732.200
556	1732.200
676	1732.200
436	1732.400
546	1732.500
86	1732.700
466	1732.800
576	1732.800
686	1732.900
336	1733.000
656	1733.000
326	1733.200
536	1733.300
666	1733.300
306	1733.400
76	1733.500
246	1733.500
226	1733.800
126	1733.900
416	1733.900
426	1733.900
716	1733.900
366	1734.000
506	1734.000
196	1734.100
106	1734.200
286	1734.200
116	1734.300
476	1734.300
216	1734.600
166	1734.700
526	1734.700
316	1734.800
346	1734.900
66	1735.000
446	1735.000
696	1735.100
776	1735.300
16	1735.400
36	1735.400
56	1735.600
766	1735.600
626	1735.800
6	1735.900
206	1735.900
496	1736.100
616	1736.100
406	1736.200
796	1736.200
376	1736.500
486	1736.500
236	1736.600
646	1736.600
596	1736.700
606	1736.700
256	1736.900
636	1737.000
726	1737.000
96	1737.300
136	1737.300
396	1737.300
456	1737.400
736	1737.500
386	1737.600
706	1737.600
566	1737.700
746	1737.700
356	1737.800
786	1738.000
176	1738.100
186	1738.200
296	1738.200
756	1738.200
266	1738.300
26	1738.400
146	1738.400
156	1738.500
46	1738.700
676	1738.800
516	1738.900
586	1739.000
276	1739.100
436	1739.100
546	1739.100
556	1739.100
86	1739.500
336	1739.600
466	1739.600
576	1739.600
656	1739.600
686	1739.600
326	1739.800
666	1739.900
536	1740.000
306	1740.100
76	1740.200
126	1740.400
246	1740.400
416	1740.500
426	1740.500
226	1740.600
506	1740.800
286	1740.900
366	1740.900
716	1740.900
106	1741.000
116	1741.000
196	1741.000
476	1741.000
166	1741.300
216	1741.400
316	1741.400
526	1741.500
446	1741.600
66	1741.800
696	1741.800
16	1741.900
346	1741.900
776	1742.100
36	1742.200
766	1742.200
56	1742.400
626	1742.500
6	1742.600
206	1742.600
496	1742.700
616	1742.700
796	1742.900
486	1743.000
236	1743.100
406	1743.100
646	1743.100
376	1743.200
596	1743.500
256	1743.600
606	1743.600
726	1743.700
736	1743.900
396	1744.000
96	1744.100
136	1744.100
386	1744.100
456	1744.100
636	1744.200
356	1744.400
566	1744.400
706	1744.500
746	1744.500
176	1744.800
186	1744.900
266	1744.900
296	1744.900
756	1744.900
786	1745.000
26	1745.100
146	1745.100
46	1745.300
516	1745.300
676	1745.300
156	1745.400
546	1745.700
556	1745.800
586	1745.800
276	1746.000
436	1746.000
656	1746.000
86	1746.100
336	1746.400
576	1746.400
686	1746.400
326	1746.500
466	1746.500
666	1746.500
76	1746.800
306	1746.800
536	1746.800
246	1747.000
126	1747.100
426	1747.200
416	1747.300
226	1747.400
286	1747.400
366	1747.600
506	1747.600
166	1747.800
196	1747.800
476	1747.800
716	1747.800
106	1747.900
316	1747.900
116	1748.100
216	1748.200
526	1748.200
16	1748.400
346	1748.500
446	1748.600
696	1748.600
66	1748.700
36	1748.900
56	1748.900
776	1748.900
206	1749.000
766	1749.000
6	1749.100
626	1749.100
496	1749.400
616	1749.400
236	1749.500
486	1749.700
646	1749.700
796	1749.700
376	1749.900
406	1750.000
596	1750.200
606	1750.200
256	1750.300
726	1750.300
736	1750.400
386	1750.600
136	1750.700
396	1750.700
96	1750.800
456	1750.800
636	1750.900
706	1750.900
356	1751.000
566	1751.100
746	1751.100
176	1751.500
146	1751.600
186	1751.600
266	1751.600
296	1751.600
26	1751.700
756	1751.700
516	1751.800
46	1751.900
676	1751.900
786	1751.900
156	1752.100
546	1752.400
556	1752.400
586	1752.600
656	1752.600
86	1752.800
276	1752.800
576	1752.900
336	1753.000
436	1753.000
686	1753.200
326	1753.300
466	1753.300
666	1753.300
306	1753.400
536	1753.400
126	1753.600
246	1753.600
76	1753.700
426	1753.700
506	1754.000
226	1754.100
286	1754.100
416	1754.100
366	1754.300
166	1754.400
316	1754.500
476	1754.500
716	1754.500
106	1754.700
116	1754.800
196	1754.800
216	1754.800
16	1755.000
696	1755.000
346	1755.100
526	1755.100
446	1755.200
776	1755.300
66	1755.400
36	1755.500
6	1755.600
56	1755.600
626	1755.600
766	1755.600
206	1755.800
236	1756.000
496	1756.000
616	1756.000
486	1756.100
796	1756.400
646	1756.500
376	1756.600
606	1756.600
256	1756.700
596	1756.800
736	1756.900
386	1757.100
726	1757.100
396	1757.200
406	1757.200
96	1757.300
136	1757.300
706	1757.400
356	1757.500
566	1757.500
456	1757.600
746	1757.600
636	1757.700
26	1758.200
146	1758.200
176	1758.200
186	1758.200
296	1758.300
756	1758.300
266	1758.400
46	1758.500
676	1758.500
156	1758.600
516	1758.600
786	1758.700
546	1759.000
556	1759.000
576	1759.300
656	1759.300
336	1759.500
276	1759.600
586	1759.600
86	1759.700
436	1759.700
326	1759.900
466	1760.000
666	1760.000
686	1760.000
306	1760.100
536	1760.100
426	1760.200
76	1760.300
126	1760.400
246	1760.400
506	1760.500
286	1760.700
166	1760.900
226	1760.900
416	1761.000
366	1761.100
316	1761.200
716	1761.200
106	1761.300
216	1761.300
16	1761.400
476	1761.400
116	1761.500
196	1761.600
696	1761.600
446	1761.700
526	1761.700
346	1761.800
66	1761.900
776	1761.900
56	1762.100
6	1762.200
766	1762.200
36	1762.400
626	1762.400
206	1762.500
486	1762.500
616	1762.500
236	1762.600
496	1762.600
606	1763.000
256	1763.100
376	1763.200
796	1763.200
596	1763.300
646	1763.300
736	1763.300
386	1763.600
396	1763.800
706	1763.800
726	1763.800
136	1763.900
96	1764.000
406	1764.000
356	1764.200
456	1764.200
566	1764.200
746	1764.400
636	1764.500
186	1764.700
296	1764.800
756	1764.800
146	1764.900
176	1764.900
26	1765.000
46	1765.000
266	1765.000
156	1765.200
676	1765.200
516	1765.300
786	1765.400
546	1765.700
556	1765.700
336	1765.900
576	1765.900
656	1765.900
276	1766.300
436	1766.400
86	1766.500
326	1766.500
586	1766.500
666	1766.500
306	1766.600
466	1766.700
536	1766.800
76	1766.900
246	1766.900
426	1766.900
686	1766.900
126	1767.100
506	1767.200
226	1767.300
286	1767.400
166	1767.500
366	1767.600
716	1767.700
106	1767.800
216	1767.800
416	1767.800
16	1767.900
316	1767.900
196	1768.200
446	1768.300
696	1768.300
116	1768.400
476	1768.400
526	1768.400
776	1768.400
66	1768.600
6	1768.800
56	1768.800
766	1768.800
206	1769.000
346	1769.000
486	1769.000
616	1769.000
36	1769.100
626	1769.200
496	1769.300
236	1769.500
606	1769.600
376	1769.700
736	1769.700
256	1769.800
596	1769.800
646	1769.900
796	1769.900
386	1770.000
706	1770.200
726	1770.300
136	1770.400
396	1770.400
406	1770.600
96	1770.700
456	1770.800
356	1771.000
566	1771.000
636	1771.200
186	1771.300
746	1771.300
296	1771.400
46	1771.500
176	1771.500
756	1771.500
146	1771.600
156	1771.600
676	1771.600
266	1771.700
26	1771.800
516	1771.800
546	1772.200
786	1772.300
336	1772.400
576	1772.500
656	1772.600
556	1772.700
276	1772.900
586	1773.000
306	1773.100
666	1773.100
86	1773.200
436	1773.300
536	1773.300
326	1773.500
426	1773.600
686	1773.600
76	1773.700
126	1773.700
246	1773.700
466	1773.800
226	1773.900
506	1773.900
166	1774.000
106	1774.200
286	1774.200
16	1774.400
216	1774.400
366	1774.500
416	1774.500
716	1774.500
316	1774.600
776	1774.800
196	1774.900
66	1775.100
116	1775.100
446	1775.100
476	1775.200
526	1775.200
6	1775.300
696	1775.300
766	1775.300
486	1775.600
56	1775.700
206	1775.700
616	1775.800
626	1775.800
346	1775.900
496	1775.900
36	1776.000
606	1776.000
236	1776.300
376	1776.300
596	1776.300
736	1776.300
256	1776.500
386	1776.500
646	1776.500
796	1776.500
726	1776.800
136	1776.900
706	1776.900
406	1777.000
396	1777.200
96	1777.300
456	1777.400
566	1777.600
356	1777.800
636	1777.900
186	1778.000
296	1778.000
746	1778.000
176	1778.100
676	1778.100
756	1778.100
46	1778.200
156	1778.200
146	1778.300
266	1778.300
516	1778.400
26	1778.700
546	1778.800
336	1779.000
786	1779.100
576	1779.200
656	1779.300
586	1779.400
276	1779.500
556	1779.500
306	1779.600
666	1779.600
436	1779.800
536	1779.800
86	1779.900
126	1780.100
326	1780.200
686	1780.200
76	1780.300
426	1780.400
166	1780.500
226	1780.500
246	1780.500
466	1780.500
106	1780.600
506	1780.700
286	1780.800
216	1781.000
416	1781.100
16	1781.200
776	1781.300
316	1781.400
366	1781.400
716	1781.400
66	1781.600
196	1781.700
526	1781.700
116	1781.800
446	1781.900
476	1782.000
766	1782.000
6	1782.200
486	1782.200
56	1782.300
206	1782.300
696	1782.300
616	1782.400
626	1782.500
346	1782.600
496	1782.700
606	1782.800
236	1782.900
376	1782.900
596	1782.900
736	1782.900
36	1783.000
796	1783.000
256	1783.100
386	1783.100
646	1783.200
726	1783.400
136	1783.500
406	1783.500
706	1783.500
96	1783.800
396	1784.100
456	1784.100
566	1784.200
356	1784.400
636	1784.400
676	1784.500
746	1784.700
176	1784.800
296	1784.800
756	1784.800
186	1784.900
266	1784.900
146	1785.000
156	1785.000
516	1785.000
46	1785.100
26	1785.400
546	1785.400
336	1785.600
576	1785.800
786	1785.800
656	1785.900
586	1786.100
276	1786.200
306	1786.200
666	1786.200
536	1786.300
436	1786.400
556	1786.400
86	1786.500
126	1786.500
326	1786.700
76	1786.900
686	1787.000
106	1787.100
166	1787.100
426	1787.100
226	1787.200
466	1787.200
246	1787.500
506	1787.600
286	1787.700
416	1787.700
216	1787.900
776	1787.900
716	1788.000
16	1788.100
66	1788.100
366	1788.100
526	1788.200
116	1788.400
316	1788.400
196	1788.500
766	1788.500
446	1788.700
476	1788.800
6	1788.900
696	1788.900
56	1789.000
486	1789.000
616	1789.000
206	1789.100
346	1789.200
606	1789.300
626	1789.300
236	1789.400
376	1789.400
496	1789.400
796	1789.400
596	1789.500
736	1789.500
386	1789.700
36	1789.800
256	1789.800
646	1789.800
726	1789.900
406	1790.100
136	1790.200
706	1790.200
96	1790.500
396	1790.800
456	1790.800
566	1790.800
636	1790.900
356	1791.000
676	1791.100
746	1791.300
756	1791.400
176	1791.500
266	1791.500
296	1791.500
516	1791.500
156	1791.600
146	1791.700
46	1791.800
186	1791.800
26	1792.000
336	1792.200
546	1792.300
576	1792.500
786	1792.600
276	1792.700
536	1792.700
586	1792.700
656	1792.800
666	1792.800
306	1792.900
436	1793.000
86	1793.100
126	1793.100
326	1793.200
556	1793.400
76	1793.500
686	1793.500
226	1793.700
166	1793.800
426	1793.800
106	1793.900
246	1794.000
466	1794.000
416	1794.400
776	1794.500
716	1794.600
66	1794.700
216	1794.700
286	1794.700
506	1794.700
366	1794.900
526	1794.900
766	1794.900
16	1795.100
116	1795.100
196	1795.100
316	1795.300
476	1795.300
446	1795.400
6	1795.500
696	1795.500
616	1795.700
56	1795.800
206	1795.800
346	1795.800
606	1795.800
486	1795.900
626	1795.900
796	1796.000
376	1796.100
496	1796.100
596	1796.100
736	1796.100
236	1796.300
386	1796.300
36	1796.400
726	1796.400
256	1796.500
646	1796.500
136	1796.800
406	1796.800
706	1797.000
96	1797.300
396	1797.300
356	1797.500
456	1797.600
566	1797.600
636	1797.600
676	1797.700
746	1797.800
266	1798.000
176	1798.100
756	1798.100
156	1798.200
296	1798.200
516	1798.200
146	1798.400
186	1798.600
26	1798.700
46	1798.800
336	1798.800
546	1799.000
536	1799.100
786	1799.100
276	1799.200
576	1799.300
666	1799.400
306	1799.500
86	1799.600
436	1799.600
586	1799.600
656	1799.700
126	1799.800
76	1800.100
226	1800.200
326	1800.200
686	1800.200
556	1800.300
106	1800.500
166	1800.600
426	1800.600
466	1800.700
246	1800.800
776	1801.000
416	1801.200
66	1801.300
286	1801.300
716	1801.300
366	1801.400
506	1801.400
766	1801.400
526	1801.500
216	1801.600
16	1801.800
196	1801.800
476	1801.800
116	1801.900
316	1801.900
6	1802.100
696	1802.200
346	1802.300
616	1802.300
206	1802.400
446	1802.400
56	1802.500
626	1802.500
796	1802.600
236	1802.700
606	1802.700
496	1802.800
596	1802.800
726	1802.800
736	1802.800
376	1802.900
386	1802.900
486	1802.900
646	1803.000
256	1803.100
36	1803.200
136	1803.400
406	1803.500
356	1804.000
396	1804.000
96	1804.100
706	1804.100
636	1804.300
746	1804.300
456	1804.400
676	1804.400
266	1804.500
566	1804.500
756	1804.600
156	1804.800
176	1804.800
516	1804.800
296	1804.900
146	1805.000
186	1805.100
336	1805.300
26	1805.500
786	1805.500
536	1805.600
46	1805.700
546	1805.700
276	1806.000
576	1806.000
86	1806.200
586	1806.200
666	1806.200
126	1806.400
306	1806.400
436	1806.400
656	1806.500
76	1806.900
226	1806.900
326	1806.900
556	1806.900
686	1807.000
166	1807.200
106	1807.400
246	1807.400
426	1807.400
776	1807.400
466	1807.500
286	1808.000
366	1808.000
716	1808.000
766	1808.000
66	1808.100
416	1808.200
526	1808.200
216	1808.300
476	1808.300
506	1808.300
196	1808.500
316	1808.500
16	1808.600
696	1808.800
6	1808.900
116	1808.900
346	1809.000
616	1809.000
206	1809.100
446	1809.100
236	1809.200
496	1809.300
56	1809.400
486	1809.400
626	1809.400
646	1809.400
726	1809.400
386	1809.500
596	1809.500
796	1809.500
606	1809.600
736	1809.600
36	1809.700
376	1809.700
256	1809.800
136	1810.100
406	1810.200
356	1810.500
396	1810.500
706	1810.800
746	1810.800
266	1810.900
96	1811.000
676	1811.000
566	1811.100
636	1811.100
756	1811.100
456	1811.300
176	1811.400
516	1811.400
156	1811.600
186	1811.600
296	1811.600
146	1811.700
336	1811.900
786	1811.900
536	1812.200
26	1812.300
46	1812.300
546	1812.300
576	1812.600
86	1812.800
276	1812.800
586	1812.800
436	1812.900
666	1812.900
126	1813.100
656	1813.200
226	1813.300
76	1813.400
326	1813.600
556	1813.600
686	1813.600
306	1813.700
166	1813.800
776	1813.800
466	1813.900
426	1814.100
246	1814.200
106	1814.600
766	1814.700
716	1814.800
286	1814.900
366	1814.900
416	1814.900
476	1814.900
66	1815.000
506	1815.000
526	1815.100
216	1815.200
316	1815.200
16	1815.300
196	1815.300
696	1815.500
116	1815.600
346	1815.600
206	1815.700
6	1815.800
616	1815.800
236	1815.900
446	1815.900
496	1815.900
626	1816.000
646	1816.000
486	1816.100
596	1816.100
36	1816.200
726	1816.200
56	1816.300
256	1816.300
376	1816.300
736	1816.300
796	1816.300
606	1816.400
386	1816.500
136	1816.800
406	1816.900
356	1817.000
396	1817.100
746	1817.200
706	1817.500
756	1817.500
96	1817.600
266	1817.600
676	1817.600
566	1817.800
176	1818.000
186	1818.000
456	1818.000
636	1818.100
516	1818.200
146	1818.300
156	1818.300
336	1818.400
786	1818.400
296	1818.500
26	1818.900
46	1818.900
536	1818.900
576	1819.000
546	1819.100
86	1819.200
436	1819.300
586	1819.500
666	1819.500
276	1819.600
656	1819.700
226	1819.900
126	1820.000
76	1820.200
166	1820.300
556	1820.300
686	1820.400
326	1820.500
776	1820.500
426	1820.600
306	1820.700
466	1820.700
246	1821.200
106	1821.400
286	1821.500
476	1821.500
506	1821.600
766	1821.600
366	1821.700
716	1821.700
196	1821.900
216	1821.900
316	1821.900
66	1822.000
416	1822.000
16	1822.100
526	1822.200
696	1822.200
206	1822.300
116	1822.400
346	1822.400
236	1822.500
616	1822.500
6	1822.600
446	1822.600
486	1822.600
646	1822.600
496	1822.700
626	1822.700
596	1822.800
726	1822.800
36	1822.900
256	1823.000
736	1823.000
56	1823.100
376	1823.100
606	1823.100
796	1823.100
386	1823.300
406	1823.400
356	1823.500
396	1823.500
746	1823.500
136	1823.700
756	1824.000
676	1824.100
96	1824.200
706	1824.200
266	1824.300
186	1824.600
566	1824.600
176	1824.800
456	1824.800
636	1824.800
516	1824.900
146	1825.000
156	1825.000
336	1825.100
296	1825.200
786	1825.200
46	1825.500
576	1825.500
26	1825.600
536	1825.600
86	1825.700
546	1825.800
586	1826.100
436	1826.200
276	1826.300
656	1826.300
666	1826.300
226	1826.500
126	1826.700
76	1826.900
556	1826.900
166	1827.000
776	1827.300
326	1827.400
426	1827.400
686	1827.400
306	1827.500
466	1827.700
106	1827.900
286	1828.000
246	1828.200
366	1828.300
476	1828.300
506	1828.300
766	1828.300
316	1828.400
196	1828.600
716	1828.600
216	1828.700
16	1828.900
526	1828.900
66	1829.000
416	1829.000
646	1829.000
116	1829.100
206	1829.100
236	1829.100
486	1829.200
616	1829.200
696	1829.200
346	1829.400
496	1829.400
6	1829.500
446	1829.500
596	1829.500
626	1829.500
736	1829.500
606	1829.600
726	1829.600
36	1829.700
376	1829.700
796	1829.700
256	1829.900
396	1830.000
406	1830.000
356	1830.100
56	1830.200
386	1830.200
746	1830.300
756	1830.400
136	1830.500
676	1830.700
706	1830.700
96	1830.800
266	1830.900
186	1831.300
566	1831.300
636	1831.300
176	1831.400
456	1831.400
516	1831.500
146	1831.600
156	1831.700
336	1831.700
296	1831.900
576	1831.900
786	1831.900
46	1832.100
86	1832.200
26	1832.300
536	1832.300
546	1832.500
586	1832.600
276	1832.900
436	1832.900
656	1832.900
666	1833.000
226	1833.100
126	1833.300
166	1833.500
556	1833.600
76	1833.800
776	1834.000
686	1834.100
326	1834.200
426	1834.200
306	1834.300
106	1834.500
286	1834.600
466	1834.900
246	1835.000
476	1835.000
506	1835.000
316	1835.100
366	1835.100
216	1835.200
716	1835.200
766	1835.300
196	1835.400
646	1835.600
16	1835.700
66	1835.800
116	1835.800
416	1835.800
526	1835.800
206	1835.900
236	1835.900
486	1835.900
696	1836.000
606	1836.100
616	1836.100
736	1836.100
726	1836.200
6	1836.300
346	1836.300
446	1836.300
496	1836.300
596	1836.300
626	1836.300
36	1836.400
376	1836.500
796	1836.500
356	1836.800
396	1836.900
406	1836.900
746	1836.900
756	1836.900
56	1837.000
256	1837.000
386	1837.000
136	1837.100
676	1837.200
96	1837.300
706	1837.300
266	1837.500
636	1837.700
176	1837.900
566	1837.900
186	1838.000
516	1838.000
146	1838.100
456	1838.100
336	1838.200
576	1838.200
156	1838.300
786	1838.600
46	1838.700
296	1838.700
86	1839.000
536	1839.000
586	1839.000
26	1839.100
546	1839.200
436	1839.400
276	1839.500
656	1839.500
666	1839.600
226	1839.900
126	1840.000
166	1840.100
556	1840.300
76	1840.600
686	1840.800
776	1840.800
306	1841.000
426	1841.000
106	1841.100
326	1841.100
286	1841.200
246	1841.600
466	1841.600
506	1841.700
216	1841.800
476	1841.800
716	1841.900
316	1842.000
366	1842.000
196	1842.100
766	1842.200
236	1842.400
66	1842.500
416	1842.600
16	1842.700
116	1842.700
486	1842.700
526	1842.700
696	1842.700
206	1842.800
606	1842.800
646	1842.800
616	1842.900
726	1842.900
736	1842.900
496	1843.000
596	1843.000
6	1843.100
376	1843.100
626	1843.100
796	1843.100
346	1843.200
446	1843.200
36	1843.300
356	1843.500
136	1843.600
386	1843.600
406	1843.600
746	1843.600
396	1843.700
756	1843.700
256	1843.800
56	1843.900
96	1843.900
706	1843.900
266	1844.100
676	1844.100
636	1844.300
566	1844.400
176	1844.500
516	1844.500
576	1844.600
146	1844.700
186	1844.700
336	1844.800
156	1844.900
456	1844.900
786	1845.100
296	1845.300
586	1845.300
46	1845.400
536	1845.500
86	1845.800
436	1845.900
26	1846.000
546	1846.000
276	1846.100
656	1846.200
666	1846.400
126	1846.600
226	1846.600
166	1846.700
76	1847.300
556	1847.300
776	1847.400
686	1847.500
306	1847.600
426	1847.700
106	1847.900
326	1847.900
286	1848.200
246	1848.400
506	1848.400
216	1848.600
466	1848.600
476	1848.600
366	1848.700
716	1848.700
196	1848.900
236	1849.000
316	1849.000
766	1849.000
66	1849.200
606	1849.400
16	1849.500
416	1849.500
526	1849.500
616	1849.500
796	1849.600
6	1849.700
116	1849.700
206	1849.700
486	1849.700
596	1849.700
626	1849.700
726	1849.700
646	1849.800
736	1849.800
376	1849.900
446	1849.900
496	1849.900
696	1849.900
36	1850.000
346	1850.000
136	1850.300
356	1850.300
386	1850.300
406	1850.300
756	1850.400
256	1850.500
396	1850.600
706	1850.600
746	1850.600
56	1850.700
96	1850.800
266	1850.800
676	1850.900
576	1851.000
516	1851.100
566	1851.100
176	1851.200
336	1851.200
146	1851.300
636	1851.300
186	1851.400
156	1851.600
456	1851.600
786	1851.800
586	1851.900
46	1852.000
296	1852.100
536	1852.100
436	1852.300
86	1852.600
546	1852.700
26	1852.800
656	1852.800
276	1852.900
666	1853.000
166	1853.300
226	1853.300
126	1853.400
776	1854.000
76	1854.100
556	1854.200
686	1854.200
426	1854.300
306	1854.400
326	1854.600
106	1854.800
286	1854.900
246	1855.100
506	1855.200
476	1855.400
216	1855.500
366	1855.500
466	1855.600
316	1855.800
716	1855.800
66	1855.900
766	1855.900
236	1856.000
196	1856.100
6	1856.200
606	1856.200
616	1856.200
736	1856.300
796	1856.300
416	1856.400
526	1856.400
626	1856.400
726	1856.400
16	1856.500
116	1856.500
596	1856.500
206	1856.600
376	1856.600
486	1856.700
646	1856.700
696	1856.700
446	1856.800
136	1856.900
346	1856.900
496	1856.900
36	1857.000
406	1857.000
756	1857.100
256	1857.200
356	1857.300
386	1857.300
706	1857.300
396	1857.400
746	1857.400
56	1857.500
566	1857.500
576	1857.500
676	1857.500
96	1857.600
516	1857.600
266	1857.700
336	1857.800
146	1857.900
176	1857.900
186	1857.900
636	1858.000
156	1858.200
456	1858.600
586	1858.600
536	1858.700
786	1858.700
46	1858.800
436	1858.800
296	1858.900
86	1859.100
546	1859.200
276	1859.300
656	1859.500
666	1859.500
26	1859.600
226	1859.900
166	1860.100
126	1860.500
776	1860.800
76	1860.900
686	1861.000
426	1861.100
556	1861.100
326	1861.300
306	1861.400
106	1861.500
286	1861.800
246	1861.900
506	1861.900
366	1862.200
476	1862.300
216	1862.600
316	1862.600
466	1862.600
66	1862.700
716	1862.700
766	1862.700
606	1862.800
616	1862.800
736	1862.800
796	1862.800
6	1862.900
236	1862.900
196	1863.000
626	1863.100
416	1863.200
726	1863.200
116	1863.300
596	1863.300
206	1863.400
526	1863.400
16	1863.500
376	1863.500
646	1863.500
696	1863.500
136	1863.700
406	1863.700
446	1863.700
496	1863.700
36	1863.800
256	1863.800
346	1863.800
486	1863.800
756	1863.800
706	1864.000
356	1864.100
396	1864.100
676	1864.100
516	1864.200
56	1864.300
336	1864.300
386	1864.300
566	1864.300
96	1864.400
146	1864.500
266	1864.500
576	1864.500
746	1864.500
186	1864.700
636	1864.700
156	1864.800
176	1864.800
586	1865.200
436	1865.300
536	1865.300
46	1865.500
86	1865.500
456	1865.500
786	1865.500
296	1865.600
276	1865.800
546	1865.900
666	1866.000
26	1866.200
226	1866.300
656	1866.400
166	1866.700
126	1867.100
776	1867.400
426	1867.800
556	1867.800
686	1867.800
76	1868.100
326	1868.100
106	1868.300
306	1868.400
246	1868.500
286	1868.500
506	1868.700
366	1868.900
476	1869.000
316	1869.300
606	1869.400
616	1869.400
466	1869.500
716	1869.500
236	1869.600
6	1869.700
216	1869.700
736	1869.700
766	1869.700
796	1869.700
66	1869.800
196	1869.900
116	1870.000
626	1870.000
206	1870.100
416	1870.200
726	1870.200
596	1870.300
16	1870.400
346	1870.400
646	1870.400
696	1870.400
756	1870.400
256	1870.500
406	1870.500
496	1870.500
706	1870.500
36	1870.600
376	1870.600
516	1870.600
526	1870.600
136	1870.700
486	1870.700
356	1870.800
446	1870.800
676	1870.800
566	1870.900
396	1871.000
56	1871.100
336	1871.100
96	1871.200
146	1871.200
386	1871.200
746	1871.200
266	1871.300
186	1871.400
636	1871.500
156	1871.600
176	1871.600
576	1871.700
86	1871.900
436	1872.000
536	1872.000
46	1872.200
546	1872.200
586	1872.200
296	1872.300
786	1872.300
276	1872.400
456	1872.500
226	1872.600
666	1872.700
26	1873.100
656	1873.200
166	1873.400
126	1873.700
776	1874.100
556	1874.400
686	1874.400
326	1874.700
426	1874.700
76	1875.000
106	1875.000
246	1875.100
286	1875.300
306	1875.400
476	1875.600
506	1875.600
366	1875.700
606	1876.000
316	1876.100
236	1876.200
466	1876.200
616	1876.200
6	1876.400
766	1876.400
66	1876.500
196	1876.500
716	1876.500
736	1876.500
796	1876.600
216	1876.700
206	1876.900
116	1877.000
726	1877.000
16	1877.100
346	1877.100
626	1877.100
756	1877.100
256	1877.200
416	1877.200
36	1877.300
356	1877.300
596	1877.300
646	1877.300
696	1877.300
706	1877.300
496	1877.400
516	1877.400
486	1877.500
136	1877.600
406	1877.600
526	1877.600
566	1877.600
376	1877.700
676	1877.700
56	1877.800
446	1877.800
386	1877.900
96	1878.000
266	1878.000
396	1878.000
746	1878.000
146	1878.100
336	1878.100
186	1878.200
176	1878.300
636	1878.300
86	1878.400
156	1878.400
576	1878.400
436	1878.600
536	1878.700
546	1878.700
296	1878.800
46	1878.900
276	1878.900
586	1879.000
786	1879.100
226	1879.200
666	1879.200
456	1879.300
26	1879.800
656	1880.000
166	1880.100
126	1880.200
776	1880.700
556	1881.100
326	1881.200
426	1881.200
686	1881.300
106	1881.700
246	1881.700
76	1881.900
286	1881.900
306	1882.200
476	1882.200
506	1882.400
366	1882.500
606	1882.800
316	1882.900
466	1882.900
236	1883.000
196	1883.100
616	1883.100
736	1883.100
766	1883.100
6	1883.200
796	1883.200
66	1883.400
726	1883.600
16	1883.800
116	1883.800
216	1883.800
346	1883.800
716	1883.800
206	1883.900
256	1883.900
36	1884.000
416	1884.000
516	1884.000
756	1884.000
356	1884.100
496	1884.100
706	1884.100
596	1884.200
626	1884.200
696	1884.200
486	1884.300
566	1884.300
646	1884.300
676	1884.400
136	1884.500
376	1884.500
406	1884.500
526	1884.600
56	1884.700
396	1884.700
746	1884.700
96	1884.800
186	1884.800
446	1884.800
266	1884.900
386	1884.900
146	1885.000
176	1885.000
336	1885.000
436	1885.100
576	1885.100
86	1885.200
156	1885.200
636	1885.200
546	1885.300
276	1885.500
296	1885.500
536	1885.500
46	1885.700
786	1885.700
666	1885.800
226	1885.900
586	1885.900
456	1886.000
656	1886.500
26	1886.700
166	1886.700
126	1887.000
776	1887.100
556	1887.700
326	1887.800
426	1887.800
686	1888.000
246	1888.400
286	1888.500
106	1888.600
76	1888.700
476	1888.700
306	1889.100
506	1889.200
366	1889.300
316	1889.500
606	1889.600
736	1889.700
196	1889.800
466	1889.800
236	1889.900
6	1890.100
616	1890.100
766	1890.100
726	1890.200
796	1890.200
66	1890.300
16	1890.400
216	1890.500
716	1890.500
516	1890.600
116	1890.700
206	1890.700
256	1890.700
416	1890.700
36	1890.800
356	1890.800
496	1890.800
346	1890.900
486	1890.900
626	1890.900
706	1890.900
756	1890.900
596	1891.100
676	1891.100
696	1891.100
136	1891.200
376	1891.200
566	1891.200
186	1891.400
396	1891.400
406	1891.400
526	1891.400
646	1891.400
56	1891.500
266	1891.500
386	1891.500
96	1891.600
446	1891.600
746	1891.600
176	1891.700
86	1891.800
146	1891.800
156	1891.800
436	1891.900
576	1891.900
636	1891.900
276	1892.000
546	1892.000
336	1892.100
46	1892.200
296	1892.200
536	1892.200
786	1892.200
666	1892.500
226	1892.600
456	1892.600
586	1892.700
166	1893.200
656	1893.300
26	1893.500
126	1893.500
776	1893.700
556	1894.200
326	1894.300
426	1894.400
686	1894.700
246	1895.200
286	1895.200
106	1895.300
76	1895.500
476	1895.500
366	1895.800
306	1895.900
316	1896.100
506	1896.200
606	1896.300
736	1896.400
196	1896.500
466	1896.500
6	1896.800
236	1896.800
796	1896.800
16	1896.900
726	1896.900
66	1897.000
716	1897.200
766	1897.200
416	1897.400
496	1897.400
616	1897.400
116	1897.500
206	1897.500
216	1897.500
256	1897.500
756	1897.500
346	1897.600
356	1897.600
626	1897.600
36	1897.700
136	1897.700
676	1897.700
486	1897.800
706	1897.800
376	1897.900
516	1897.900
696	1897.900
186	1898.000
56	1898.100
596	1898.100
406	1898.200
526	1898.200
566	1898.200
86	1898.300
96	1898.300
176	1898.300
266	1898.300
386	1898.300
396	1898.300
446	1898.300
646	1898.300
146	1898.500
576	1898.500
276	1898.600
336	1898.600
636	1898.600
746	1898.600
156	1898.700
436	1898.700
536	1898.800
546	1898.800
46	1898.900
786	1898.900
296	1899.000
226	1899.100
456	1899.100
666	1899.100
586	1899.300
166	1899.700
26	1900.000
656	1900.000
126	1900.100
776	1900.400
326	1900.900
556	1900.900
426	1901.100
686	1901.200
286	1901.800
106	1902.000
246	1902.000
476	1902.200
76	1902.400
366	1902.400
306	1902.600
606	1902.900
316	1903.000
196	1903.100
466	1903.100
736	1903.100
506	1903.200
16	1903.400
236	1903.600
796	1903.600
66	1903.700
726	1903.700
6	1903.800
756	1904.000
116	1904.100
256	1904.100
496	1904.100
716	1904.100
206	1904.200
416	1904.200
616	1904.200
676	1904.200
766	1904.200
346	1904.300
626	1904.300
136	1904.400
356	1904.400
486	1904.400
36	1904.500
216	1904.500
376	1904.600
56	1904.700
186	1904.700
596	1904.700
706	1904.700
386	1904.800
516	1904.800
646	1904.800
86	1904.900
96	1904.900
406	1904.900
696	1904.900
176	1905.000
446	1905.000
526	1905.000
566	1905.000
146	1905.100
266	1905.100
576	1905.100
336	1905.200
396	1905.200
746	1905.200
636	1905.300
156	1905.400
276	1905.400
546	1905.400
296	1905.500
436	1905.500
536	1905.500
786	1905.500
46	1905.600
456	1905.600
226	1905.800
586	1905.800
666	1905.800
166	1906.300
26	1906.500
656	1906.500
126	1906.600
776	1906.900
326	1907.400
686	1907.600
426	1907.700
556	1907.700
286	1908.300
106	1908.500
246	1908.600
366	1908.700
476	1908.800
76	1909.000
306	1909.400
606	1909.400
316	1909.600
466	1909.700
196	1909.800
506	1909.800
736	1909.800
16	1909.900
796	1910.200
66	1910.300
236	1910.300
6	1910.600
726	1910.600
256	1910.700
626	1910.700
756	1910.700
416	1910.800
496	1910.800
616	1910.800
676	1910.800
116	1910.900
136	1910.900
206	1910.900
346	1910.900
356	1910.900
376	1911.000
766	1911.000
216	1911.100
716	1911.100
96	1911.200
486	1911.200
36	1911.300
56	1911.300
186	1911.300
596	1911.300
706	1911.300
176	1911.400
406	1911.400
696	1911.400
386	1911.500
646	1911.500
86	1911.600
566	1911.600
146	1911.700
266	1911.700
336	1911.700
446	1911.700
516	1911.700
576	1911.700
746	1911.700
396	1911.800
546	1911.800
636	1911.800
156	1911.900
276	1911.900
456	1911.900
526	1911.900
296	1912.000
436	1912.000
536	1912.100
786	1912.100
226	1912.200
666	1912.200
586	1912.300
46	1912.400
166	1912.600
26	1912.800
656	1913.000
126	1913.100
776	1913.500
686	1913.800
326	1913.900
426	1914.000
556	1914.400
106	1914.900
286	1914.900
246	1915.100
366	1915.100
476	1915.400
76	1915.500
606	1915.800
316	1916.000
306	1916.100
16	1916.300
196	1916.300
466	1916.300
506	1916.300
736	1916.400
66	1916.600
796	1916.600
236	1916.800
6	1916.900
256	1917.100
756	1917.100
616	1917.200
626	1917.200
416	1917.300
676	1917.300
726	1917.300
766	1917.300
136	1917.400
206	1917.400
346	1917.400
496	1917.400
96	1917.500
116	1917.500
216	1917.600
356	1917.600
36	1917.700
376	1917.700
406	1917.700
186	1917.800
596	1917.800
696	1917.800
706	1917.800
716	1917.800
56	1917.900
176	1917.900
386	1917.900
486	1917.900
566	1917.900
86	1918.000
336	1918.000
576	1918.000
146	1918.100
266	1918.100
446	1918.100
546	1918.100
636	1918.100
646	1918.100
276	1918.200
396	1918.200
746	1918.200
296	1918.300
456	1918.300
516	1918.300
156	1918.400
436	1918.400
226	1918.500
526	1918.500
536	1918.500
666	1918.600
786	1918.600
586	1918.700
46	1919.000
166	1919.000
26	1919.100
126	1919.300
656	1919.400
776	1919.700
686	1920.100
326	1920.200
426	1920.500
556	1920.900
106	1921.200
286	1921.300
366	1921.300
246	1921.600
476	1921.700
76	1921.900
606	1922.100
316	1922.400
196	1922.600
306	1922.600
506	1922.700
736	1922.700
16	1922.800
466	1922.800
66	1922.900
796	1923.100
236	1923.200
6	1923.300
626	1923.400
256	1923.500
766	1923.500
616	1923.600
206	1923.700
346	1923.700
496	1923.700
676	1923.700
756	1923.700
136	1923.800
116	1923.900
406	1923.900
416	1923.900
726	1923.900
96	1924.000
36	1924.100
216	1924.100
356	1924.100
376	1924.100
716	1924.100
186	1924.200
386	1924.200
566	1924.200
576	1924.200
696	1924.200
56	1924.300
86	1924.300
176	1924.300
266	1924.300
336	1924.300
446	1924.300
596	1924.300
706	1924.300
546	1924.400
146	1924.500
486	1924.500
636	1924.500
646	1924.500
276	1924.600
296	1924.600
396	1924.600
226	1924.700
436	1924.700
456	1924.700
746	1924.700
156	1924.800
516	1924.800
526	1924.900
536	1924.900
586	1924.900
666	1924.900
786	1925.000
26	1925.300
46	1925.300
166	1925.300
126	1925.400
656	1925.700
776	1925.900
686	1926.300
326	1926.400
426	1926.700
556	1927.000
106	1927.500
366	1927.600
246	1927.700
286	1927.700
476	1927.800
76	1928.200
606	1928.300
316	1928.600
196	1928.800
306	1928.900
506	1928.900
736	1928.900
16	1929.000
466	1929.000
66	1929.200
796	1929.300
6	1929.500
236	1929.500
626	1929.600
766	1929.700
256	1929.800
206	1929.900
346	1929.900
616	1929.900
496	1930.000
406	1930.100
676	1930.100
756	1930.100
136	1930.200
416	1930.200
726	1930.200
116	1930.300
36	1930.400
336	1930.400
356	1930.400
446	1930.400
576	1930.400
96	1930.500
266	1930.500
376	1930.500
386	1930.500
566	1930.500
716	1930.500
56	1930.600
86	1930.600
186	1930.600
216	1930.600
646	1930.600
696	1930.600
176	1930.700
486	1930.700
546	1930.700
596	1930.700
706	1930.700
146	1930.800
636	1930.800
226	1930.900
276	1930.900
396	1930.900
436	1930.900
456	1930.900
516	1930.900
746	1930.900
296	1931.000
536	1931.000
156	1931.100
666	1931.100
586	1931.200
786	1931.200
526	1931.400
26	1931.500
46	1931.500
126	1931.500
166	1931.500
656	1931.800
776	1932.000
686	1932.400
326	1932.500
426	1932.700
556	1933.100
106	1933.600
246	1933.700
366	1933.800
286	1933.900
476	1933.900
606	1934.400
76	1934.500
316	1934.700
506	1934.900
196	1935.000
306	1935.100
466	1935.100
736	1935.100
16	1935.200
66	1935.300
796	1935.500
6	1935.600
236	1935.700
626	1935.700
256	1935.900
766	1935.900
206	1936.000
616	1936.000
346	1936.100
496	1936.100
136	1936.200
406	1936.200
676	1936.300
416	1936.400
446	1936.400
726	1936.400
756	1936.400
116	1936.500
336	1936.500
356	1936.500
566	1936.500
576	1936.500
36	1936.600
96	1936.600
266	1936.600
386	1936.600
646	1936.600
86	1936.700
716	1936.700
56	1936.800
176	1936.800
186	1936.800
216	1936.800
376	1936.800
486	1936.800
546	1936.800
636	1936.800
706	1936.800
226	1936.900
276	1936.900
436	1936.900
596	1936.900
696	1936.900
146	1937.000
456	1937.000
516	1937.000
536	1937.000
296	1937.100
396	1937.100
746	1937.100
666	1937.200
156	1937.300
586	1937.400
786	1937.400
26	1937.500
126	1937.500
46	1937.600
166	1937.600
526	1937.600
656	1937.900
776	1938.000
686	1938.300
326	1938.500
426	1938.700
556	1939.200
106	1939.700
246	1939.700
366	1939.900
476	1939.900
286	1940.000
606	1940.400
76	1940.600
316	1940.800
506	1940.900
196	1941.000
466	1941.200
736	1941.200
16	1941.300
306	1941.300
66	1941.400
796	1941.500
6	1941.600
626	1941.800
236	1941.900
256	1941.900
616	1942.000
766	1942.000
346	1942.100
206	1942.200
406	1942.200
136	1942.300
446	1942.300
496	1942.300
676	1942.400
726	1942.400
756	1942.400
336	1942.500
416	1942.500
566	1942.500
576	1942.500
36	1942.600
116	1942.600
266	1942.600
356	1942.600
386	1942.600
646	1942.600
86	1942.700
96	1942.700
546	1942.700
176	1942.800
486	1942.800
636	1942.800
716	1942.800
56	1942.900
146	1942.900
186	1942.900
216	1942.900
226	1942.900
376	1942.900
436	1942.900
696	1942.900
276	1943.000
456	1943.000
516	1943.000
536	1943.000
596	1943.000
706	1943.000
396	1943.100
296	1943.200
666	1943.200
746	1943.200
126	1943.400
586	1943.400
26	1943.500
156	1943.500
166	1943.600
786	1943.600
46	1943.700
526	1943.700
656	1943.800
776	1943.800
686	1944.200
326	1944.500
426	1944.600
556	1945.100
106	1945.600
246	1945.600
366	1945.900
476	1945.900
286	1946.000
606	1946.400
76	1946.600
316	1946.800
506	1946.800
196	1947.000
466	1947.100
16	1947.200
736	1947.300
66	1947.400
306	1947.400
796	1947.400
6	1947.700
256	1947.800
626	1947.800
236	1947.900
616	1947.900
406	1948.000
766	1948.000
346	1948.100
446	1948.100
206	1948.200
136	1948.300
726	1948.300
336	1948.400
496	1948.400
576	1948.400
676	1948.400
756	1948.400
266	1948.500
356	1948.500
416	1948.500
566	1948.500
646	1948.500
36	1948.600
86	1948.600
116	1948.600
386	1948.600
546	1948.600
96	1948.700
716	1948.700
146	1948.800
216	1948.800
226	1948.800
436	1948.800
486	1948.800
636	1948.800
696	1948.800
56	1948.900
176	1948.900
186	1948.900
276	1948.900
516	1948.900
536	1948.900
596	1948.900
376	1949.000
396	1949.000
456	1949.000
296	1949.100
666	1949.100
706	1949.100
746	1949.100
126	1949.300
586	1949.400
26	1949.500
156	1949.500
166	1949.500
526	1949.600
786	1949.600
46	1949.700
656	1949.700
776	1949.700
686	1950.000
326	1950.500
426	1950.500
556	1950.900
106	1951.500
246	1951.500
476	1951.800
286	1951.900
366	1951.900
606	1952.200
76	1952.500
316	1952.700
506	1952.700
196	1952.900
466	1953.000
16	1953.100
736	1953.200
66	1953.300
796	1953.300
306	1953.400
6	1953.600
256	1953.600
626	1953.600
406	1953.800
616	1953.800
236	1953.900
446	1953.900
346	1954.000
766	1954.000
726	1954.100
136	1954.200
206	1954.200
336	1954.300
496	1954.300
266	1954.400
356	1954.400
566	1954.400
576	1954.400
646	1954.400
676	1954.400
756	1954.400
36	1954.500
86	1954.500
116	1954.500
386	1954.500
416	1954.500
546	1954.500
96	1954.600
146	1954.600
716	1954.600
216	1954.700
226	1954.700
436	1954.700
486	1954.700
536	1954.700
56	1954.800
176	1954.800
276	1954.800
396	1954.800
516	1954.800
596	1954.800
636	1954.800
696	1954.800
186	1954.900
376	1955.000
456	1955.000
666	1955.000
746	1955.000
126	1955.100
296	1955.100
706	1955.100
156	1955.300
166	1955.400
526	1955.400
586	1955.400
26	1955.500
656	1955.500
776	1955.500
786	1955.500
46	1955.600
686	1955.800
326	1956.400
426	1956.400
556	1956.700
106	1957.300
246	1957.300
286	1957.700
366	1957.800
476	1957.800
606	1958.000
76	1958.400
316	1958.600
506	1958.600
196	1958.800
466	1958.800
16	1959.000
736	1959.100
66	1959.200
796	1959.200
306	1959.300
256	1959.400
626	1959.400
6	1959.500
406	1959.600
446	1959.600
616	1959.700
236	1959.800
346	1959.900
766	1959.900
726	1960.000
136	1960.100
206	1960.100
336	1960.100
496	1960.200
646	1960.200
86	1960.300
266	1960.300
356	1960.300
546	1960.300
576	1960.300
36	1960.400
116	1960.400
146	1960.400
386	1960.400
416	1960.400
566	1960.400
676	1960.400
756	1960.400
96	1960.500
216	1960.500
226	1960.500
436	1960.500
536	1960.500
716	1960.500
276	1960.600
486	1960.600
396	1960.700
516	1960.700
596	1960.700
696	1960.700
56	1960.800
176	1960.800
186	1960.800
376	1960.800
636	1960.800
666	1960.800
126	1960.900
456	1960.900
746	1960.900
296	1961.000
706	1961.000
156	1961.200
526	1961.200
166	1961.300
656	1961.300
776	1961.300
586	1961.400
786	1961.400
26	1961.500
46	1961.500
686	1961.600
426	1962.200
326	1962.300
556	1962.500
246	1963.000
106	1963.100
286	1963.500
476	1963.600
366	1963.700
606	1963.800
76	1964.400
506	1964.400
316	1964.500
466	1964.600
196	1964.700
16	1964.800
66	1965.000
736	1965.000
796	1965.000
256	1965.200
306	1965.200
626	1965.200
6	1965.300
406	1965.300
446	1965.400
616	1965.500
236	1965.700
346	1965.700
726	1965.800
336	1965.900
766	1965.900
136	1966.000
206	1966.000
646	1966.000
86	1966.100
266	1966.100
496	1966.100
546	1966.100
36	1966.200
146	1966.200
356	1966.200
386	1966.200
416	1966.200
576	1966.200
96	1966.300
116	1966.300
216	1966.300
226	1966.300
436	1966.300
536	1966.300
566	1966.300
676	1966.300
716	1966.300
756	1966.300
276	1966.400
396	1966.500
486	1966.500
126	1966.600
516	1966.600
596	1966.600
666	1966.600
696	1966.600
56	1966.700
176	1966.700
186	1966.700
376	1966.700
636	1966.700
456	1966.800
746	1966.800
296	1966.900
526	1966.900
706	1966.900
156	1967.100
656	1967.100
776	1967.100
166	1967.200
46	1967.300
586	1967.300
686	1967.300
786	1967.300
26	1967.400
426	1968.000
326	1968.200
556	1968.200
246	1968.800
106	1968.900
286	1969.300
476	1969.400
366	1969.500
606	1969.600
76	1970.200
506	1970.200
316	1970.300
466	1970.400
196	1970.500
16	1970.600
66	1970.800
796	1970.900
256	1971.000
406	1971.000
626	1971.000
736	1971.000
6	1971.100
306	1971.100
446	1971.100
616	1971.300
346	1971.500
236	1971.600
726	1971.600
336	1971.700
136	1971.800
206	1971.800
646	1971.800
766	1971.800
266	1971.900
546	1971.900
36	1972.000
86	1972.000
146	1972.000
356	1972.000
386	1972.000
416	1972.000
496	1972.000
576	1972.000
96	1972.100
216	1972.100
226	1972.100
436	1972.100
536	1972.100
116	1972.200
276	1972.200
566	1972.200
676	1972.200
716	1972.200
756	1972.200
396	1972.300
126	1972.400
486	1972.400
516	1972.400
596	1972.400
666	1972.400
176	1972.500
186	1972.500
636	1972.500
696	1972.500
56	1972.600
376	1972.600
746	1972.600
296	1972.700
456	1972.700
526	1972.700
706	1972.700
776	1972.800
656	1972.900
156	1973.000
166	1973.000
686	1973.000
46	1973.100
586	1973.100
786	1973.100
26	1973.300
426	1973.700
556	1973.900
326	1974.100
246	1974.600
106	1974.700
286	1975.100
476	1975.200
366	1975.400
606	1975.400
76	1976.000
506	1976.000
316	1976.100
466	1976.200
196	1976.300
16	1976.400
66	1976.600
406	1976.700
796	1976.700
256	1976.800
446	1976.800
626	1976.800
6	1976.900
306	1977.000
736	1977.000
616	1977.100
346	1977.300
726	1977.400
236	1977.500
336	1977.500
136	1977.600
206	1977.600
546	1977.600
646	1977.600
266	1977.700
766	1977.700
36	1977.800
86	1977.800
146	1977.800
356	1977.800
386	1977.800
416	1977.800
576	1977.800
96	1977.900
216	1977.900
226	1977.900
436	1977.900
496	1977.900
536	1977.900
116	1978.000
276	1978.000
566	1978.000
126	1978.100
396	1978.100
676	1978.100
716	1978.100
756	1978.100
516	1978.200
596	1978.200
666	1978.200
176	1978.300
186	1978.300
486	1978.300
636	1978.300
376	1978.400
526	1978.400
696	1978.400
746	1978.400
56	1978.500
706	1978.500
776	1978.500
296	1978.600
456	1978.600
656	1978.700
686	1978.700
156	1978.800
166	1978.800
586	1978.800
46	1978.900
786	1978.900
26	1979.100
426	1979.500
556	1979.600
326	1979.900
246	1980.300
106	1980.500
286	1980.800
476	1980.900
606	1981.100
366	1981.200
76	1981.800
506	1981.800
316	1981.900
466	1982.000
196	1982.100
16	1982.200
66	1982.400
406	1982.400
256	1982.500
446	1982.500
796	1982.500
626	1982.600
6	1982.700
616	1982.800
306	1983.000
736	1983.000
346	1983.100
336	1983.200
726	1983.200
136	1983.400
236	1983.400
546	1983.400
646	1983.400
206	1983.500
266	1983.500
36	1983.600
86	1983.600
146	1983.600
356	1983.600
386	1983.600
436	1983.600
576	1983.600
766	1983.600
96	1983.700
216	1983.700
226	1983.700
416	1983.700
496	1983.700
536	1983.700
116	1983.800
126	1983.800
276	1983.800
566	1983.800
396	1983.900
756	1983.900
516	1984.000
596	1984.000
666	1984.000
676	1984.000
716	1984.000
186	1984.100
486	1984.100
636	1984.100
176	1984.200
376	1984.200
526	1984.200
746	1984.200
56	1984.300
696	1984.300
776	1984.300
296	1984.400
686	1984.400
706	1984.400
456	1984.500
656	1984.500
156	1984.600
166	1984.600
586	1984.600
786	1984.700
46	1984.800
26	1984.900
426	1985.300
556	1985.300
326	1985.700
246	1986.000
106	1986.200
286	1986.600
476	1986.700
606	1986.800
366	1987.000
76	1987.600
506	1987.600
316	1987.700
466	1987.700
196	1987.900
16	1988.000
406	1988.100
66	1988.200
256	1988.200
446	1988.200
626	1988.300
796	1988.300
6	1988.500
616	1988.600
306	1988.900
346	1988.900
736	1988.900
336	1989.000
726	1989.100
136	1989.200
546	1989.200
646	1989.200
206	1989.300
236	1989.300
266	1989.300
386	1989.300
36	1989.400
86	1989.400
146	1989.400
436	1989.400
576	1989.400
766	1989.400
96	1989.500
126	1989.500
216	1989.500
226	1989.500
356	1989.500
496	1989.500
536	1989.500
276	1989.600
416	1989.600
396	1989.700
566	1989.700
116	1989.800
516	1989.800
596	1989.800
666	1989.800
756	1989.800
486	1989.900
636	1989.900
676	1989.900
716	1989.900
176	1990.000
186	1990.000
376	1990.000
526	1990.000
746	1990.000
776	1990.000
56	1990.100
696	1990.100
296	1990.200
686	1990.200
706	1990.200
456	1990.300
656	1990.300
156	1990.400
166	1990.400
586	1990.400
786	1990.400
26	1990.700
46	1990.700
556	1991.000
426	1991.100
326	1991.500
246	1991.700
106	1992.000
286	1992.400
476	1992.500
606	1992.500
366	1992.800
76	1993.400
466	1993.400
506	1993.400
316	1993.500
196	1993.700
406	1993.700
16	1993.800
256	1993.900
446	1993.900
66	1994.000
626	1994.000
796	1994.100
6	1994.300
616	1994.300
346	1994.600
306	1994.800
336	1994.800
736	1994.800
646	1994.900
726	1994.900
136	1995.000
266	1995.000
386	1995.000
546	1995.000
86	1995.100
206	1995.100
436	1995.100
36	1995.200
126	1995.200
146	1995.200
236	1995.200
576	1995.200
96	1995.300
216	1995.300
226	1995.300
536	1995.300
766	1995.300
276	1995.400
356	1995.400
496	1995.400
396	1995.500
416	1995.500
566	1995.500
516	1995.600
596	1995.600
666	1995.600
116	1995.700
486	1995.700
636	1995.700
756	1995.700
376	1995.800
526	1995.800
676	1995.800
716	1995.800
776	1995.800
56	1995.900
176	1995.900
186	1995.900
686	1995.900
696	1995.900
746	1995.900
656	1996.000
706	1996.000
296	1996.100
456	1996.100
156	1996.200
586	1996.200
786	1996.200
166	1996.300
26	1996.500
46	1996.500
426	1996.800
556	1996.800
326	1997.300
246	1997.400
106	1997.700
286	1998.200
606	1998.200
476	1998.300
366	1998.500
466	1999.100
76	1999.200
506	1999.200
316	1999.300
406	1999.400
196	1999.500
16	1999.600
446	1999.600
256	1999.700
626	1999.700
66	1999.800
796	1999.900
