# NEST version: UNKNOWN
# RecordingBackendASCII version: 2
sender	time_ms
1253	0.700
1333	0.700
1313	179.900
1193	211.700
1113	782.800
1473	1187.600
1153	1234.500
1463	1251.900
1223	1302.000
1793	1304.000
1093	1305.800
1293	1306.800
1783	1306.800
1643	1307.400
1053	1307.500
1083	1307.800
1653	1308.400
1193	1308.500
1693	1308.900
1423	1309.300
1483	1310.200
1283	1310.500
1303	1310.500
1033	1310.700
1323	1310.800
1023	1311.500
1183	1311.500
1353	1312.500
1213	1312.800
1263	1313.200
1133	1313.500
1673	1314.100
1253	1317.200
1413	1317.600
1333	1318.000
1363	1318.100
1233	1318.300
1713	1318.700
1163	1319.900
1753	1320.200
1273	1320.300
1633	1320.900
1063	1321.200
1373	1321.400
1123	1322.700
1533	1323.100
1523	1323.400
1743	1323.400
1383	1324.200
1313	1324.400
1723	1324.900
1783	1325.100
1043	1325.600
1613	1325.700
1583	1325.900
1463	1326.100
1113	1326.500
1563	1327.800
1153	1329.900
1653	1330.000
1473	1330.400
1083	1330.700
1493	1331.600
1173	1331.700
1023	1332.100
1683	1332.500
1283	1332.600
1203	1332.700
1053	1332.800
1303	1334.100
1663	1335.200
1513	1335.800
1763	1335.800
1453	1336.400
1293	1336.800
1733	1338.500
1773	1338.700
1433	1339.000
1543	1340.100
1593	1340.300
1163	1340.700
1353	1341.700
1483	1342.900
1633	1343.200
1103	1343.300
1323	1343.500
1553	1343.500
1403	1344.000
1243	1345.400
1443	1345.900
1143	1346.500
1213	1347.300
1343	1347.300
1673	1348.100
1713	1348.100
1643	1349.200
1753	1350.700
1033	1352.000
1233	1352.200
1723	1352.800
1183	1353.400
1603	1355.600
1463	1356.600
1413	1357.700
1203	1361.300
1023	1361.400
1063	1362.000
1573	1363.000
1153	1366.200
1293	1367.700
1093	1367.800
1683	1369.700
1253	1370.600
1703	1370.800
1053	1371.100
1583	1375.900
1503	1377.300
1083	1377.700
1423	1378.700
1513	1379.100
1393	1379.300
1333	1379.400
1313	1380.100
1543	1384.800
1613	1386.000
1523	1388.000
1773	1389.300
1343	1390.600
1483	1393.400
1373	1395.200
1783	1396.100
1223	1396.500
1793	1396.600
1463	1396.900
1173	1397.200
1023	1400.800
1043	1405.300
1013	1407.500
1563	1407.500
1103	1407.800
1323	1408.200
1663	1409.800
1213	1410.400
1643	1415.500
1273	1415.800
1723	1416.300
1433	1416.500
1303	1418.500
1773	1423.400
1473	1424.000
1573	1425.400
1703	1426.700
1753	1426.800
1203	1427.000
1673	1427.400
1333	1428.800
1513	1437.200
1153	1437.300
1323	1440.600
1613	1443.700
1233	1445.400
1353	1447.200
1653	1450.400
1453	1451.700
1363	1452.400
1583	1452.500
1163	1458.000
1613	1644.600
1373	1644.700
1233	1647.300
1473	1649.500
1533	1651.100
1583	1652.700
1093	1653.300
1323	1653.300
1053	1653.700
1663	1654.500
1073	1655.800
1763	1657.800
1463	1658.500
1213	1658.900
1543	1659.100
1273	1659.300
1183	1659.800
1523	1659.800
1103	1660.200
1043	1660.500
1133	1661.400
1283	1661.800
1353	1661.800
1433	1662.700
1023	1662.800
1343	1663.100
1623	1664.300
1233	1664.500
1303	1665.400
1733	1666.300
1223	1666.400
1143	1666.500
1243	1666.700
1403	1666.800
1333	1667.100
1393	1667.500
1493	1667.700
1573	1667.900
1003	1668.000
1503	1669.000
1063	1669.700
1423	1669.800
1683	1670.300
1723	1670.600
1693	1670.700
1783	1670.900
1663	1671.000
1633	1671.200
1083	1671.300
1163	1671.400
1313	1671.500
1173	1671.700
1203	1671.700
1123	1672.600
1673	1672.800
1753	1673.000
1643	1673.200
1373	1673.500
1593	1674.100
1103	1674.200
1113	1674.400
1033	1674.600
1213	1675.000
1553	1675.000
1513	1675.400
1703	1675.600
1193	1675.700
1443	1675.800
1533	1675.900
1743	1675.900
1453	1676.400
1413	1676.600
1763	1676.700
1543	1676.900
1183	1677.100
1153	1677.200
1133	1677.600
1383	1677.800
1013	1678.100
1613	1678.300
1473	1678.400
1483	1678.400
1793	1678.700
1253	1679.000
1343	1679.400
1323	1679.500
1363	1679.500
1773	1679.500
1293	1679.600
1713	1679.700
1263	1680.100
1283	1680.100
1073	1680.200
1463	1680.400
1043	1680.500
1053	1680.600
1603	1680.700
1353	1680.800
1223	1680.900
1563	1681.000
1623	1681.100
1523	1681.600
1303	1681.800
1403	1681.800
1243	1682.000
1023	1682.200
1653	1682.200
1423	1682.500
1573	1683.400
1723	1684.200
1093	1684.500
1583	1684.700
1393	1685.100
1103	1685.300
1233	1685.300
1683	1685.300
1733	1685.300
1203	1685.700
1783	1685.700
1503	1685.800
1163	1685.900
1273	1686.100
1123	1686.200
1143	1686.200
1693	1686.400
1493	1686.700
1003	1687.000
1063	1687.300
1373	1687.300
1313	1687.600
1643	1687.600
1083	1687.700
1333	1687.800
1593	1688.100
1633	1688.100
1663	1688.100
1153	1688.700
1763	1688.700
1753	1688.800
1433	1688.900
1543	1688.900
1553	1688.900
1033	1689.000
1173	1689.100
1383	1689.100
1513	1689.100
1743	1689.100
1193	1689.200
1483	1689.200
1673	1689.600
1213	1689.700
1013	1689.800
1533	1690.100
1253	1690.300
1283	1690.400
1293	1690.400
1453	1690.600
1473	1690.600
1043	1690.700
1713	1690.700
1793	1690.700
1353	1691.000
1403	1691.100
1413	1691.100
1073	1691.200
1133	1691.300
1563	1691.300
1613	1691.800
1343	1691.900
1523	1691.900
1183	1692.000
1603	1692.000
1113	1692.100
1223	1692.100
1443	1692.100
1323	1692.200
1243	1692.500
1463	1692.500
1423	1692.600
1303	1692.700
1703	1692.700
1623	1692.800
1263	1692.900
1773	1692.900
1023	1693.000
1363	1693.000
1653	1693.200
1573	1693.500
1053	1693.600
1103	1694.000
1723	1694.100
1733	1694.200
1273	1694.600
1393	1694.700
1233	1695.400
1093	1695.700
1683	1695.700
1783	1695.700
1313	1695.800
1203	1695.900
1503	1696.000
1583	1696.000
1163	1696.100
1003	1696.300
1063	1696.300
1493	1696.700
1123	1696.900
1373	1697.000
1143	1697.300
1433	1697.300
1693	1697.300
1743	1697.300
1593	1697.700
1763	1697.700
1483	1697.800
1333	1697.900
1383	1697.900
1513	1698.000
1633	1698.000
1033	1698.200
1543	1698.200
1083	1698.300
1663	1698.300
1673	1698.500
1153	1698.600
1193	1698.600
1533	1698.600
1753	1698.600
1643	1698.800
1013	1698.900
1553	1699.200
1043	1699.400
1293	1699.500
1353	1699.600
1403	1699.600
1173	1699.700
1473	1699.800
1213	1699.900
1563	1699.900
1253	1700.000
1133	1700.200
1613	1700.300
1793	1700.300
1283	1700.500
1413	1700.500
1453	1700.500
1523	1700.500
1603	1700.800
1243	1701.000
1443	1701.000
1263	1701.200
1713	1701.200
1073	1701.300
1323	1701.300
1343	1701.300
1363	1701.300
1113	1701.600
1463	1701.600
1623	1701.700
1303	1701.800
1653	1701.800
1183	1701.900
1423	1701.900
1703	1702.000
1773	1702.000
1573	1702.100
1223	1702.200
1103	1702.500
1723	1702.500
1023	1702.600
1733	1702.800
1273	1702.900
1393	1703.100
1233	1703.400
1313	1703.600
1053	1703.800
1583	1703.800
1093	1704.000
1783	1704.000
1163	1704.200
1203	1704.200
1063	1704.300
1683	1704.300
1003	1704.600
1503	1704.900
1373	1705.000
1433	1705.000
1493	1705.000
1123	1705.100
1743	1705.100
1483	1705.200
1763	1705.300
1693	1705.500
1543	1705.700
1143	1705.800
1383	1705.900
1633	1706.000
1593	1706.100
1663	1706.300
1533	1706.400
1513	1706.500
1033	1706.600
1193	1706.600
1333	1706.600
1753	1706.600
1013	1706.700
1083	1706.700
1553	1707.000
1673	1707.000
1353	1707.200
1643	1707.300
1153	1707.400
1043	1707.500
1403	1707.500
1563	1707.600
1173	1707.800
1133	1708.100
1523	1708.100
1253	1708.200
1413	1708.300
1473	1708.300
1793	1708.300
1283	1708.500
1213	1708.600
1293	1708.600
1453	1708.700
1603	1708.700
1613	1708.700
1443	1709.000
1713	1709.000
1263	1709.100
1323	1709.100
1073	1709.200
1243	1709.200
1343	1709.200
1363	1709.300
1463	1709.300
1623	1709.300
1113	1709.400
1223	1709.500
1183	1709.600
1703	1709.700
1303	1709.800
1423	1709.800
1573	1709.900
1773	1709.900
1653	1710.000
1733	1710.400
1023	1710.500
1103	1710.700
1393	1710.700
1233	1710.900
1313	1711.000
1723	1711.000
1273	1711.100
1583	1711.100
1053	1711.400
1163	1711.500
1683	1711.500
1203	1711.600
1783	1711.800
1063	1712.100
1093	1712.100
1433	1712.300
1743	1712.300
1003	1712.400
1483	1712.400
1493	1712.500
1123	1712.800
1373	1712.800
1503	1712.800
1763	1712.800
1543	1713.000
1693	1713.000
1143	1713.100
1383	1713.100
1593	1713.600
1533	1713.700
1083	1713.800
1663	1713.800
1513	1713.900
1553	1713.900
1193	1714.000
1633	1714.100
1033	1714.200
1013	1714.300
1333	1714.400
1153	1714.500
1353	1714.500
1563	1714.500
1673	1714.500
1753	1714.700
1403	1714.800
1643	1715.000
1043	1715.100
1133	1715.400
1173	1715.500
1283	1715.500
1793	1715.500
1473	1715.600
1523	1715.600
1613	1715.700
1413	1715.800
1253	1715.900
1213	1716.000
1293	1716.100
1443	1716.100
1453	1716.200
1603	1716.200
1713	1716.200
1073	1716.500
1263	1716.500
1623	1716.500
1223	1716.700
1243	1716.700
1343	1716.700
1183	1716.800
1463	1716.800
1113	1716.900
1363	1717.200
1323	1717.300
1703	1717.300
1423	1717.400
1573	1717.400
1653	1717.400
1773	1717.500
1023	1717.600
1303	1717.600
1733	1717.600
1313	1718.000
1393	1718.000
1583	1718.100
1103	1718.200
1273	1718.200
1723	1718.300
1233	1718.500
1053	1718.600
1163	1718.600
1203	1718.700
1683	1718.800
1093	1719.100
1743	1719.300
1063	1719.400
1483	1719.400
1433	1719.500
1783	1719.600
1503	1719.800
1123	1720.000
1383	1720.000
1693	1720.000
1493	1720.100
1003	1720.200
1143	1720.200
1763	1720.200
1543	1720.400
1373	1720.500
1533	1720.600
1553	1720.800
1083	1720.900
1513	1721.000
1193	1721.100
1593	1721.100
1033	1721.200
1663	1721.200
1153	1721.400
1333	1721.500
1633	1721.500
1013	1721.600
1673	1721.600
1353	1721.700
1563	1721.700
1403	1722.000
1043	1722.100
1473	1722.200
1753	1722.200
1643	1722.400
1133	1722.500
1283	1722.500
1793	1722.600
1413	1722.700
1523	1722.700
1613	1722.700
1173	1722.800
1213	1723.000
1253	1723.100
1443	1723.100
1713	1723.100
1073	1723.300
1453	1723.300
1243	1723.500
1603	1723.500
1183	1723.600
1293	1723.600
1343	1723.700
1623	1723.700
1223	1723.900
1263	1723.900
1463	1724.000
1113	1724.200
1703	1724.300
1363	1724.400
1773	1724.500
1023	1724.600
1323	1724.600
1653	1724.600
1423	1724.700
1573	1724.700
1733	1724.800
1583	1724.900
1303	1725.000
1273	1725.100
1103	1725.300
1393	1725.300
1723	1725.300
1313	1725.500
1163	1725.700
1203	1725.700
1683	1725.700
1093	1725.800
1233	1725.800
1053	1726.000
1063	1726.200
1433	1726.400
1783	1726.500
1483	1726.600
1503	1726.600
1743	1726.600
1383	1726.800
1143	1726.900
1693	1726.900
1123	1727.200
1003	1727.300
1493	1727.300
1533	1727.600
1543	1727.600
1763	1727.600
1553	1727.700
1083	1727.800
1193	1727.900
1513	1727.900
1373	1728.000
1033	1728.100
1153	1728.200
1663	1728.200
1593	1728.300
1563	1728.400
1673	1728.400
1013	1728.500
1633	1728.500
1333	1728.700
1353	1728.700
1043	1728.900
1403	1729.000
1473	1729.000
1643	1729.100
1133	1729.300
1283	1729.400
1753	1729.400
1413	1729.500
1793	1729.500
1173	1729.700
1523	1729.700
1613	1729.800
1213	1729.900
1253	1729.900
1443	1729.900
1713	1729.900
1073	1730.100
1453	1730.200
1243	1730.300
1603	1730.300
1343	1730.600
1293	1730.700
1623	1730.700
1113	1730.900
1223	1730.900
1263	1730.900
1363	1730.900
1463	1730.900
1183	1731.100
1773	1731.300
1703	1731.400
1023	1731.500
1423	1731.500
1573	1731.500
1583	1731.500
1733	1731.600
1653	1731.800
1303	1731.900
1323	1731.900
1273	1732.100
1393	1732.100
1723	1732.100
1103	1732.200
1093	1732.300
1203	1732.500
1683	1732.600
1163	1732.800
1233	1732.900
1313	1732.900
1063	1733.000
1053	1733.100
1433	1733.300
1483	1733.300
1503	1733.400
1783	1733.500
1383	1733.600
1743	1733.600
1693	1733.800
1123	1734.000
1143	1734.000
1493	1734.000
1003	1734.300
1533	1734.300
1553	1734.400
1763	1734.500
1193	1734.600
1543	1734.600
1083	1734.700
1513	1734.700
1033	1734.900
1153	1734.900
1563	1735.100
1593	1735.100
1373	1735.200
1663	1735.200
1673	1735.200
1013	1735.300
1633	1735.400
1333	1735.600
1353	1735.600
1043	1735.800
1403	1735.800
1473	1735.900
1643	1735.900
1793	1736.000
1133	1736.100
1283	1736.100
1753	1736.200
1413	1736.400
1523	1736.400
1173	1736.500
1073	1736.700
1213	1736.700
1443	1736.700
1713	1736.700
1253	1736.800
1453	1736.900
1613	1736.900
1243	1737.000
1603	1737.300
1343	1737.400
1223	1737.600
1463	1737.600
1363	1737.700
1623	1737.700
1113	1737.800
1263	1737.800
1293	1737.800
1023	1738.000
1773	1738.100
1573	1738.200
1583	1738.200
1423	1738.300
1703	1738.300
1733	1738.300
1183	1738.400
1303	1738.600
1103	1738.800
1653	1738.800
1723	1738.800
1273	1738.900
1093	1739.000
1323	1739.000
1393	1739.100
1683	1739.200
1203	1739.300
1063	1739.600
1233	1739.700
1313	1739.800
1163	1739.900
1053	1740.100
1503	1740.200
1743	1740.200
1783	1740.200
1433	1740.300
1483	1740.300
1693	1740.500
1383	1740.600
1143	1740.700
1493	1740.700
1123	1740.800
1533	1740.800
1003	1741.000
1193	1741.200
1543	1741.300
1553	1741.300
1763	1741.300
1083	1741.400
1513	1741.500
1033	1741.600
1153	1741.700
1563	1741.700
1593	1741.900
1633	1741.900
1013	1742.000
1663	1742.000
1673	1742.000
1333	1742.200
1353	1742.200
1373	1742.200
1043	1742.600
1643	1742.600
1403	1742.700
1473	1742.700
1793	1742.700
1133	1742.800
1173	1742.900
1283	1742.900
1073	1743.100
1523	1743.100
1753	1743.100
1413	1743.300
1613	1743.300
1213	1743.400
1453	1743.400
1253	1743.500
1713	1743.500
1243	1743.700
1443	1743.700
1603	1743.900
1343	1744.000
1223	1744.300
1623	1744.300
1023	1744.400
1363	1744.400
1463	1744.400
1263	1744.500
1293	1744.500
1113	1744.700
1573	1744.900
1773	1744.900
1703	1745.000
1183	1745.200
1423	1745.200
1583	1745.200
1733	1745.200
1103	1745.400
1303	1745.400
1723	1745.400
1093	1745.600
1653	1745.700
1683	1745.800
1273	1745.900
1323	1745.900
1393	1745.900
1203	1746.000
1063	1746.200
1233	1746.400
1313	1746.400
1163	1746.600
1743	1746.600
1503	1746.800
1783	1746.800
1053	1747.000
1433	1747.200
1483	1747.300
1493	1747.300
1533	1747.300
1123	1747.400
1143	1747.400
1693	1747.400
1383	1747.500
1003	1747.700
1193	1747.800
1543	1747.900
1763	1748.000
1083	1748.100
1553	1748.100
1513	1748.200
1033	1748.300
1563	1748.300
1153	1748.400
1633	1748.400
1013	1748.500
1593	1748.600
1673	1748.600
1353	1748.800
1333	1749.000
1663	1749.000
1043	1749.100
1373	1749.100
1403	1749.300
1643	1749.300
1173	1749.400
1283	1749.400
1473	1749.400
1073	1749.500
1793	1749.500
1133	1749.600
1523	1749.800
1753	1749.800
1453	1750.000
1213	1750.100
1613	1750.100
1243	1750.200
1253	1750.200
1413	1750.200
1713	1750.400
1343	1750.500
1443	1750.500
1603	1750.500
1023	1750.800
1363	1750.800
1263	1750.900
1223	1751.000
1623	1751.000
1293	1751.200
1463	1751.200
1113	1751.400
1773	1751.500
1573	1751.700
1103	1751.800
1703	1751.800
1183	1751.900
1423	1752.000
1583	1752.000
1733	1752.100
1303	1752.200
1723	1752.200
1683	1752.300
1093	1752.400
1393	1752.400
1323	1752.500
1653	1752.500
1203	1752.600
1273	1752.600
1063	1752.800
1313	1752.900
1233	1753.000
1743	1753.000
1503	1753.300
1163	1753.400
1783	1753.500
1053	1753.700
1123	1753.900
1433	1753.900
1493	1753.900
1533	1753.900
1143	1754.000
1483	1754.000
1693	1754.000
1383	1754.200
1003	1754.400
1543	1754.400
1193	1754.500
1513	1754.600
1763	1754.600
1083	1754.700
1563	1754.700
1553	1754.800
1033	1754.900
1633	1754.900
1013	1755.100
1153	1755.100
1593	1755.100
1673	1755.100
1353	1755.300
1043	1755.600
1333	1755.700
1373	1755.700
1663	1755.700
1173	1755.900
1403	1756.000
1073	1756.100
1643	1756.100
1283	1756.300
1473	1756.300
1793	1756.300
1453	1756.400
1753	1756.400
1133	1756.500
1523	1756.600
1613	1756.600
1213	1756.700
1243	1756.800
1253	1756.800
1343	1756.900
1443	1757.000
1413	1757.100
1603	1757.100
1713	1757.100
1363	1757.300
1023	1757.400
1263	1757.400
1623	1757.500
1223	1757.700
1113	1757.900
1293	1757.900
1463	1757.900
1773	1758.000
1103	1758.300
1573	1758.300
1583	1758.500
1183	1758.600
1703	1758.700
1733	1758.700
1723	1758.800
1423	1758.900
1303	1759.000
1393	1759.000
1093	1759.100
1203	1759.100
1323	1759.100
1273	1759.200
1653	1759.200
1683	1759.200
1313	1759.400
1063	1759.500
1743	1759.600
1233	1759.700
1503	1759.700
1163	1760.100
1783	1760.100
1053	1760.300
1123	1760.400
1433	1760.400
1493	1760.500
1533	1760.500
1143	1760.600
1383	1760.600
1483	1760.600
1543	1760.800
1693	1760.800
1003	1761.000
1193	1761.100
1763	1761.100
1563	1761.200
1513	1761.300
1553	1761.300
1033	1761.400
1083	1761.600
1633	1761.600
1673	1761.600
1013	1761.700
1153	1761.700
1353	1761.700
1593	1761.800
1663	1762.200
1043	1762.300
1333	1762.300
1373	1762.500
1403	1762.500
1173	1762.600
1453	1762.700
1793	1762.800
1643	1762.900
1073	1763.000
1473	1763.000
1753	1763.100
1283	1763.200
1613	1763.200
1133	1763.300
1523	1763.300
1243	1763.400
1253	1763.400
1213	1763.500
1443	1763.500
1343	1763.600
1603	1763.700
1023	1763.800
1263	1763.800
1413	1763.800
1713	1763.800
1363	1763.900
1623	1764.000
1113	1764.300
1223	1764.400
1463	1764.400
1293	1764.600
1573	1764.800
1773	1764.800
1103	1764.900
1583	1765.200
1183	1765.300
1703	1765.300
1723	1765.300
1733	1765.300
1203	1765.600
1303	1765.600
1393	1765.600
1093	1765.700
1323	1765.700
1423	1765.700
1683	1765.700
1653	1765.800
1273	1765.900
1313	1765.900
1063	1766.100
1743	1766.100
1233	1766.200
1503	1766.300
1163	1766.700
1783	1766.700
1053	1766.900
1433	1767.000
1483	1767.000
1493	1767.000
1123	1767.100
1143	1767.100
1383	1767.100
1533	1767.100
1543	1767.500
1003	1767.600
1563	1767.600
1193	1767.700
1693	1767.700
1763	1767.700
1513	1767.900
1033	1768.000
1553	1768.000
1013	1768.100
1633	1768.100
1673	1768.100
1083	1768.200
1353	1768.200
1153	1768.400
1593	1768.500
1663	1768.700
1403	1768.800
1043	1768.900
1333	1769.000
1373	1769.100
1453	1769.100
1173	1769.400
1643	1769.400
1793	1769.400
1073	1769.500
1473	1769.500
1523	1769.700
1613	1769.700
1753	1769.700
1283	1769.800
1133	1770.100
1213	1770.100
1443	1770.100
1023	1770.200
1243	1770.200
1263	1770.200
1343	1770.200
1253	1770.300
1603	1770.300
1363	1770.400
1413	1770.500
1713	1770.500
1623	1770.600
1113	1770.800
1463	1771.000
1223	1771.200
1293	1771.300
1573	1771.300
1773	1771.500
1103	1771.600
1733	1771.800
1183	1771.900
1723	1771.900
1583	1772.000
1703	1772.000
1203	1772.100
1393	1772.100
1683	1772.100
1093	1772.300
1323	1772.300
1313	1772.400
1423	1772.400
1303	1772.500
1653	1772.500
1233	1772.700
1743	1772.700
1063	1772.900
1273	1772.900
1503	1773.000
1053	1773.300
1163	1773.300
1433	1773.400
1483	1773.500
1493	1773.500
1783	1773.500
1143	1773.700
1383	1773.700
1123	1773.800
1533	1773.800
1003	1774.100
1543	1774.300
1513	1774.400
1563	1774.400
1693	1774.400
1193	1774.500
1553	1774.500
1763	1774.500
1033	1774.600
1353	1774.600
1633	1774.600
1083	1774.700
1673	1774.700
1013	1774.900
1663	1775.100
1153	1775.200
1403	1775.200
1593	1775.200
1043	1775.400
1333	1775.600
1373	1775.600
1453	1775.600
1173	1775.900
1643	1775.900
1793	1776.000
1073	1776.100
1473	1776.100
1523	1776.100
1613	1776.100
1283	1776.200
1753	1776.200
1133	1776.600
1213	1776.600
1263	1776.600
1023	1776.700
1243	1776.700
1343	1776.700
1603	1776.700
1443	1776.800
1363	1777.000
1413	1777.200
1623	1777.200
1713	1777.200
1113	1777.300
1253	1777.300
1463	1777.700
1223	1777.800
1573	1777.800
1293	1777.900
1773	1778.100
1103	1778.400
1183	1778.400
1723	1778.400
1703	1778.500
1733	1778.500
1203	1778.600
1093	1778.700
1393	1778.700
1583	1778.700
1683	1778.700
1423	1778.800
1313	1779.100
1653	1779.100
1233	1779.200
1303	1779.200
1323	1779.200
1273	1779.400
1063	1779.500
1743	1779.500
1053	1779.700
1503	1779.700
1163	1779.800
1483	1779.800
1433	1780.000
1493	1780.200
1783	1780.300
1143	1780.400
1123	1780.500
1383	1780.500
1533	1780.500
1003	1780.800
1693	1780.800
1513	1780.900
1553	1781.000
1763	1781.000
1033	1781.100
1193	1781.100
1353	1781.100
1563	1781.100
1083	1781.300
1543	1781.300
1633	1781.400
1663	1781.400
1673	1781.400
1153	1781.600
1013	1781.700
1403	1781.800
1593	1781.800
1043	1781.900
1333	1782.000
1373	1782.000
1453	1782.200
1173	1782.400
1613	1782.500
1643	1782.500
1523	1782.600
1793	1782.600
1073	1782.700
1283	1782.700
1473	1782.700
1753	1782.900
1133	1783.000
1263	1783.100
1213	1783.200
1603	1783.200
1023	1783.300
1243	1783.300
1343	1783.300
1363	1783.600
1443	1783.600
1253	1783.800
1413	1783.800
1113	1783.900
1623	1783.900
1713	1783.900
1223	1784.400
1463	1784.400
1293	1784.500
1573	1784.500
1773	1784.700
1703	1785.000
1723	1785.000
1103	1785.100
1183	1785.100
1203	1785.100
1093	1785.200
1393	1785.200
1733	1785.200
1683	1785.300
1583	1785.400
1423	1785.500
1653	1785.700
1303	1785.800
1323	1785.800
1233	1785.900
1273	1785.900
1313	1785.900
1063	1786.100
1053	1786.200
1483	1786.200
1163	1786.300
1503	1786.400
1743	1786.400
1433	1786.500
1123	1787.000
1143	1787.000
1493	1787.000
1783	1787.000
1383	1787.200
1003	1787.300
1533	1787.300
1693	1787.300
1513	1787.500
1553	1787.500
1033	1787.600
1763	1787.600
1563	1787.700
1353	1787.800
1663	1787.800
1083	1787.900
1193	1787.900
1673	1787.900
1153	1788.100
1543	1788.100
1633	1788.100
1043	1788.300
1373	1788.400
1333	1788.600
1013	1788.700
1453	1788.700
1403	1788.800
1613	1788.900
1593	1789.000
1173	1789.100
1283	1789.100
1793	1789.100
1523	1789.200
1643	1789.200
1073	1789.300
1473	1789.300
1133	1789.500
1263	1789.600
1603	1789.700
1753	1789.700
1213	1789.800
1023	1789.900
1243	1789.900
1343	1790.000
1363	1790.100
1443	1790.200
1253	1790.300
1413	1790.300
1113	1790.400
1713	1790.400
1623	1790.600
1463	1791.000
1223	1791.100
1293	1791.200
1573	1791.200
1773	1791.300
1203	1791.500
1723	1791.500
1703	1791.600
1393	1791.700
1103	1791.800
1093	1791.900
1183	1791.900
1733	1792.000
1423	1792.100
1583	1792.100
1683	1792.100
1323	1792.200
1653	1792.200
1273	1792.300
1303	1792.400
1313	1792.600
1053	1792.700
1483	1792.700
1233	1792.800
1503	1792.800
1063	1792.900
1163	1792.900
1433	1793.000
1743	1793.000
1493	1793.500
1783	1793.500
1123	1793.600
1383	1793.700
1143	1793.800
1003	1793.900
1533	1793.900
1693	1793.900
1513	1794.000
1553	1794.000
1033	1794.200
1563	1794.300
1763	1794.300
1083	1794.400
1353	1794.400
1633	1794.500
1663	1794.500
1673	1794.500
1193	1794.600
1543	1794.600
1153	1794.700
1373	1794.800
1043	1795.000
1333	1795.200
1013	1795.300
1453	1795.300
1613	1795.400
1283	1795.500
1403	1795.500
1173	1795.700
1523	1795.700
1793	1795.700
1073	1795.800
1593	1795.800
1473	1795.900
1643	1795.900
1603	1796.000
1133	1796.100
1263	1796.100
1753	1796.200
1213	1796.300
1253	1796.500
1023	1796.600
1343	1796.600
1363	1796.600
1443	1796.700
1243	1796.800
1413	1796.800
1113	1797.000
1713	1797.000
1623	1797.300
1463	1797.500
1293	1797.600
1223	1797.700
1573	1797.800
1723	1797.900
1203	1798.100
1773	1798.100
1703	1798.300
1103	1798.400
1093	1798.500
1393	1798.600
1423	1798.600
1733	1798.600
1273	1798.700
1583	1798.700
1323	1798.800
1683	1798.800
1183	1798.900
1653	1798.900
1303	1799.100
1313	1799.200
1503	1799.300
1053	1799.400
1233	1799.400
1483	1799.400
1063	1799.700
1163	1799.700
1433	1799.700
1743	1799.800
1123	1800.100
1493	1800.200
1383	1800.300
1513	1800.400
1783	1800.400
1003	1800.600
1143	1800.600
1533	1800.600
1033	1800.700
1553	1800.700
1693	1800.700
1633	1800.900
1353	1801.000
1563	1801.000
1543	1801.100
1763	1801.100
1373	1801.200
1663	1801.200
1673	1801.200
1083	1801.300
1153	1801.300
1193	1801.300
1043	1801.500
1013	1801.900
1283	1802.000
1333	1802.000
1403	1802.100
1453	1802.100
1613	1802.100
1793	1802.200
1523	1802.300
1173	1802.400
1593	1802.400
1073	1802.500
1133	1802.500
1603	1802.500
1643	1802.500
1473	1802.600
1263	1802.700
1213	1802.800
1753	1802.800
1253	1803.000
1023	1803.100
1343	1803.200
1363	1803.300
1413	1803.400
1443	1803.400
1713	1803.600
1113	1803.700
1243	1803.700
1463	1803.900
1623	1804.000
1293	1804.100
1223	1804.400
1723	1804.400
1573	1804.500
1703	1804.900
1103	1805.000
1773	1805.000
1093	1805.100
1203	1805.100
1273	1805.200
1393	1805.200
1423	1805.200
1733	1805.200
1323	1805.500
1653	1805.500
1683	1805.600
1583	1805.700
1183	1805.800
1303	1805.800
1503	1805.800
1313	1805.900
1483	1806.000
1063	1806.200
1233	1806.200
1053	1806.400
1123	1806.500
1743	1806.500
1163	1806.600
1433	1806.600
1493	1806.700
1513	1806.800
1383	1806.900
1533	1807.100
1033	1807.200
1783	1807.200
1003	1807.300
1633	1807.300
1143	1807.500
1693	1807.500
1543	1807.600
1553	1807.600
1153	1807.800
1353	1807.800
1373	1807.800
1663	1807.800
1673	1807.900
1763	1807.900
1083	1808.000
1563	1808.000
1043	1808.100
1193	1808.100
1283	1808.500
1333	1808.600
1013	1808.700
1403	1808.700
1613	1808.700
1793	1808.700
1453	1808.800
1523	1808.800
1073	1808.900
1643	1809.000
1133	1809.100
1173	1809.100
1593	1809.100
1603	1809.100
1213	1809.200
1473	1809.300
1263	1809.400
1753	1809.400
1253	1809.500
1343	1809.700
1023	1809.900
1443	1809.900
1363	1810.000
1413	1810.000
1713	1810.200
1113	1810.400
1243	1810.400
1463	1810.500
1293	1810.600
1623	1810.600
1223	1811.000
1573	1811.200
1723	1811.200
1103	1811.600
1703	1811.600
1773	1811.600
1203	1811.700
1393	1811.700
1423	1811.700
1733	1811.700
1273	1811.800
1093	1811.900
1653	1812.100
1323	1812.200
1503	1812.300
1303	1812.400
1683	1812.400
1313	1812.500
1063	1812.600
1183	1812.600
1233	1812.700
1483	1812.700
1583	1812.700
1123	1813.000
1743	1813.100
1053	1813.300
1163	1813.300
1433	1813.300
1493	1813.300
1513	1813.400
1033	1813.600
1383	1813.600
1533	1813.600
1633	1813.700
1783	1813.800
1003	1813.900
1143	1814.100
1543	1814.100
1693	1814.100
1153	1814.200
1373	1814.300
1353	1814.400
1763	1814.400
1553	1814.500
1673	1814.500
1043	1814.700
1083	1814.700
1193	1814.800
1563	1814.800
1663	1814.900
1333	1815.000
1283	1815.100
1403	1815.300
1013	1815.400
1073	1815.400
1453	1815.400
1523	1815.400
1613	1815.400
1793	1815.400
1603	1815.500
1133	1815.600
1173	1815.600
1643	1815.800
1753	1815.800
1593	1815.900
1213	1816.000
1263	1816.000
1473	1816.000
1343	1816.100
1253	1816.200
1023	1816.500
1363	1816.500
1443	1816.500
1413	1816.600
1113	1816.900
1243	1816.900
1713	1816.900
1623	1817.000
1463	1817.100
1223	1817.200
1293	1817.200
1573	1817.600
1103	1817.800
1723	1817.800
1703	1818.000
1273	1818.100
1423	1818.100
1733	1818.100
1773	1818.100
1203	1818.200
1393	1818.200
1653	1818.400
1093	1818.500
1323	1818.500
1503	1818.500
1303	1818.600
1683	1818.600
1063	1818.700
1313	1818.800
1183	1818.900
1233	1818.900
1483	1818.900
1583	1819.000
1123	1819.200
1743	1819.200
1493	1819.400
1053	1819.500
1433	1819.500
1163	1819.600
1513	1819.600
1033	1819.700
1383	1819.700
1533	1819.800
1633	1819.800
1783	1819.900
1543	1820.100
1003	1820.200
1693	1820.200
1143	1820.300
1153	1820.300
1373	1820.400
1763	1820.400
1353	1820.500
1673	1820.500
1553	1820.600
1043	1820.700
1083	1820.700
1193	1820.900
1563	1820.900
1283	1821.100
1333	1821.100
1663	1821.100
1403	1821.200
1523	1821.300
1793	1821.300
1013	1821.400
1073	1821.400
1453	1821.400
1603	1821.400
1613	1821.400
1173	1821.500
1133	1821.600
1753	1821.600
1643	1821.700
1473	1821.800
1263	1821.900
1343	1821.900
1593	1821.900
1213	1822.000
1253	1822.000
1023	1822.300
1363	1822.300
1443	1822.300
1413	1822.500
1113	1822.700
1243	1822.800
1623	1822.800
1713	1822.800
1293	1823.000
1463	1823.000
1223	1823.100
1573	1823.500
1103	1823.700
1723	1823.700
1703	1823.900
1273	1824.000
1423	1824.000
1733	1824.000
1773	1824.000
1203	1824.100
1393	1824.100
1323	1824.300
1653	1824.300
1093	1824.400
1503	1824.400
1303	1824.500
1683	1824.500
1063	1824.600
1183	1824.800
1233	1824.800
1313	1824.900
1483	1824.900
1583	1825.000
1123	1825.200
1743	1825.200
1493	1825.300
1433	1825.400
1033	1825.500
1053	1825.500
1163	1825.600
1513	1825.600
1383	1825.700
1633	1825.700
1783	1825.800
1533	1825.900
1543	1826.100
1693	1826.200
1003	1826.300
1143	1826.300
1153	1826.400
1353	1826.400
1373	1826.400
1763	1826.400
1673	1826.500
1083	1826.600
1043	1826.700
1553	1826.700
1193	1826.800
1563	1826.900
1283	1827.100
1333	1827.100
1663	1827.100
1403	1827.200
1523	1827.300
1603	1827.300
1613	1827.300
1793	1827.300
1073	1827.400
1013	1827.500
1173	1827.500
1453	1827.500
1753	1827.600
1133	1827.700
1343	1827.800
1473	1827.800
1643	1827.800
1263	1827.900
1213	1828.000
1253	1828.000
1593	1828.100
1443	1828.200
1023	1828.300
1363	1828.300
1413	1828.500
1113	1828.800
1243	1828.800
1623	1828.800
1713	1828.800
1293	1829.000
1463	1829.000
1223	1829.100
1573	1829.400
1103	1829.600
1723	1829.700
1733	1829.800
1703	1829.900
1773	1829.900
1203	1830.000
1273	1830.000
1393	1830.000
1423	1830.000
1323	1830.100
1653	1830.200
1503	1830.300
1093	1830.400
1303	1830.400
1683	1830.400
1063	1830.500
1183	1830.700
1233	1830.700
1483	1830.800
1313	1830.900
1583	1830.900
1743	1831.100
1123	1831.200
1493	1831.200
1033	1831.300
1433	1831.300
1053	1831.400
1163	1831.400
1513	1831.400
1383	1831.500
1633	1831.600
1783	1831.700
1533	1831.800
1543	1831.900
1693	1832.000
1003	1832.100
1143	1832.200
1353	1832.200
1373	1832.200
1763	1832.200
1083	1832.300
1153	1832.300
1673	1832.300
1043	1832.500
1193	1832.500
1553	1832.500
1563	1832.800
1283	1832.900
1663	1832.900
1333	1833.000
1403	1833.000
1603	1833.100
1613	1833.100
1793	1833.100
1073	1833.200
1523	1833.200
1173	1833.300
1013	1833.400
1453	1833.400
1133	1833.500
1753	1833.500
1343	1833.600
1473	1833.600
1643	1833.700
1253	1833.800
1263	1833.800
1213	1834.000
1443	1834.000
1023	1834.100
1593	1834.100
1363	1834.200
1413	1834.400
1113	1834.700
1243	1834.700
1623	1834.700
1713	1834.700
1293	1834.900
1463	1834.900
1223	1835.000
1573	1835.300
1103	1835.500
1723	1835.700
1733	1835.700
1773	1835.700
1323	1835.900
1393	1835.900
1703	1835.900
1203	1836.000
1423	1836.000
1273	1836.100
1653	1836.100
1093	1836.300
1303	1836.300
1503	1836.300
1683	1836.400
1063	1836.500
1183	1836.700
1233	1836.700
1583	1836.800
1483	1836.900
1313	1837.000
1743	1837.000
1033	1837.200
1493	1837.200
1123	1837.300
1433	1837.300
1053	1837.400
1163	1837.400
1513	1837.400
1383	1837.500
1633	1837.700
1783	1837.800
1533	1837.900
1543	1837.900
1693	1838.000
1003	1838.100
1353	1838.100
1083	1838.200
1143	1838.200
1763	1838.200
1373	1838.300
1673	1838.300
1153	1838.400
1043	1838.500
1193	1838.500
1553	1838.600
1563	1838.800
1283	1839.000
1403	1839.000
1603	1839.000
1663	1839.000
1793	1839.000
1333	1839.100
1613	1839.100
1073	1839.300
1523	1839.300
1013	1839.400
1173	1839.400
1133	1839.500
1343	1839.500
1453	1839.500
1753	1839.500
1253	1839.700
1473	1839.700
1643	1839.700
1263	1839.800
1443	1839.900
1023	1840.000
1213	1840.000
1593	1840.200
1363	1840.300
1413	1840.400
1113	1840.600
1243	1840.600
1623	1840.700
1713	1840.700
1293	1840.800
1463	1840.900
1223	1841.200
1573	1841.300
1103	1841.600
1773	1841.600
1723	1841.700
1733	1841.700
1323	1841.800
1393	1841.800
1703	1841.900
1203	1842.000
1423	1842.100
1653	1842.100
1093	1842.200
1273	1842.200
1303	1842.200
1503	1842.200
1683	1842.400
1063	1842.500
1183	1842.600
1233	1842.700
1583	1842.700
1483	1842.900
1743	1842.900
1033	1843.100
1313	1843.100
1493	1843.100
1433	1843.200
1123	1843.300
1163	1843.300
1513	1843.300
1053	1843.400
1383	1843.500
1633	1843.600
1533	1843.800
1543	1843.800
1353	1843.900
1783	1843.900
1003	1844.000
1083	1844.000
1143	1844.000
1693	1844.000
1763	1844.100
1373	1844.200
1673	1844.200
1043	1844.400
1193	1844.400
1153	1844.500
1553	1844.500
1563	1844.700
1283	1844.800
1403	1844.900
1603	1844.900
1613	1844.900
1663	1844.900
1793	1844.900
1333	1845.000
1073	1845.200
1523	1845.200
1013	1845.300
1173	1845.300
1343	1845.400
1753	1845.400
1133	1845.500
1253	1845.500
1453	1845.500
1473	1845.600
1443	1845.700
1643	1845.700
1263	1845.800
1023	1845.900
1213	1846.000
1363	1846.200
1413	1846.200
1593	1846.200
1113	1846.500
1243	1846.500
1623	1846.600
1293	1846.700
1713	1846.700
1463	1846.800
1223	1847.200
1573	1847.200
1733	1847.600
1773	1847.600
1103	1847.700
1323	1847.700
1723	1847.700
1393	1847.800
1703	1847.900
1203	1848.100
1423	1848.100
1653	1848.100
1093	1848.200
1273	1848.200
1303	1848.200
1503	1848.200
1683	1848.300
1063	1848.500
1183	1848.500
1233	1848.600
1583	1848.800
1743	1848.900
1483	1849.000
1033	1849.100
1433	1849.100
1493	1849.100
1313	1849.300
1513	1849.300
1053	1849.400
1163	1849.400
1123	1849.500
1383	1849.600
1633	1849.700
1543	1849.800
1083	1849.900
1353	1849.900
1533	1849.900
1003	1850.000
1143	1850.000
1783	1850.000
1673	1850.100
1693	1850.100
1763	1850.100
1043	1850.400
1193	1850.400
1373	1850.500
1553	1850.500
1153	1850.700
1283	1850.700
1563	1850.800
1403	1850.900
1603	1850.900
1613	1850.900
1333	1851.000
1663	1851.000
1793	1851.000
1073	1851.200
1013	1851.300
1523	1851.300
1173	1851.400
1343	1851.400
1133	1851.500
1753	1851.500
1253	1851.600
1443	1851.600
1453	1851.600
1473	1851.600
1263	1851.700
1643	1851.700
1023	1851.800
1213	1852.000
1363	1852.200
1413	1852.200
1593	1852.300
1113	1852.400
1243	1852.400
1623	1852.600
1293	1852.700
1463	1852.800
1713	1852.800
1573	1853.100
1223	1853.200
1733	1853.500
1323	1853.600
1773	1853.600
1723	1853.700
1103	1853.900
1393	1853.900
1703	1853.900
1203	1854.100
1423	1854.100
1653	1854.100
1093	1854.200
1273	1854.200
1303	1854.200
1503	1854.200
1683	1854.200
1183	1854.400
1063	1854.500
1233	1854.600
1583	1854.800
1743	1854.800
1033	1855.000
1433	1855.000
1483	1855.000
1493	1855.100
1053	1855.300
1313	1855.300
1513	1855.300
1163	1855.400
1123	1855.500
1383	1855.500
1083	1855.700
1633	1855.700
1353	1855.800
1543	1855.800
1003	1855.900
1143	1855.900
1533	1855.900
1673	1856.000
1693	1856.000
1763	1856.000
1783	1856.000
1193	1856.200
1043	1856.300
1553	1856.300
1373	1856.400
1283	1856.500
1153	1856.700
1563	1856.800
1603	1856.800
1613	1856.800
1333	1856.900
1403	1856.900
1663	1856.900
1793	1856.900
1073	1857.000
1013	1857.200
1523	1857.200
1173	1857.300
1343	1857.300
1133	1857.400
1253	1857.400
1443	1857.500
1453	1857.500
1473	1857.500
1753	1857.500
1263	1857.600
1023	1857.700
1643	1857.700
1213	1857.900
1363	1858.100
1413	1858.100
1113	1858.300
1243	1858.300
1593	1858.300
1623	1858.500
1293	1858.600
1463	1858.700
1713	1858.700
1223	1859.100
1573	1859.100
1733	1859.400
1323	1859.500
1773	1859.500
1723	1859.700
1703	1859.900
1103	1860.000
1203	1860.000
1393	1860.000
1423	1860.000
1653	1860.100
1683	1860.100
1093	1860.200
1273	1860.200
1303	1860.200
1503	1860.200
1183	1860.400
1063	1860.600
1233	1860.600
1583	1860.800
1743	1860.800
1433	1860.900
1033	1861.000
1483	1861.000
1493	1861.100
1053	1861.300
1513	1861.300
1163	1861.400
1383	1861.400
1313	1861.500
1083	1861.600
1123	1861.600
1633	1861.700
1353	1861.800
1543	1861.800
1143	1861.900
1693	1861.900
1003	1862.000
1533	1862.000
1673	1862.000
1763	1862.000
1783	1862.100
1193	1862.200
1043	1862.300
1553	1862.300
1373	1862.400
1283	1862.500
1153	1862.700
1563	1862.800
1603	1862.800
1613	1862.800
1793	1862.900
1073	1863.000
1333	1863.000
1403	1863.000
1663	1863.000
1523	1863.200
1013	1863.300
1133	1863.400
1173	1863.400
1253	1863.400
1343	1863.400
1443	1863.400
1453	1863.500
1473	1863.500
1263	1863.600
1753	1863.600
1023	1863.700
1643	1863.700
1213	1863.900
1363	1864.100
1413	1864.100
1113	1864.300
1243	1864.300
1593	1864.400
1623	1864.500
1293	1864.600
1463	1864.600
1713	1864.700
1223	1865.100
1573	1865.100
1733	1865.300
1323	1865.500
1773	1865.500
1723	1865.700
1703	1865.900
1103	1866.000
1203	1866.000
1423	1866.000
1653	1866.100
1683	1866.100
1093	1866.200
1303	1866.200
1393	1866.200
1273	1866.300
1503	1866.300
1183	1866.400
1063	1866.600
1233	1866.600
1583	1866.700
1433	1866.800
1033	1866.900
1743	1866.900
1483	1867.000
1493	1867.200
1513	1867.300
1053	1867.400
1163	1867.400
1383	1867.400
1083	1867.500
1313	1867.600
1123	1867.700
1353	1867.700
1633	1867.700
1143	1867.900
1543	1867.900
1693	1867.900
1003	1868.000
1533	1868.000
1673	1868.000
1763	1868.000
1193	1868.100
1783	1868.100
1373	1868.300
1553	1868.300
1043	1868.400
1283	1868.500
1613	1868.700
1153	1868.800
1563	1868.800
1603	1868.800
1793	1868.800
1073	1868.900
1663	1868.900
1333	1869.000
1403	1869.000
1523	1869.100
1013	1869.200
1133	1869.300
1253	1869.300
1343	1869.300
1443	1869.300
1173	1869.400
1453	1869.500
1473	1869.500
1263	1869.600
1753	1869.600
1023	1869.700
1643	1869.700
1213	1870.000
1363	1870.000
1413	1870.000
1113	1870.200
1243	1870.300
1623	1870.400
1293	1870.500
1463	1870.500
1593	1870.500
1713	1870.500
1223	1871.100
1573	1871.100
1733	1871.200
1323	1871.400
1773	1871.500
1723	1871.700
1203	1871.900
1423	1871.900
1103	1872.000
1703	1872.000
1093	1872.100
1303	1872.100
1653	1872.100
1683	1872.100
1393	1872.200
1183	1872.300
1273	1872.300
1503	1872.300
1063	1872.600
1233	1872.600
1583	1872.600
1433	1872.700
1033	1872.800
1743	1872.900
1483	1873.000
1493	1873.200
1163	1873.300
1383	1873.300
1513	1873.300
1053	1873.500
1083	1873.500
1123	1873.700
1313	1873.700
1353	1873.700
1633	1873.700
1543	1873.800
1143	1873.900
1533	1873.900
1673	1873.900
1693	1873.900
1003	1874.000
1763	1874.000
1193	1874.100
1783	1874.100
1553	1874.200
1373	1874.300
1043	1874.400
1283	1874.500
1613	1874.600
1153	1874.700
1603	1874.700
1793	1874.700
1073	1874.800
1563	1874.800
1663	1874.800
1403	1875.000
1523	1875.000
1013	1875.100
1333	1875.100
1343	1875.200
1443	1875.200
1133	1875.300
1253	1875.300
1173	1875.400
1453	1875.500
1473	1875.500
1263	1875.600
1643	1875.600
1753	1875.600
1023	1875.700
1413	1875.900
1213	1876.000
1363	1876.000
1113	1876.200
1243	1876.200
1623	1876.300
1293	1876.400
1463	1876.400
1713	1876.400
1593	1876.500
1223	1877.100
1573	1877.100
1733	1877.200
1323	1877.300
1773	1877.500
1723	1877.700
1103	1877.900
1203	1877.900
1423	1877.900
1093	1878.000
1303	1878.000
1683	1878.000
1393	1878.100
1653	1878.100
1703	1878.100
1183	1878.200
1503	1878.200
1273	1878.300
1233	1878.500
1583	1878.500
1033	1878.600
1063	1878.600
1433	1878.600
1743	1878.900
1483	1879.000
1493	1879.100
1383	1879.200
1513	1879.200
1083	1879.300
1163	1879.400
1053	1879.500
1123	1879.600
1353	1879.600
1313	1879.700
1543	1879.700
1633	1879.700
1673	1879.700
1143	1879.800
1693	1879.800
1003	1879.900
1533	1879.900
1763	1879.900
1193	1880.000
1783	1880.000
1553	1880.100
1373	1880.200
1043	1880.400
1283	1880.400
1613	1880.500
1603	1880.600
1793	1880.600
1073	1880.700
1153	1880.700
1663	1880.700
1563	1880.800
1523	1880.900
1013	1881.000
1333	1881.000
1403	1881.000
1343	1881.100
1443	1881.100
1133	1881.200
1253	1881.200
1173	1881.400
1473	1881.400
1753	1881.500
1263	1881.600
1453	1881.600
1643	1881.600
1023	1881.700
1413	1881.800
1213	1882.000
1363	1882.000
1113	1882.100
1243	1882.100
1293	1882.200
1623	1882.200
1463	1882.300
1713	1882.300
1593	1882.500
1573	1883.000
1223	1883.100
1733	1883.100
1323	1883.200
1773	1883.400
1723	1883.700
1093	1883.800
1203	1883.800
1423	1883.800
1103	1883.900
1303	1883.900
1653	1884.000
1683	1884.000
1183	1884.100
1393	1884.100
1503	1884.100
1703	1884.100
1273	1884.300
1233	1884.400
1583	1884.400
1033	1884.500
1063	1884.500
1433	1884.600
1743	1884.900
1483	1885.000
1493	1885.000
1383	1885.100
1083	1885.200
1513	1885.200
1163	1885.300
1053	1885.500
1123	1885.500
1353	1885.500
1543	1885.600
1673	1885.600
1143	1885.700
1313	1885.700
1633	1885.700
1693	1885.700
1763	1885.800
1003	1885.900
1193	1885.900
1533	1885.900
1553	1886.000
1783	1886.000
1373	1886.100
1043	1886.300
1283	1886.300
1613	1886.400
1603	1886.500
1793	1886.500
1073	1886.700
1153	1886.700
1663	1886.700
1523	1886.800
1563	1886.800
1013	1886.900
1403	1886.900
1333	1887.000
1343	1887.000
1443	1887.000
1133	1887.100
1253	1887.100
1473	1887.300
1173	1887.400
1753	1887.400
1263	1887.500
1643	1887.500
1023	1887.600
1453	1887.600
1413	1887.700
1113	1887.900
1213	1887.900
1363	1887.900
1243	1888.000
1293	1888.100
1463	1888.100
1623	1888.100
1713	1888.200
1593	1888.500
1573	1888.800
1733	1888.900
1223	1889.000
1323	1889.100
1773	1889.300
1093	1889.600
1423	1889.600
1723	1889.600
1203	1889.700
1103	1889.800
1303	1889.800
1653	1889.800
1503	1889.900
1183	1890.000
1393	1890.000
1683	1890.000
1703	1890.100
1273	1890.200
1033	1890.300
1233	1890.300
1583	1890.300
1063	1890.400
1433	1890.500
1743	1890.700
1383	1890.900
1483	1890.900
1493	1890.900
1083	1891.000
1513	1891.000
1163	1891.200
1123	1891.400
1353	1891.400
1053	1891.500
1143	1891.500
1543	1891.500
1673	1891.500
1633	1891.600
1693	1891.600
1313	1891.700
1763	1891.700
1193	1891.800
1533	1891.800
1003	1891.900
1553	1891.900
1783	1891.900
1373	1892.000
1043	1892.200
1283	1892.200
1613	1892.300
1603	1892.400
1793	1892.400
1073	1892.600
1153	1892.600
1663	1892.600
1523	1892.700
1563	1892.700
1013	1892.800
1333	1892.800
1403	1892.800
1343	1892.900
1443	1892.900
1133	1893.000
1253	1893.000
1473	1893.200
1173	1893.300
1753	1893.300
1263	1893.400
1643	1893.400
1023	1893.500
1413	1893.500
1453	1893.600
1113	1893.800
1243	1893.800
1363	1893.800
1213	1893.900
1463	1893.900
1293	1894.000
1623	1894.000
1713	1894.100
1593	1894.500
1573	1894.700
1733	1894.700
1223	1894.900
1323	1895.000
1773	1895.200
1093	1895.400
1423	1895.500
1723	1895.500
1203	1895.600
1653	1895.600
1103	1895.700
1303	1895.700
1503	1895.700
1183	1895.900
1393	1895.900
1683	1895.900
1033	1896.100
1273	1896.100
1703	1896.100
1063	1896.200
1233	1896.200
1583	1896.200
1433	1896.500
1743	1896.600
1083	1896.800
1383	1896.800
1483	1896.800
1493	1896.800
1513	1896.800
1163	1897.100
1123	1897.300
1353	1897.300
1543	1897.300
1143	1897.400
1673	1897.400
1053	1897.500
1633	1897.500
1693	1897.500
1193	1897.600
1533	1897.600
1763	1897.600
1313	1897.700
1783	1897.700
1553	1897.800
1003	1897.900
1373	1897.900
1283	1898.000
1043	1898.100
1603	1898.200
1613	1898.200
1793	1898.200
1073	1898.400
1153	1898.500
1663	1898.500
1013	1898.600
1523	1898.600
1563	1898.600
1333	1898.700
1343	1898.700
1403	1898.700
1253	1898.800
1443	1898.800
1133	1898.900
1473	1899.100
1173	1899.200
1753	1899.200
1023	1899.300
1263	1899.300
1413	1899.300
1643	1899.300
1453	1899.500
1113	1899.600
1243	1899.700
1363	1899.700
1293	1899.800
1463	1899.800
1213	1899.900
1623	1899.900
1713	1900.000
1573	1900.500
1593	1900.500
1733	1900.500
1223	1900.800
1323	1900.800
1773	1901.000
1093	1901.200
1423	1901.400
1653	1901.400
1723	1901.400
1103	1901.500
1203	1901.500
1303	1901.600
1503	1901.600
1183	1901.800
1393	1901.800
1683	1901.800
1273	1901.900
1033	1902.000
1233	1902.000
1583	1902.000
1063	1902.100
1703	1902.100
1433	1902.400
1743	1902.400
1083	1902.600
1513	1902.600
1383	1902.700
1483	1902.700
1493	1902.700
1163	1902.900
1543	1903.100
1123	1903.200
1353	1903.200
1143	1903.300
1673	1903.300
1053	1903.400
1193	1903.400
1633	1903.400
1693	1903.400
1533	1903.500
1763	1903.500
1783	1903.500
1313	1903.600
1553	1903.700
1003	1903.800
1373	1903.800
1283	1903.900
1043	1904.000
1603	1904.000
1613	1904.000
1793	1904.000
1073	1904.300
1153	1904.300
1013	1904.400
1523	1904.400
1663	1904.400
1343	1904.500
1563	1904.500
1253	1904.600
1333	1904.600
1403	1904.600
1443	1904.600
1133	1904.800
1473	1905.000
1023	1905.100
1173	1905.100
1263	1905.100
1413	1905.100
1643	1905.100
1753	1905.100
1113	1905.400
1453	1905.400
1243	1905.500
1293	1905.600
1363	1905.600
1463	1905.600
1623	1905.800
1213	1905.900
1713	1905.900
1573	1906.300
1733	1906.300
1593	1906.400
1323	1906.600
1223	1906.800
1773	1906.800
1093	1907.000
1423	1907.200
1723	1907.200
1653	1907.300
1103	1907.400
1203	1907.400
1303	1907.400
1503	1907.500
1183	1907.600
1683	1907.600
1393	1907.700
1033	1907.800
1233	1907.800
1273	1907.800
1583	1907.800
1063	1908.000
1703	1908.000
1433	1908.200
1743	1908.200
1083	1908.400
1513	1908.400
1493	1908.500
1383	1908.600
1483	1908.600
1163	1908.700
1543	1908.900
1123	1909.100
1143	1909.100
1353	1909.100
1673	1909.100
1193	1909.200
1053	1909.300
1633	1909.300
1693	1909.300
1763	1909.300
1783	1909.300
1533	1909.400
1313	1909.500
1553	1909.500
1003	1909.600
1373	1909.600
1283	1909.700
1043	1909.800
1603	1909.800
1613	1909.800
1793	1909.800
1073	1910.100
1153	1910.100
1013	1910.200
1523	1910.300
1253	1910.400
1343	1910.400
1443	1910.400
1563	1910.400
1663	1910.400
1333	1910.500
1403	1910.500
1133	1910.600
1413	1910.900
1473	1910.900
1643	1910.900
1753	1910.900
1023	1911.000
1173	1911.000
1263	1911.000
1113	1911.200
1453	1911.200
1243	1911.300
1293	1911.400
1463	1911.400
1363	1911.500
1623	1911.700
1713	1911.700
1213	1911.800
1573	1912.100
1733	1912.100
1323	1912.300
1593	1912.300
1773	1912.600
1223	1912.700
1093	1912.800
1423	1913.000
1723	1913.100
1103	1913.200
1303	1913.200
1653	1913.200
1203	1913.300
1503	1913.300
1183	1913.400
1683	1913.400
1033	1913.600
1233	1913.600
1273	1913.600
1393	1913.600
1583	1913.700
1063	1913.800
1703	1913.900
1433	1914.000
1743	1914.000
1083	1914.200
1513	1914.200
1493	1914.300
1383	1914.400
1163	1914.500
1483	1914.500
1543	1914.700
1143	1914.900
1673	1914.900
1123	1915.000
1193	1915.000
1353	1915.000
1633	1915.100
1693	1915.100
1763	1915.100
1783	1915.100
1053	1915.200
1533	1915.200
1553	1915.300
1003	1915.400
1283	1915.400
1373	1915.400
1313	1915.500
1043	1915.600
1603	1915.600
1613	1915.600
1793	1915.600
1073	1915.900
1153	1915.900
1013	1916.000
1343	1916.100
1523	1916.100
1253	1916.200
1443	1916.200
1333	1916.300
1563	1916.300
1663	1916.300
1133	1916.400
1403	1916.400
1643	1916.700
1753	1916.700
1023	1916.800
1173	1916.800
1263	1916.800
1413	1916.800
1473	1916.800
1113	1917.000
1453	1917.000
1243	1917.100
1293	1917.200
1463	1917.200
1363	1917.400
1623	1917.500
1713	1917.500
1213	1917.700
1573	1917.900
1733	1917.900
1323	1918.000
1593	1918.200
1773	1918.400
1093	1918.600
1223	1918.600
1423	1918.800
1303	1919.000
1723	1919.000
1103	1919.100
1203	1919.100
1503	1919.100
1653	1919.100
1183	1919.200
1683	1919.200
1033	1919.400
1233	1919.400
1273	1919.500
1393	1919.500
1583	1919.500
1063	1919.700
1433	1919.800
1703	1919.900
1743	1919.900
1083	1920.000
1493	1920.100
1513	1920.100
1383	1920.200
1163	1920.400
1483	1920.400
1543	1920.500
1143	1920.700
1673	1920.700
1193	1920.800
1353	1920.800
1123	1920.900
1633	1920.900
1693	1920.900
1783	1920.900
1053	1921.000
1763	1921.000
1533	1921.100
1003	1921.200
1283	1921.200
1373	1921.200
1553	1921.200
1603	1921.400
1613	1921.400
1793	1921.400
1043	1921.500
1313	1921.500
1073	1921.700
1013	1921.800
1153	1921.800
1343	1921.800
1523	1921.900
1253	1922.000
1443	1922.000
1333	1922.100
1563	1922.100
1663	1922.100
1133	1922.200
1403	1922.300
1173	1922.500
1643	1922.500
1753	1922.500
1023	1922.600
1263	1922.600
1473	1922.600
1413	1922.700
1113	1922.800
1453	1922.800
1243	1922.900
1293	1922.900
1463	1923.000
1363	1923.200
1623	1923.300
1713	1923.300
1213	1923.600
1573	1923.700
1733	1923.700
1323	1923.800
1593	1924.200
1773	1924.200
1093	1924.400
1223	1924.500
1423	1924.700
1303	1924.800
1503	1924.800
1723	1924.800
1103	1924.900
1183	1924.900
1203	1924.900
1653	1924.900
1683	1925.000
1033	1925.200
1233	1925.200
1273	1925.300
1393	1925.300
1583	1925.400
1063	1925.500
1433	1925.600
1083	1925.800
1703	1925.800
1743	1925.800
1493	1925.900
1513	1925.900
1383	1926.100
1163	1926.200
1483	1926.300
1543	1926.300
1673	1926.500
1143	1926.600
1193	1926.600
1353	1926.600
1633	1926.700
1693	1926.700
1783	1926.700
1123	1926.800
1763	1926.800
1053	1926.900
1283	1927.000
1373	1927.000
1533	1927.000
1553	1927.000
1003	1927.100
1603	1927.200
1613	1927.200
1793	1927.200
1043	1927.400
1073	1927.500
1313	1927.500
1013	1927.600
1343	1927.600
1153	1927.700
1523	1927.700
1253	1927.800
1443	1927.800
1663	1927.900
1133	1928.000
1333	1928.000
1563	1928.000
1403	1928.200
1173	1928.300
1643	1928.300
1753	1928.300
1023	1928.400
1263	1928.400
1473	1928.400
1113	1928.600
1413	1928.600
1243	1928.700
1293	1928.700
1453	1928.700
1463	1928.900
1363	1929.000
1623	1929.100
1713	1929.100
1213	1929.500
1573	1929.500
1733	1929.500
1323	1929.600
1773	1929.900
1593	1930.100
1093	1930.200
1223	1930.400
1423	1930.500
1183	1930.600
1503	1930.600
1723	1930.600
1103	1930.700
1203	1930.700
1303	1930.700
1653	1930.700
1683	1930.800
1033	1930.900
1233	1930.900
1273	1931.100
1393	1931.200
1583	1931.200
1063	1931.400
1433	1931.400
1083	1931.600
1703	1931.600
1743	1931.600
1493	1931.700
1513	1931.700
1383	1931.900
1163	1932.000
1483	1932.100
1543	1932.100
1673	1932.200
1353	1932.300
1193	1932.400
1143	1932.500
1633	1932.500
1693	1932.500
1763	1932.600
1783	1932.600
1053	1932.700
1123	1932.700
1283	1932.800
1373	1932.800
1533	1932.800
1553	1932.800
1003	1932.900
1603	1933.000
1613	1933.000
1793	1933.000
1043	1933.300
1073	1933.300
1013	1933.400
1313	1933.400
1343	1933.400
1523	1933.500
1153	1933.600
1253	1933.600
1443	1933.600
1663	1933.700
1133	1933.800
1563	1933.800
1333	1933.900
1643	1934.000
1173	1934.100
1403	1934.100
1263	1934.200
1473	1934.200
1753	1934.200
1023	1934.300
1113	1934.400
1243	1934.400
1413	1934.400
1293	1934.500
1453	1934.600
1463	1934.700
1363	1934.800
1623	1934.900
1713	1934.900
1323	1935.300
1573	1935.300
1733	1935.300
1213	1935.400
1773	1935.700
1093	1936.000
1593	1936.000
1223	1936.200
1423	1936.300
1183	1936.400
1503	1936.400
1723	1936.400
1103	1936.500
1303	1936.500
1653	1936.500
1033	1936.600
1203	1936.600
1683	1936.600
1233	1936.700
1273	1937.000
1393	1937.000
1583	1937.000
1433	1937.100
1063	1937.200
1083	1937.300
1493	1937.400
1743	1937.400
1513	1937.500
1703	1937.500
1383	1937.700
1163	1937.800
1483	1937.900
1543	1937.900
1673	1938.000
1353	1938.100
1193	1938.200
1633	1938.200
1693	1938.300
1143	1938.400
1763	1938.400
1783	1938.500
1053	1938.600
1123	1938.600
1283	1938.600
1373	1938.600
1533	1938.600
1553	1938.600
1003	1938.700
1603	1938.800
1613	1938.800
1793	1938.800
1043	1939.100
1073	1939.100
1013	1939.200
1343	1939.200
1313	1939.300
1443	1939.300
1523	1939.300
1153	1939.400
1253	1939.400
1663	1939.500
1133	1939.600
1563	1939.600
1333	1939.700
1643	1939.800
1173	1939.900
1403	1939.900
1263	1940.000
1473	1940.000
1753	1940.000
1023	1940.100
1113	1940.200
1243	1940.200
1293	1940.200
1413	1940.200
1463	1940.400
1453	1940.500
1363	1940.600
1623	1940.700
1713	1940.800
1323	1941.000
1573	1941.000
1733	1941.100
1213	1941.400
1773	1941.500
1093	1941.800
1593	1941.900
1223	1942.000
1423	1942.100
1183	1942.200
1503	1942.200
1723	1942.200
1033	1942.300
1103	1942.300
1303	1942.300
1653	1942.300
1203	1942.400
1683	1942.400
1233	1942.500
1583	1942.800
1273	1942.900
1393	1942.900
1433	1942.900
1063	1943.000
1083	1943.000
1493	1943.100
1743	1943.200
1513	1943.300
1703	1943.400
1383	1943.500
1163	1943.600
1483	1943.700
1543	1943.700
1673	1943.800
1353	1943.900
1193	1944.000
1633	1944.000
1693	1944.100
1143	1944.200
1763	1944.200
1783	1944.300
1053	1944.400
1283	1944.400
1373	1944.400
1533	1944.400
1553	1944.400
1123	1944.500
1613	1944.500
1003	1944.600
1603	1944.600
1793	1944.600
1043	1944.900
1073	1944.900
1013	1945.000
1343	1945.000
1253	1945.100
1443	1945.100
1523	1945.100
1153	1945.200
1313	1945.200
1663	1945.200
1133	1945.400
1563	1945.400
1333	1945.500
1643	1945.600
1173	1945.700
1263	1945.700
1403	1945.800
1473	1945.800
1753	1945.800
1023	1945.900
1113	1945.900
1243	1946.000
1293	1946.000
1413	1946.000
1463	1946.200
1363	1946.400
1453	1946.400
1623	1946.500
1713	1946.600
1323	1946.700
1573	1946.700
1733	1946.800
1773	1947.200
1213	1947.300
1093	1947.600
1223	1947.800
1593	1947.800
1423	1947.900
1183	1948.000
1503	1948.000
1723	1948.000
1033	1948.100
1303	1948.100
1653	1948.100
1103	1948.200
1203	1948.200
1683	1948.200
1233	1948.300
1583	1948.600
1083	1948.700
1273	1948.700
1393	1948.700
1433	1948.700
1063	1948.800
1493	1948.900
1743	1949.000
1513	1949.100
1383	1949.300
1703	1949.300
1163	1949.400
1483	1949.500
1543	1949.500
1673	1949.600
1353	1949.700
1193	1949.800
1633	1949.800
1693	1949.900
1143	1950.000
1763	1950.000
1783	1950.100
1053	1950.200
1283	1950.200
1533	1950.200
1553	1950.200
1373	1950.300
1613	1950.300
1123	1950.400
1793	1950.400
1003	1950.500
1603	1950.500
1043	1950.700
1073	1950.700
1013	1950.800
1343	1950.800
1253	1950.900
1443	1950.900
1523	1950.900
1153	1951.000
1663	1951.000
1313	1951.100
1133	1951.200
1563	1951.200
1333	1951.300
1263	1951.400
1643	1951.400
1173	1951.500
1113	1951.600
1473	1951.600
1753	1951.600
1023	1951.700
1403	1951.700
1243	1951.800
1293	1951.800
1413	1951.800
1463	1952.000
1363	1952.100
1453	1952.300
1623	1952.300
1323	1952.400
1573	1952.400
1713	1952.400
1733	1952.500
1773	1952.900
1213	1953.200
1093	1953.300
1223	1953.600
1593	1953.600
1183	1953.700
1423	1953.700
1503	1953.700
1033	1953.900
1303	1953.900
1653	1953.900
1723	1953.900
1103	1954.000
1203	1954.000
1233	1954.000
1683	1954.000
1583	1954.300
1083	1954.400
1273	1954.500
1393	1954.500
1433	1954.500
1063	1954.700
1493	1954.700
1743	1954.800
1513	1954.900
1383	1955.100
1163	1955.200
1703	1955.200
1543	1955.300
1483	1955.400
1673	1955.400
1353	1955.500
1193	1955.600
1633	1955.600
1693	1955.700
1143	1955.800
1763	1955.800
1283	1956.000
1553	1956.000
1613	1956.000
1783	1956.000
1053	1956.100
1373	1956.100
1533	1956.100
1793	1956.200
1003	1956.300
1123	1956.300
1603	1956.400
1043	1956.500
1073	1956.500
1013	1956.600
1343	1956.600
1253	1956.700
1443	1956.700
1523	1956.700
1663	1956.700
1153	1956.800
1133	1957.000
1313	1957.000
1333	1957.100
1563	1957.100
1263	1957.200
1643	1957.200
1113	1957.300
1173	1957.300
1473	1957.400
1753	1957.400
1023	1957.500
1293	1957.500
1403	1957.500
1243	1957.600
1413	1957.600
1463	1957.800
1363	1957.900
1323	1958.100
1623	1958.100
1453	1958.200
1573	1958.200
1713	1958.200
1733	1958.200
1773	1958.600
1093	1959.000
1213	1959.100
1183	1959.400
1223	1959.400
1593	1959.400
1423	1959.500
1503	1959.500
1033	1959.600
1233	1959.700
1303	1959.700
1653	1959.700
1723	1959.700
1103	1959.800
1203	1959.800
1683	1959.800
1083	1960.100
1583	1960.100
1433	1960.200
1273	1960.300
1393	1960.300
1063	1960.500
1493	1960.500
1513	1960.600
1743	1960.600
1163	1960.900
1383	1960.900
1543	1961.100
1703	1961.100
1353	1961.200
1673	1961.200
1483	1961.300
1193	1961.400
1633	1961.400
1693	1961.500
1143	1961.600
1763	1961.600
1613	1961.700
1283	1961.800
1553	1961.800
1783	1961.800
1053	1961.900
1373	1961.900
1533	1961.900
1793	1962.000
1003	1962.100
1123	1962.100
1603	1962.200
1013	1962.300
1043	1962.300
1073	1962.300
1343	1962.400
1523	1962.400
1253	1962.500
1443	1962.500
1663	1962.500
1133	1962.700
1153	1962.700
1313	1962.900
1263	1963.000
1333	1963.000
1563	1963.000
1643	1963.000
1113	1963.100
1173	1963.100
1473	1963.200
1753	1963.200
1023	1963.300
1293	1963.300
1413	1963.300
1243	1963.400
1403	1963.400
1463	1963.600
1363	1963.700
1323	1963.800
1573	1963.900
1623	1963.900
1733	1963.900
1453	1964.000
1713	1964.000
1773	1964.300
1093	1964.800
1213	1965.000
1183	1965.100
1223	1965.200
1503	1965.200
1423	1965.300
1593	1965.300
1033	1965.400
1233	1965.400
1303	1965.500
1653	1965.500
1103	1965.600
1203	1965.600
1683	1965.600
1723	1965.600
1083	1965.800
1583	1965.800
1433	1966.000
1393	1966.100
1273	1966.200
1493	1966.300
1063	1966.400
1513	1966.400
1743	1966.400
1163	1966.700
1383	1966.700
1543	1966.900
1673	1966.900
1353	1967.000
1703	1967.000
1483	1967.100
1193	1967.200
1633	1967.200
1143	1967.300
1693	1967.300
1613	1967.400
1763	1967.400
1283	1967.600
1553	1967.600
1783	1967.600
1373	1967.700
1533	1967.700
1053	1967.800
1793	1967.800
1003	1967.900
1123	1967.900
1013	1968.000
1073	1968.000
1603	1968.000
1043	1968.100
1523	1968.100
1343	1968.200
1253	1968.300
1443	1968.300
1663	1968.300
1133	1968.400
1153	1968.500
1643	1968.700
1113	1968.800
1263	1968.800
1313	1968.800
1333	1968.800
1173	1968.900
1563	1968.900
1413	1969.000
1473	1969.000
1753	1969.000
1023	1969.100
1293	1969.100
1243	1969.200
1403	1969.300
1463	1969.300
1323	1969.500
1363	1969.500
1573	1969.600
1733	1969.600
1623	1969.700
1713	1969.800
1453	1969.900
1773	1970.100
1093	1970.600
1183	1970.800
1213	1970.900
1223	1971.000
1503	1971.000
1033	1971.100
1423	1971.100
1233	1971.200
1593	1971.200
1303	1971.300
1653	1971.300
1103	1971.400
1203	1971.400
1683	1971.400
1723	1971.400
1083	1971.500
1583	1971.500
1433	1971.800
1393	1971.900
1273	1972.000
1493	1972.100
1513	1972.200
1743	1972.200
1063	1972.300
1163	1972.500
1383	1972.500
1543	1972.700
1673	1972.700
1353	1972.800
1703	1972.800
1483	1972.900
1143	1973.000
1193	1973.000
1633	1973.000
1693	1973.100
1613	1973.200
1763	1973.200
1283	1973.400
1373	1973.400
1533	1973.400
1553	1973.400
1783	1973.400
1003	1973.600
1053	1973.600
1793	1973.600
1123	1973.700
1013	1973.800
1073	1973.800
1603	1973.800
1043	1973.900
1523	1973.900
1343	1974.000
1443	1974.000
1133	1974.100
1253	1974.100
1663	1974.100
1153	1974.200
1643	1974.400
1113	1974.500
1263	1974.600
1333	1974.600
1173	1974.700
1313	1974.700
1413	1974.700
1473	1974.700
1563	1974.700
1293	1974.800
1753	1974.800
1023	1974.900
1243	1974.900
1463	1975.000
1403	1975.100
1323	1975.200
1363	1975.300
1573	1975.300
1733	1975.300
1623	1975.500
1713	1975.600
1453	1975.700
1773	1975.800
1093	1976.400
1183	1976.600
1213	1976.800
1223	1976.800
1503	1976.800
1033	1976.900
1423	1976.900
1233	1977.000
1303	1977.100
1653	1977.100
1083	1977.200
1103	1977.200
1203	1977.200
1593	1977.200
1683	1977.200
1583	1977.300
1723	1977.300
1433	1977.600
1393	1977.700
1273	1977.800
1493	1977.900
1513	1977.900
1743	1978.000
1063	1978.100
1163	1978.300
1383	1978.300
1543	1978.500
1673	1978.500
1353	1978.600
1703	1978.600
1483	1978.700
1143	1978.800
1193	1978.800
1633	1978.800
1693	1978.900
1613	1979.000
1763	1979.000
1533	1979.100
1283	1979.200
1373	1979.200
1553	1979.200
1783	1979.200
1003	1979.400
1053	1979.400
1793	1979.400
1123	1979.500
1013	1979.600
1073	1979.600
1043	1979.700
1523	1979.700
1603	1979.700
1343	1979.800
1443	1979.800
1133	1979.900
1253	1979.900
1663	1979.900
1153	1980.000
1643	1980.200
1113	1980.300
1263	1980.300
1333	1980.400
1413	1980.400
1173	1980.500
1293	1980.500
1313	1980.500
1473	1980.500
1563	1980.500
1753	1980.600
1023	1980.700
1243	1980.700
1463	1980.800
1323	1980.900
1403	1980.900
1363	1981.000
1573	1981.000
1733	1981.000
1623	1981.300
1713	1981.300
1773	1981.500
1453	1981.600
1093	1982.100
1183	1982.300
1503	1982.500
1223	1982.600
1033	1982.700
1213	1982.700
1423	1982.700
1233	1982.800
1303	1982.800
1083	1982.900
1653	1982.900
1103	1983.000
1203	1983.000
1583	1983.000
1683	1983.000
1593	1983.100
1723	1983.100
1433	1983.400
1393	1983.500
1273	1983.600
1493	1983.700
1513	1983.700
1063	1983.900
1743	1983.900
1163	1984.100
1383	1984.100
1673	1984.200
1543	1984.300
1353	1984.400
1143	1984.500
1483	1984.500
1703	1984.500
1193	1984.600
1633	1984.600
1693	1984.700
1613	1984.800
1763	1984.800
1283	1984.900
1533	1984.900
1373	1985.000
1553	1985.000
1783	1985.000
1003	1985.200
1793	1985.200
1053	1985.300
1123	1985.300
1013	1985.400
1073	1985.400
1043	1985.500
1343	1985.500
1523	1985.500
1603	1985.500
1443	1985.600
1133	1985.700
1253	1985.700
1663	1985.700
1153	1985.800
1643	1986.000
1113	1986.100
1263	1986.100
1413	1986.100
1333	1986.200
1173	1986.300
1293	1986.300
1313	1986.300
1473	1986.300
1563	1986.300
1753	1986.400
1023	1986.500
1243	1986.500
1323	1986.600
1463	1986.600
1363	1986.700
1403	1986.700
1573	1986.700
1733	1986.700
1713	1987.000
1623	1987.100
1773	1987.300
1453	1987.400
1093	1987.800
1183	1988.000
1503	1988.200
1033	1988.400
1223	1988.400
1233	1988.500
1303	1988.500
1423	1988.500
1083	1988.600
1213	1988.600
1203	1988.700
1583	1988.700
1653	1988.700
1103	1988.800
1683	1988.800
1723	1988.900
1593	1989.000
1433	1989.100
1393	1989.300
1273	1989.400
1513	1989.400
1493	1989.500
1063	1989.700
1743	1989.800
1163	1989.900
1383	1989.900
1673	1989.900
1543	1990.100
1353	1990.200
1143	1990.300
1193	1990.400
1483	1990.400
1703	1990.400
1633	1990.500
1693	1990.500
1613	1990.600
1283	1990.700
1533	1990.700
1763	1990.700
1373	1990.800
1553	1990.800
1783	1990.800
1003	1991.000
1793	1991.000
1123	1991.100
1013	1991.200
1053	1991.200
1073	1991.200
1043	1991.300
1343	1991.300
1523	1991.300
1443	1991.400
1603	1991.400
1133	1991.500
1253	1991.500
1663	1991.500
1153	1991.600
1413	1991.800
1643	1991.800
1113	1991.900
1263	1991.900
1333	1992.000
1173	1992.100
1293	1992.100
1473	1992.100
1563	1992.100
1753	1992.100
1313	1992.200
1023	1992.300
1243	1992.300
1323	1992.300
1363	1992.400
1463	1992.400
1733	1992.400
1403	1992.500
1573	1992.500
1713	1992.800
1623	1992.900
1773	1993.000
1453	1993.300
1093	1993.500
1183	1993.700
1503	1993.900
1033	1994.100
1223	1994.200
1233	1994.200
1303	1994.200
1083	1994.300
1423	1994.300
1203	1994.400
1583	1994.400
1213	1994.500
1653	1994.500
1683	1994.500
1103	1994.600
1723	1994.700
1433	1994.800
1593	1994.900
1393	1995.100
1513	1995.100
1273	1995.200
1493	1995.300
1063	1995.500
1673	1995.600
1743	1995.600
1163	1995.700
1383	1995.700
1543	1995.900
1353	1996.000
1143	1996.100
1193	1996.100
1483	1996.200
1613	1996.300
1633	1996.300
1693	1996.300
1703	1996.300
1283	1996.500
1763	1996.500
1373	1996.600
1533	1996.600
1553	1996.600
1783	1996.600
1003	1996.800
1793	1996.800
1123	1996.900
1013	1997.000
1073	1997.000
1523	1997.000
1043	1997.100
1053	1997.100
1343	1997.100
1443	1997.200
1133	1997.300
1253	1997.300
1603	1997.300
1663	1997.300
1153	1997.400
1413	1997.600
1643	1997.600
1113	1997.700
1263	1997.700
1293	1997.800
1333	1997.800
1173	1997.900
1473	1997.900
1563	1997.900
1753	1997.900
1023	1998.100
1243	1998.100
1323	1998.100
1313	1998.200
1363	1998.200
1463	1998.200
1733	1998.200
1573	1998.300
1403	1998.400
1713	1998.600
1623	1998.700
1773	1998.700
1093	1999.200
1453	1999.200
1183	1999.400
1503	1999.600
1033	1999.900
1233	1999.900
1303	1999.900
1083	2000.000
1223	2000.000
1423	2000.000
