# NEST version: UNKNOWN
# RecordingBackendASCII version: 2
sender	time_ms	w
808	1.000	0.000
808	2.000	0.000
808	3.000	0.000
808	4.000	0.000
808	5.000	0.000
808	6.000	0.000
808	7.000	0.000
808	8.000	0.000
808	9.000	0.000
808	10.000	0.000
808	11.000	0.000
808	12.000	0.000
808	13.000	0.000
808	14.000	0.000
808	15.000	0.000
808	16.000	0.000
808	17.000	0.000
808	18.000	0.000
808	19.000	0.000
808	20.000	0.000
808	21.000	0.000
808	22.000	0.000
808	23.000	0.000
808	24.000	0.000
808	25.000	0.000
808	26.000	0.000
808	27.000	0.000
808	28.000	0.000
808	29.000	0.000
808	30.000	0.000
808	31.000	0.000
808	32.000	0.000
808	33.000	0.000
808	34.000	0.000
808	35.000	0.000
808	36.000	0.000
808	37.000	0.000
808	38.000	0.000
808	39.000	0.000
808	40.000	0.000
808	41.000	0.000
808	42.000	0.000
808	43.000	0.000
808	44.000	0.000
808	45.000	0.000
808	46.000	0.000
808	47.000	0.000
808	48.000	0.000
808	49.000	0.000
808	50.000	0.000
808	51.000	0.000
808	52.000	0.000
808	53.000	0.000
808	54.000	0.000
808	55.000	0.000
808	56.000	0.000
808	57.000	0.000
808	58.000	0.000
808	59.000	0.000
808	60.000	0.000
808	61.000	0.000
808	62.000	0.000
808	63.000	0.000
808	64.000	0.000
808	65.000	0.000
808	66.000	0.000
808	67.000	0.000
808	68.000	0.000
808	69.000	0.000
808	70.000	0.000
808	71.000	0.000
808	72.000	0.000
808	73.000	0.000
808	74.000	0.000
808	75.000	0.000
808	76.000	0.000
808	77.000	0.000
808	78.000	0.000
808	79.000	0.000
808	80.000	0.000
808	81.000	0.000
808	82.000	0.000
808	83.000	0.000
808	84.000	0.000
808	85.000	0.000
808	86.000	0.000
808	87.000	0.000
808	88.000	0.000
808	89.000	0.000
808	90.000	0.000
808	91.000	0.000
808	92.000	0.000
808	93.000	0.000
808	94.000	0.000
808	95.000	0.000
808	96.000	0.000
808	97.000	0.000
808	98.000	0.000
808	99.000	0.000
808	100.000	0.000
808	101.000	0.000
808	102.000	0.000
808	103.000	0.000
808	104.000	0.000
808	105.000	0.000
808	106.000	0.000
808	107.000	0.000
808	108.000	0.000
808	109.000	0.000
808	110.000	0.000
808	111.000	0.000
808	112.000	0.000
808	113.000	0.000
808	114.000	0.000
808	115.000	0.000
808	116.000	0.000
808	117.000	0.000
808	118.000	0.000
808	119.000	0.000
808	120.000	0.000
808	121.000	0.000
808	122.000	0.000
808	123.000	0.000
808	124.000	0.000
808	125.000	0.000
808	126.000	0.000
808	127.000	0.000
808	128.000	0.000
808	129.000	0.000
808	130.000	0.000
808	131.000	0.000
808	132.000	0.000
808	133.000	0.000
808	134.000	0.000
808	135.000	0.000
808	136.000	0.000
808	137.000	0.000
808	138.000	0.000
808	139.000	0.000
808	140.000	0.000
808	141.000	0.000
808	142.000	0.000
808	143.000	0.000
808	144.000	0.000
808	145.000	0.000
808	146.000	0.000
808	147.000	0.000
808	148.000	0.000
808	149.000	0.000
808	150.000	0.000
808	151.000	0.000
808	152.000	0.000
808	153.000	0.000
808	154.000	0.000
808	155.000	0.000
808	156.000	0.000
808	157.000	0.000
808	158.000	0.000
808	159.000	0.000
808	160.000	0.000
808	161.000	0.000
808	162.000	0.000
808	163.000	0.000
808	164.000	0.000
808	165.000	0.000
808	166.000	0.000
808	167.000	0.000
808	168.000	0.000
808	169.000	0.000
808	170.000	0.000
808	171.000	0.000
808	172.000	0.000
808	173.000	0.000
808	174.000	0.000
808	175.000	0.000
808	176.000	0.000
808	177.000	0.000
808	178.000	0.000
808	179.000	0.000
808	180.000	0.000
808	181.000	0.000
808	182.000	0.000
808	183.000	0.000
808	184.000	0.000
808	185.000	0.000
808	186.000	0.000
808	187.000	0.000
808	188.000	0.000
808	189.000	0.000
808	190.000	0.000
808	191.000	0.000
808	192.000	0.000
808	193.000	0.000
808	194.000	0.000
808	195.000	0.000
808	196.000	0.000
808	197.000	0.000
808	198.000	0.000
808	199.000	0.000
808	200.000	0.000
808	201.000	0.000
808	202.000	0.000
808	203.000	0.000
808	204.000	0.000
808	205.000	0.000
808	206.000	0.000
808	207.000	0.000
808	208.000	0.000
808	209.000	0.000
808	210.000	0.000
808	211.000	0.000
808	212.000	0.000
808	213.000	0.000
808	214.000	0.000
808	215.000	0.000
808	216.000	0.000
808	217.000	0.000
808	218.000	0.000
808	219.000	0.000
808	220.000	0.000
808	221.000	0.000
808	222.000	0.000
808	223.000	0.000
808	224.000	0.000
808	225.000	0.000
808	226.000	0.000
808	227.000	0.000
808	228.000	0.000
808	229.000	0.000
808	230.000	0.000
808	231.000	0.000
808	232.000	0.000
808	233.000	0.000
808	234.000	0.000
808	235.000	0.000
808	236.000	0.000
808	237.000	0.000
808	238.000	0.000
808	239.000	0.000
808	240.000	0.000
808	241.000	0.000
808	242.000	0.000
808	243.000	0.000
808	244.000	0.000
808	245.000	0.000
808	246.000	0.000
808	247.000	0.000
808	248.000	0.000
808	249.000	0.000
808	250.000	0.000
808	251.000	0.000
808	252.000	0.000
808	253.000	0.000
808	254.000	0.000
808	255.000	0.000
808	256.000	0.000
808	257.000	0.000
808	258.000	0.000
808	259.000	0.000
808	260.000	0.000
808	261.000	0.000
808	262.000	0.000
808	263.000	0.000
808	264.000	0.000
808	265.000	0.000
808	266.000	0.000
808	267.000	0.000
808	268.000	0.000
808	269.000	0.000
808	270.000	0.000
808	271.000	0.000
808	272.000	0.000
808	273.000	0.000
808	274.000	0.000
808	275.000	0.000
808	276.000	0.000
808	277.000	0.000
808	278.000	0.000
808	279.000	0.000
808	280.000	0.000
808	281.000	0.000
808	282.000	0.000
808	283.000	0.000
808	284.000	0.000
808	285.000	0.000
808	286.000	0.000
808	287.000	0.000
808	288.000	0.000
808	289.000	0.000
808	290.000	0.000
808	291.000	0.000
808	292.000	0.000
808	293.000	0.000
808	294.000	0.000
808	295.000	0.000
808	296.000	0.000
808	297.000	0.000
808	298.000	0.000
808	299.000	0.000
808	300.000	0.000
808	301.000	0.000
808	302.000	0.000
808	303.000	0.000
808	304.000	0.000
808	305.000	0.000
808	306.000	0.000
808	307.000	0.000
808	308.000	0.000
808	309.000	0.000
808	310.000	0.000
808	311.000	0.000
808	312.000	0.000
808	313.000	0.000
808	314.000	0.000
808	315.000	0.000
808	316.000	0.000
808	317.000	0.000
808	318.000	0.000
808	319.000	0.000
808	320.000	0.000
808	321.000	0.000
808	322.000	0.000
808	323.000	0.000
808	324.000	0.000
808	325.000	0.000
808	326.000	0.000
808	327.000	0.000
808	328.000	0.000
808	329.000	0.000
808	330.000	0.000
808	331.000	0.000
808	332.000	0.000
808	333.000	0.000
808	334.000	0.000
808	335.000	0.000
808	336.000	0.000
808	337.000	0.000
808	338.000	0.000
808	339.000	0.000
808	340.000	0.000
808	341.000	0.000
808	342.000	0.000
808	343.000	0.000
808	344.000	0.000
808	345.000	0.000
808	346.000	0.000
808	347.000	0.000
808	348.000	0.000
808	349.000	0.000
808	350.000	0.000
808	351.000	0.000
808	352.000	0.000
808	353.000	0.000
808	354.000	0.000
808	355.000	0.000
808	356.000	0.000
808	357.000	0.000
808	358.000	0.000
808	359.000	0.000
808	360.000	0.000
808	361.000	0.000
808	362.000	0.000
808	363.000	0.000
808	364.000	0.000
808	365.000	0.000
808	366.000	0.000
808	367.000	0.000
808	368.000	0.000
808	369.000	0.000
808	370.000	0.000
808	371.000	0.000
808	372.000	0.000
808	373.000	0.000
808	374.000	0.000
808	375.000	0.000
808	376.000	0.000
808	377.000	0.000
808	378.000	0.000
808	379.000	0.000
808	380.000	0.000
808	381.000	0.000
808	382.000	0.000
808	383.000	0.000
808	384.000	0.000
808	385.000	0.000
808	386.000	0.000
808	387.000	0.000
808	388.000	0.000
808	389.000	0.000
808	390.000	0.000
808	391.000	0.000
808	392.000	0.000
808	393.000	0.000
808	394.000	0.000
808	395.000	0.000
808	396.000	0.000
808	397.000	0.000
808	398.000	0.000
808	399.000	0.000
808	400.000	0.000
808	401.000	0.000
808	402.000	0.000
808	403.000	0.000
808	404.000	0.000
808	405.000	0.000
808	406.000	0.000
808	407.000	0.000
808	408.000	0.000
808	409.000	0.000
808	410.000	0.000
808	411.000	0.000
808	412.000	0.000
808	413.000	0.000
808	414.000	0.000
808	415.000	0.000
808	416.000	0.000
808	417.000	0.000
808	418.000	0.000
808	419.000	0.000
808	420.000	0.000
808	421.000	0.000
808	422.000	0.000
808	423.000	0.000
808	424.000	0.000
808	425.000	0.000
808	426.000	0.000
808	427.000	0.000
808	428.000	0.000
808	429.000	0.000
808	430.000	0.000
808	431.000	0.000
808	432.000	0.000
808	433.000	0.000
808	434.000	0.000
808	435.000	0.000
808	436.000	0.000
808	437.000	0.000
808	438.000	0.000
808	439.000	0.000
808	440.000	0.000
808	441.000	0.000
808	442.000	0.000
808	443.000	0.000
808	444.000	0.000
808	445.000	0.000
808	446.000	0.000
808	447.000	0.000
808	448.000	0.000
808	449.000	0.000
808	450.000	0.000
808	451.000	0.000
808	452.000	0.000
808	453.000	0.000
808	454.000	0.000
808	455.000	0.000
808	456.000	0.000
808	457.000	0.000
808	458.000	0.000
808	459.000	0.000
808	460.000	0.000
808	461.000	0.000
808	462.000	0.000
808	463.000	0.000
808	464.000	0.000
808	465.000	0.000
808	466.000	0.000
808	467.000	0.000
808	468.000	0.000
808	469.000	0.000
808	470.000	0.000
808	471.000	0.000
808	472.000	0.000
808	473.000	0.000
808	474.000	0.000
808	475.000	0.000
808	476.000	0.000
808	477.000	0.000
808	478.000	0.000
808	479.000	0.000
808	480.000	0.000
808	481.000	0.000
808	482.000	0.000
808	483.000	0.000
808	484.000	0.000
808	485.000	0.000
808	486.000	0.000
808	487.000	0.000
808	488.000	0.000
808	489.000	0.000
808	490.000	0.000
808	491.000	0.000
808	492.000	0.000
808	493.000	0.000
808	494.000	0.000
808	495.000	0.000
808	496.000	0.000
808	497.000	0.000
808	498.000	0.000
808	499.000	0.000
808	500.000	0.000
808	501.000	0.000
808	502.000	0.000
808	503.000	0.000
808	504.000	0.000
808	505.000	0.000
808	506.000	0.000
808	507.000	0.000
808	508.000	0.000
808	509.000	0.000
808	510.000	0.000
808	511.000	0.000
808	512.000	0.000
808	513.000	0.000
808	514.000	0.000
808	515.000	0.000
808	516.000	0.000
808	517.000	0.000
808	518.000	0.000
808	519.000	0.000
808	520.000	0.000
808	521.000	0.000
808	522.000	0.000
808	523.000	0.000
808	524.000	0.000
808	525.000	0.000
808	526.000	0.000
808	527.000	0.000
808	528.000	0.000
808	529.000	0.000
808	530.000	0.000
808	531.000	0.000
808	532.000	0.000
808	533.000	0.000
808	534.000	0.000
808	535.000	0.000
808	536.000	0.000
808	537.000	0.000
808	538.000	0.000
808	539.000	0.000
808	540.000	0.000
808	541.000	0.000
808	542.000	0.000
808	543.000	0.000
808	544.000	0.000
808	545.000	0.000
808	546.000	0.000
808	547.000	0.000
808	548.000	0.000
808	549.000	0.000
808	550.000	0.000
808	551.000	0.000
808	552.000	0.000
808	553.000	0.000
808	554.000	0.000
808	555.000	0.000
808	556.000	0.000
808	557.000	0.000
808	558.000	0.000
808	559.000	0.000
808	560.000	0.000
808	561.000	0.000
808	562.000	0.000
808	563.000	0.000
808	564.000	0.000
808	565.000	0.000
808	566.000	0.000
808	567.000	0.000
808	568.000	0.000
808	569.000	0.000
808	570.000	0.000
808	571.000	0.000
808	572.000	0.000
808	573.000	0.000
808	574.000	0.000
808	575.000	0.000
808	576.000	0.000
808	577.000	0.000
808	578.000	0.000
808	579.000	0.000
808	580.000	0.000
808	581.000	0.000
808	582.000	0.000
808	583.000	0.000
808	584.000	0.000
808	585.000	0.000
808	586.000	0.000
808	587.000	0.000
808	588.000	0.000
808	589.000	0.000
808	590.000	0.000
808	591.000	0.000
808	592.000	0.000
808	593.000	0.000
808	594.000	0.000
808	595.000	0.000
808	596.000	0.000
808	597.000	0.000
808	598.000	0.000
808	599.000	0.000
808	600.000	0.000
808	601.000	0.000
808	602.000	0.000
808	603.000	0.000
808	604.000	0.000
808	605.000	0.000
808	606.000	0.000
808	607.000	0.000
808	608.000	0.000
808	609.000	0.000
808	610.000	0.000
808	611.000	0.000
808	612.000	0.000
808	613.000	0.000
808	614.000	0.000
808	615.000	0.000
808	616.000	0.000
808	617.000	0.000
808	618.000	0.000
808	619.000	0.000
808	620.000	0.000
808	621.000	0.000
808	622.000	0.000
808	623.000	0.000
808	624.000	0.000
808	625.000	0.000
808	626.000	0.000
808	627.000	0.000
808	628.000	0.000
808	629.000	0.000
808	630.000	0.000
808	631.000	0.000
808	632.000	0.000
808	633.000	0.000
808	634.000	0.000
808	635.000	0.000
808	636.000	0.000
808	637.000	0.000
808	638.000	0.000
808	639.000	0.000
808	640.000	0.000
808	641.000	0.000
808	642.000	0.000
808	643.000	0.000
808	644.000	0.000
808	645.000	0.000
808	646.000	0.000
808	647.000	0.000
808	648.000	0.000
808	649.000	0.000
808	650.000	0.000
808	651.000	0.000
808	652.000	0.000
808	653.000	0.000
808	654.000	0.000
808	655.000	0.000
808	656.000	0.000
808	657.000	0.000
808	658.000	0.000
808	659.000	0.000
808	660.000	0.000
808	661.000	0.000
808	662.000	0.000
808	663.000	0.000
808	664.000	0.000
808	665.000	0.000
808	666.000	0.000
808	667.000	0.000
808	668.000	0.000
808	669.000	0.000
808	670.000	0.000
808	671.000	0.000
808	672.000	0.000
808	673.000	0.000
808	674.000	0.000
808	675.000	0.000
808	676.000	0.000
808	677.000	0.000
808	678.000	0.000
808	679.000	0.000
808	680.000	0.000
808	681.000	0.000
808	682.000	0.000
808	683.000	0.000
808	684.000	0.000
808	685.000	0.000
808	686.000	0.000
808	687.000	0.000
808	688.000	0.000
808	689.000	0.000
808	690.000	0.000
808	691.000	0.000
808	692.000	0.000
808	693.000	0.000
808	694.000	0.000
808	695.000	0.000
808	696.000	0.000
808	697.000	0.000
808	698.000	0.000
808	699.000	0.000
808	700.000	0.000
808	701.000	0.000
808	702.000	0.000
808	703.000	0.000
808	704.000	0.000
808	705.000	0.000
808	706.000	0.000
808	707.000	0.000
808	708.000	0.000
808	709.000	0.000
808	710.000	0.000
808	711.000	0.000
808	712.000	0.000
808	713.000	0.000
808	714.000	0.000
808	715.000	0.000
808	716.000	0.000
808	717.000	0.000
808	718.000	0.000
808	719.000	0.000
808	720.000	0.000
808	721.000	0.000
808	722.000	0.000
808	723.000	0.000
808	724.000	0.000
808	725.000	0.000
808	726.000	0.000
808	727.000	0.000
808	728.000	0.000
808	729.000	0.000
808	730.000	0.000
808	731.000	0.000
808	732.000	0.000
808	733.000	0.000
808	734.000	0.000
808	735.000	0.000
808	736.000	0.000
808	737.000	0.000
808	738.000	0.000
808	739.000	0.000
808	740.000	0.000
808	741.000	0.000
808	742.000	0.000
808	743.000	0.000
808	744.000	0.000
808	745.000	0.000
808	746.000	0.000
808	747.000	0.000
808	748.000	0.000
808	749.000	0.000
808	750.000	0.000
808	751.000	0.000
808	752.000	0.000
808	753.000	0.000
808	754.000	0.000
808	755.000	0.000
808	756.000	0.000
808	757.000	0.000
808	758.000	0.000
808	759.000	0.000
808	760.000	0.000
808	761.000	0.000
808	762.000	0.000
808	763.000	0.000
808	764.000	0.000
808	765.000	0.000
808	766.000	0.000
808	767.000	0.000
808	768.000	0.000
808	769.000	0.000
808	770.000	0.000
808	771.000	0.000
808	772.000	0.000
808	773.000	0.000
808	774.000	0.000
808	775.000	0.000
808	776.000	0.000
808	777.000	0.000
808	778.000	0.000
808	779.000	0.000
808	780.000	0.000
808	781.000	0.000
808	782.000	0.000
808	783.000	0.000
808	784.000	0.000
808	785.000	0.000
808	786.000	0.000
808	787.000	0.000
808	788.000	0.000
808	789.000	0.000
808	790.000	0.000
808	791.000	0.000
808	792.000	0.000
808	793.000	0.000
808	794.000	0.000
808	795.000	0.000
808	796.000	0.000
808	797.000	0.000
808	798.000	0.000
808	799.000	0.000
808	800.000	0.000
808	801.000	0.000
808	802.000	0.000
808	803.000	0.000
808	804.000	0.000
808	805.000	0.000
808	806.000	0.000
808	807.000	0.000
808	808.000	0.000
808	809.000	0.000
808	810.000	0.000
808	811.000	0.000
808	812.000	0.000
808	813.000	0.000
808	814.000	0.000
808	815.000	0.000
808	816.000	0.000
808	817.000	0.000
808	818.000	0.000
808	819.000	0.000
808	820.000	0.000
808	821.000	0.000
808	822.000	0.000
808	823.000	0.000
808	824.000	0.000
808	825.000	0.000
808	826.000	0.000
808	827.000	0.000
808	828.000	0.000
808	829.000	0.000
808	830.000	0.000
808	831.000	0.000
808	832.000	0.000
808	833.000	0.000
808	834.000	0.000
808	835.000	0.000
808	836.000	0.000
808	837.000	0.000
808	838.000	0.000
808	839.000	0.000
808	840.000	0.000
808	841.000	0.000
808	842.000	0.000
808	843.000	0.000
808	844.000	0.000
808	845.000	0.000
808	846.000	0.000
808	847.000	0.000
808	848.000	0.000
808	849.000	0.000
808	850.000	0.000
808	851.000	0.000
808	852.000	0.000
808	853.000	0.000
808	854.000	0.000
808	855.000	0.000
808	856.000	0.000
808	857.000	0.000
808	858.000	0.000
808	859.000	0.000
808	860.000	0.000
808	861.000	0.000
808	862.000	0.000
808	863.000	0.000
808	864.000	0.000
808	865.000	0.000
808	866.000	0.000
808	867.000	0.000
808	868.000	0.000
808	869.000	0.000
808	870.000	0.000
808	871.000	0.000
808	872.000	0.000
808	873.000	0.000
808	874.000	0.000
808	875.000	0.000
808	876.000	0.000
808	877.000	0.000
808	878.000	0.000
808	879.000	0.000
808	880.000	0.000
808	881.000	0.000
808	882.000	0.000
808	883.000	0.000
808	884.000	0.000
808	885.000	0.000
808	886.000	0.000
808	887.000	0.000
808	888.000	0.000
808	889.000	0.000
808	890.000	0.000
808	891.000	0.000
808	892.000	0.000
808	893.000	0.000
808	894.000	0.000
808	895.000	0.000
808	896.000	0.000
808	897.000	0.000
808	898.000	0.000
808	899.000	0.000
808	900.000	0.000
808	901.000	0.000
808	902.000	0.000
808	903.000	0.000
808	904.000	0.000
808	905.000	0.000
808	906.000	0.000
808	907.000	0.000
808	908.000	0.000
808	909.000	0.000
808	910.000	0.000
808	911.000	0.000
808	912.000	0.000
808	913.000	0.000
808	914.000	0.000
808	915.000	0.000
808	916.000	0.000
808	917.000	0.000
808	918.000	0.000
808	919.000	0.000
808	920.000	0.000
808	921.000	0.000
808	922.000	0.000
808	923.000	0.000
808	924.000	0.000
808	925.000	0.000
808	926.000	0.000
808	927.000	0.000
808	928.000	0.000
808	929.000	0.000
808	930.000	0.000
808	931.000	0.000
808	932.000	0.000
808	933.000	0.000
808	934.000	0.000
808	935.000	0.000
808	936.000	0.000
808	937.000	0.000
808	938.000	0.000
808	939.000	0.000
808	940.000	0.000
808	941.000	0.000
808	942.000	0.000
808	943.000	0.000
808	944.000	0.000
808	945.000	0.000
808	946.000	0.000
808	947.000	0.000
808	948.000	0.000
808	949.000	0.000
808	950.000	0.000
808	951.000	0.000
808	952.000	0.000
808	953.000	0.000
808	954.000	0.000
808	955.000	0.000
808	956.000	0.000
808	957.000	0.000
808	958.000	0.000
808	959.000	0.000
808	960.000	0.000
808	961.000	0.000
808	962.000	0.000
808	963.000	0.000
808	964.000	0.000
808	965.000	0.000
808	966.000	0.000
808	967.000	0.000
808	968.000	0.000
808	969.000	0.000
808	970.000	0.000
808	971.000	0.000
808	972.000	0.000
808	973.000	0.000
808	974.000	0.000
808	975.000	0.000
808	976.000	0.000
808	977.000	0.000
808	978.000	0.000
808	979.000	0.000
808	980.000	0.000
808	981.000	0.000
808	982.000	0.000
808	983.000	0.000
808	984.000	0.000
808	985.000	0.000
808	986.000	0.000
808	987.000	0.000
808	988.000	0.000
808	989.000	0.000
808	990.000	0.000
808	991.000	0.000
808	992.000	0.000
808	993.000	0.000
808	994.000	0.000
808	995.000	0.000
808	996.000	0.000
808	997.000	0.000
808	998.000	0.000
808	999.000	0.000
808	1000.000	0.000
808	1001.000	0.000
808	1002.000	0.000
808	1003.000	0.000
808	1004.000	0.000
808	1005.000	0.000
808	1006.000	0.000
808	1007.000	0.000
808	1008.000	0.000
808	1009.000	0.000
808	1010.000	0.000
808	1011.000	0.000
808	1012.000	0.000
808	1013.000	0.000
808	1014.000	0.000
808	1015.000	0.000
808	1016.000	0.000
808	1017.000	0.000
808	1018.000	0.000
808	1019.000	0.000
808	1020.000	0.000
808	1021.000	0.000
808	1022.000	0.000
808	1023.000	0.000
808	1024.000	0.000
808	1025.000	0.000
808	1026.000	0.000
808	1027.000	0.000
808	1028.000	0.000
808	1029.000	0.000
808	1030.000	0.000
808	1031.000	0.000
808	1032.000	0.000
808	1033.000	0.000
808	1034.000	0.000
808	1035.000	0.000
808	1036.000	0.000
808	1037.000	0.000
808	1038.000	0.000
808	1039.000	0.000
808	1040.000	0.000
808	1041.000	0.000
808	1042.000	0.000
808	1043.000	0.000
808	1044.000	0.000
808	1045.000	0.000
808	1046.000	0.000
808	1047.000	0.000
808	1048.000	0.000
808	1049.000	0.000
808	1050.000	0.000
808	1051.000	0.000
808	1052.000	0.000
808	1053.000	0.000
808	1054.000	0.000
808	1055.000	0.000
808	1056.000	0.000
808	1057.000	0.000
808	1058.000	0.000
808	1059.000	0.000
808	1060.000	0.000
808	1061.000	0.000
808	1062.000	0.000
808	1063.000	0.000
808	1064.000	0.000
808	1065.000	0.000
808	1066.000	0.000
808	1067.000	0.000
808	1068.000	0.000
808	1069.000	0.000
808	1070.000	0.000
808	1071.000	0.000
808	1072.000	0.000
808	1073.000	0.000
808	1074.000	0.000
808	1075.000	0.000
808	1076.000	0.000
808	1077.000	0.000
808	1078.000	0.000
808	1079.000	0.000
808	1080.000	0.000
808	1081.000	0.000
808	1082.000	0.000
808	1083.000	0.000
808	1084.000	0.000
808	1085.000	0.000
808	1086.000	0.000
808	1087.000	0.000
808	1088.000	0.000
808	1089.000	0.000
808	1090.000	0.000
808	1091.000	0.000
808	1092.000	0.000
808	1093.000	0.000
808	1094.000	0.000
808	1095.000	0.000
808	1096.000	0.000
808	1097.000	0.000
808	1098.000	0.000
808	1099.000	0.000
808	1100.000	0.000
808	1101.000	0.000
808	1102.000	0.000
808	1103.000	0.000
808	1104.000	0.000
808	1105.000	0.000
808	1106.000	0.000
808	1107.000	0.000
808	1108.000	0.000
808	1109.000	0.000
808	1110.000	0.000
808	1111.000	0.000
808	1112.000	0.000
808	1113.000	0.000
808	1114.000	0.000
808	1115.000	0.000
808	1116.000	0.000
808	1117.000	0.000
808	1118.000	0.000
808	1119.000	0.000
808	1120.000	0.000
808	1121.000	0.000
808	1122.000	0.000
808	1123.000	0.000
808	1124.000	0.000
808	1125.000	0.000
808	1126.000	0.000
808	1127.000	0.000
808	1128.000	0.000
808	1129.000	0.000
808	1130.000	0.000
808	1131.000	0.000
808	1132.000	0.000
808	1133.000	0.000
808	1134.000	0.000
808	1135.000	0.000
808	1136.000	0.000
808	1137.000	0.000
808	1138.000	0.000
808	1139.000	0.000
808	1140.000	0.000
808	1141.000	0.000
808	1142.000	0.000
808	1143.000	0.000
808	1144.000	0.000
808	1145.000	0.000
808	1146.000	0.000
808	1147.000	0.000
808	1148.000	0.000
808	1149.000	0.000
808	1150.000	0.000
808	1151.000	0.000
808	1152.000	0.000
808	1153.000	0.000
808	1154.000	0.000
808	1155.000	0.000
808	1156.000	0.000
808	1157.000	0.000
808	1158.000	0.000
808	1159.000	0.000
808	1160.000	0.000
808	1161.000	0.000
808	1162.000	0.000
808	1163.000	0.000
808	1164.000	0.000
808	1165.000	0.000
808	1166.000	0.000
808	1167.000	0.000
808	1168.000	0.000
808	1169.000	0.000
808	1170.000	0.000
808	1171.000	0.000
808	1172.000	0.000
808	1173.000	0.000
808	1174.000	0.000
808	1175.000	0.000
808	1176.000	0.000
808	1177.000	0.000
808	1178.000	0.000
808	1179.000	0.000
808	1180.000	0.000
808	1181.000	0.000
808	1182.000	0.000
808	1183.000	0.000
808	1184.000	0.000
808	1185.000	0.000
808	1186.000	0.000
808	1187.000	0.000
808	1188.000	0.000
808	1189.000	0.000
808	1190.000	0.000
808	1191.000	0.000
808	1192.000	0.000
808	1193.000	0.000
808	1194.000	0.000
808	1195.000	0.000
808	1196.000	0.000
808	1197.000	0.000
808	1198.000	0.000
808	1199.000	0.000
808	1200.000	0.000
808	1201.000	0.000
808	1202.000	0.000
808	1203.000	0.000
808	1204.000	0.000
808	1205.000	0.000
808	1206.000	0.000
808	1207.000	0.000
808	1208.000	0.000
808	1209.000	0.000
808	1210.000	0.000
808	1211.000	0.000
808	1212.000	0.000
808	1213.000	0.000
808	1214.000	0.000
808	1215.000	0.000
808	1216.000	0.000
808	1217.000	0.000
808	1218.000	0.000
808	1219.000	0.000
808	1220.000	0.000
808	1221.000	0.000
808	1222.000	0.000
808	1223.000	0.000
808	1224.000	0.000
808	1225.000	0.000
808	1226.000	0.000
808	1227.000	0.000
808	1228.000	0.000
808	1229.000	0.000
808	1230.000	0.000
808	1231.000	0.000
808	1232.000	0.000
808	1233.000	0.000
808	1234.000	0.000
808	1235.000	0.000
808	1236.000	0.000
808	1237.000	0.000
808	1238.000	0.000
808	1239.000	0.000
808	1240.000	0.000
808	1241.000	0.000
808	1242.000	0.000
808	1243.000	0.000
808	1244.000	0.000
808	1245.000	0.000
808	1246.000	0.000
808	1247.000	0.000
808	1248.000	0.000
808	1249.000	0.000
808	1250.000	0.000
808	1251.000	0.000
808	1252.000	0.000
808	1253.000	0.000
808	1254.000	0.000
808	1255.000	0.000
808	1256.000	0.000
808	1257.000	0.000
808	1258.000	0.000
808	1259.000	0.000
808	1260.000	0.000
808	1261.000	0.000
808	1262.000	0.000
808	1263.000	0.000
808	1264.000	0.000
808	1265.000	0.000
808	1266.000	0.000
808	1267.000	0.000
808	1268.000	0.000
808	1269.000	0.000
808	1270.000	0.000
808	1271.000	0.000
808	1272.000	0.000
808	1273.000	0.000
808	1274.000	0.000
808	1275.000	0.000
808	1276.000	0.000
808	1277.000	0.000
808	1278.000	0.000
808	1279.000	0.000
808	1280.000	0.000
808	1281.000	0.000
808	1282.000	0.000
808	1283.000	0.000
808	1284.000	0.000
808	1285.000	0.000
808	1286.000	0.000
808	1287.000	0.000
808	1288.000	0.000
808	1289.000	0.000
808	1290.000	0.000
808	1291.000	0.000
808	1292.000	0.000
808	1293.000	0.000
808	1294.000	0.000
808	1295.000	0.000
808	1296.000	0.000
808	1297.000	0.000
808	1298.000	0.000
808	1299.000	0.000
808	1300.000	0.000
808	1301.000	0.000
808	1302.000	0.000
808	1303.000	0.000
808	1304.000	0.000
808	1305.000	0.000
808	1306.000	0.000
808	1307.000	0.000
808	1308.000	0.000
808	1309.000	0.000
808	1310.000	0.000
808	1311.000	0.000
808	1312.000	0.000
808	1313.000	0.000
808	1314.000	0.000
808	1315.000	0.000
808	1316.000	0.000
808	1317.000	0.000
808	1318.000	0.000
808	1319.000	0.000
808	1320.000	0.000
808	1321.000	0.000
808	1322.000	0.000
808	1323.000	0.000
808	1324.000	0.000
808	1325.000	0.000
808	1326.000	0.000
808	1327.000	0.000
808	1328.000	0.000
808	1329.000	0.000
808	1330.000	0.000
808	1331.000	0.000
808	1332.000	0.000
808	1333.000	0.000
808	1334.000	0.000
808	1335.000	0.000
808	1336.000	0.000
808	1337.000	0.000
808	1338.000	0.000
808	1339.000	0.000
808	1340.000	0.000
808	1341.000	0.000
808	1342.000	0.000
808	1343.000	0.000
808	1344.000	0.000
808	1345.000	0.000
808	1346.000	0.000
808	1347.000	0.000
808	1348.000	0.000
808	1349.000	0.000
808	1350.000	0.000
808	1351.000	0.000
808	1352.000	0.000
808	1353.000	0.000
808	1354.000	0.000
808	1355.000	0.000
808	1356.000	0.000
808	1357.000	0.000
808	1358.000	0.000
808	1359.000	0.000
808	1360.000	0.000
808	1361.000	0.000
808	1362.000	0.000
808	1363.000	0.000
808	1364.000	0.000
808	1365.000	0.000
808	1366.000	0.000
808	1367.000	0.000
808	1368.000	0.000
808	1369.000	0.000
808	1370.000	0.000
808	1371.000	0.000
808	1372.000	0.000
808	1373.000	0.000
808	1374.000	0.000
808	1375.000	0.000
808	1376.000	0.000
808	1377.000	0.000
808	1378.000	0.000
808	1379.000	0.000
808	1380.000	0.000
808	1381.000	0.000
808	1382.000	0.000
808	1383.000	0.000
808	1384.000	0.000
808	1385.000	0.000
808	1386.000	0.000
808	1387.000	0.000
808	1388.000	0.000
808	1389.000	0.000
808	1390.000	0.000
808	1391.000	0.000
808	1392.000	0.000
808	1393.000	0.000
808	1394.000	0.000
808	1395.000	0.000
808	1396.000	0.000
808	1397.000	0.000
808	1398.000	0.000
808	1399.000	0.000
808	1400.000	0.000
808	1401.000	0.000
808	1402.000	0.000
808	1403.000	0.000
808	1404.000	0.000
808	1405.000	0.000
808	1406.000	0.000
808	1407.000	0.000
808	1408.000	0.000
808	1409.000	0.000
808	1410.000	0.000
808	1411.000	0.000
808	1412.000	0.000
808	1413.000	0.000
808	1414.000	0.000
808	1415.000	0.000
808	1416.000	0.000
808	1417.000	0.000
808	1418.000	0.000
808	1419.000	0.000
808	1420.000	0.000
808	1421.000	0.000
808	1422.000	0.000
808	1423.000	0.000
808	1424.000	0.000
808	1425.000	0.000
808	1426.000	0.000
808	1427.000	0.000
808	1428.000	0.000
808	1429.000	0.000
808	1430.000	0.000
808	1431.000	0.000
808	1432.000	0.000
808	1433.000	0.000
808	1434.000	0.000
808	1435.000	0.000
808	1436.000	0.000
808	1437.000	0.000
808	1438.000	0.000
808	1439.000	0.000
808	1440.000	0.000
808	1441.000	0.000
808	1442.000	0.000
808	1443.000	0.000
808	1444.000	0.000
808	1445.000	0.000
808	1446.000	0.000
808	1447.000	0.000
808	1448.000	0.000
808	1449.000	0.000
808	1450.000	0.000
808	1451.000	0.000
808	1452.000	0.000
808	1453.000	0.000
808	1454.000	0.000
808	1455.000	0.000
808	1456.000	0.000
808	1457.000	0.000
808	1458.000	0.000
808	1459.000	0.000
808	1460.000	0.000
808	1461.000	0.000
808	1462.000	0.000
808	1463.000	0.000
808	1464.000	0.000
808	1465.000	0.000
808	1466.000	0.000
808	1467.000	0.000
808	1468.000	0.000
808	1469.000	0.000
808	1470.000	0.000
808	1471.000	0.000
808	1472.000	0.000
808	1473.000	0.000
808	1474.000	0.000
808	1475.000	0.000
808	1476.000	0.000
808	1477.000	0.000
808	1478.000	0.000
808	1479.000	0.000
808	1480.000	0.000
808	1481.000	0.000
808	1482.000	0.000
808	1483.000	0.000
808	1484.000	0.000
808	1485.000	0.000
808	1486.000	0.000
808	1487.000	0.000
808	1488.000	0.000
808	1489.000	0.000
808	1490.000	0.000
808	1491.000	0.000
808	1492.000	0.000
808	1493.000	0.000
808	1494.000	0.000
808	1495.000	0.000
808	1496.000	0.000
808	1497.000	0.000
808	1498.000	0.000
808	1499.000	0.000
808	1500.000	0.000
808	1501.000	0.000
808	1502.000	0.000
808	1503.000	0.000
808	1504.000	0.000
808	1505.000	0.000
808	1506.000	0.000
808	1507.000	0.000
808	1508.000	0.000
808	1509.000	0.000
808	1510.000	0.000
808	1511.000	0.000
808	1512.000	0.000
808	1513.000	0.000
808	1514.000	0.000
808	1515.000	0.000
808	1516.000	0.000
808	1517.000	0.000
808	1518.000	0.000
808	1519.000	0.000
808	1520.000	0.000
808	1521.000	0.000
808	1522.000	0.000
808	1523.000	0.000
808	1524.000	0.000
808	1525.000	0.000
808	1526.000	0.000
808	1527.000	0.000
808	1528.000	0.000
808	1529.000	0.000
808	1530.000	0.000
808	1531.000	0.000
808	1532.000	0.000
808	1533.000	0.000
808	1534.000	0.000
808	1535.000	0.000
808	1536.000	0.000
808	1537.000	0.000
808	1538.000	0.000
808	1539.000	0.000
808	1540.000	0.000
808	1541.000	0.000
808	1542.000	0.000
808	1543.000	0.000
808	1544.000	0.000
808	1545.000	0.000
808	1546.000	0.000
808	1547.000	0.000
808	1548.000	0.000
808	1549.000	0.000
808	1550.000	0.000
808	1551.000	0.000
808	1552.000	0.000
808	1553.000	0.000
808	1554.000	0.000
808	1555.000	0.000
808	1556.000	0.000
808	1557.000	0.000
808	1558.000	0.000
808	1559.000	0.000
808	1560.000	0.000
808	1561.000	0.000
808	1562.000	0.000
808	1563.000	0.000
808	1564.000	0.000
808	1565.000	0.000
808	1566.000	0.000
808	1567.000	0.000
808	1568.000	0.000
808	1569.000	0.000
808	1570.000	0.000
808	1571.000	0.000
808	1572.000	0.000
808	1573.000	0.000
808	1574.000	0.000
808	1575.000	0.000
808	1576.000	0.000
808	1577.000	0.000
808	1578.000	0.000
808	1579.000	0.000
808	1580.000	0.000
808	1581.000	0.000
808	1582.000	0.000
808	1583.000	0.000
808	1584.000	0.000
808	1585.000	0.000
808	1586.000	0.000
808	1587.000	0.000
808	1588.000	0.000
808	1589.000	0.000
808	1590.000	0.000
808	1591.000	0.000
808	1592.000	0.000
808	1593.000	0.000
808	1594.000	0.000
808	1595.000	0.000
808	1596.000	0.000
808	1597.000	0.000
808	1598.000	0.000
808	1599.000	0.000
808	1600.000	0.000
808	1601.000	0.000
808	1602.000	0.000
808	1603.000	0.000
808	1604.000	0.000
808	1605.000	0.000
808	1606.000	0.000
808	1607.000	0.000
808	1608.000	0.000
808	1609.000	0.000
808	1610.000	0.000
808	1611.000	0.000
808	1612.000	0.000
808	1613.000	0.000
808	1614.000	0.000
808	1615.000	0.000
808	1616.000	0.000
808	1617.000	0.000
808	1618.000	0.000
808	1619.000	0.000
808	1620.000	0.000
808	1621.000	0.000
808	1622.000	0.000
808	1623.000	0.000
808	1624.000	0.000
808	1625.000	0.000
808	1626.000	0.000
808	1627.000	0.000
808	1628.000	0.000
808	1629.000	0.000
808	1630.000	0.000
808	1631.000	0.000
808	1632.000	0.000
808	1633.000	0.000
808	1634.000	0.000
808	1635.000	0.000
808	1636.000	0.000
808	1637.000	0.000
808	1638.000	0.000
808	1639.000	0.000
808	1640.000	0.000
808	1641.000	0.000
808	1642.000	0.000
808	1643.000	0.000
808	1644.000	0.000
808	1645.000	0.000
808	1646.000	0.000
808	1647.000	0.000
808	1648.000	0.000
808	1649.000	0.000
808	1650.000	0.000
808	1651.000	0.000
808	1652.000	0.000
808	1653.000	0.000
808	1654.000	0.000
808	1655.000	0.000
808	1656.000	0.000
808	1657.000	0.000
808	1658.000	0.000
808	1659.000	0.000
808	1660.000	0.000
808	1661.000	0.000
808	1662.000	0.000
808	1663.000	0.000
808	1664.000	0.000
808	1665.000	0.000
808	1666.000	0.000
808	1667.000	0.000
808	1668.000	0.000
808	1669.000	0.000
808	1670.000	0.000
808	1671.000	0.000
808	1672.000	0.000
808	1673.000	0.000
808	1674.000	0.000
808	1675.000	0.000
808	1676.000	0.000
808	1677.000	0.000
808	1678.000	0.000
808	1679.000	0.000
808	1680.000	0.000
808	1681.000	0.000
808	1682.000	0.000
808	1683.000	0.000
808	1684.000	0.000
808	1685.000	0.000
808	1686.000	0.000
808	1687.000	0.000
808	1688.000	0.000
808	1689.000	0.000
808	1690.000	0.000
808	1691.000	0.000
808	1692.000	0.000
808	1693.000	0.000
808	1694.000	0.000
808	1695.000	0.000
808	1696.000	0.000
808	1697.000	0.000
808	1698.000	0.000
808	1699.000	0.000
808	1700.000	0.000
808	1701.000	0.000
808	1702.000	0.000
808	1703.000	0.000
808	1704.000	0.000
808	1705.000	0.000
808	1706.000	0.000
808	1707.000	0.000
808	1708.000	0.000
808	1709.000	0.000
808	1710.000	0.000
808	1711.000	0.000
808	1712.000	0.000
808	1713.000	0.000
808	1714.000	0.000
808	1715.000	0.000
808	1716.000	0.000
808	1717.000	0.000
808	1718.000	0.000
808	1719.000	0.000
808	1720.000	0.000
808	1721.000	0.000
808	1722.000	0.000
808	1723.000	0.000
808	1724.000	0.000
808	1725.000	0.000
808	1726.000	0.000
808	1727.000	0.000
808	1728.000	0.000
808	1729.000	0.000
808	1730.000	0.000
808	1731.000	0.000
808	1732.000	0.000
808	1733.000	0.000
808	1734.000	0.000
808	1735.000	0.000
808	1736.000	0.000
808	1737.000	0.000
808	1738.000	0.000
808	1739.000	0.000
808	1740.000	0.000
808	1741.000	0.000
808	1742.000	0.000
808	1743.000	0.000
808	1744.000	0.000
808	1745.000	0.000
808	1746.000	0.000
808	1747.000	0.000
808	1748.000	0.000
808	1749.000	0.000
808	1750.000	0.000
808	1751.000	0.000
808	1752.000	0.000
808	1753.000	0.000
808	1754.000	0.000
808	1755.000	0.000
808	1756.000	0.000
808	1757.000	0.000
808	1758.000	0.000
808	1759.000	0.000
808	1760.000	0.000
808	1761.000	0.000
808	1762.000	0.000
808	1763.000	0.000
808	1764.000	0.000
808	1765.000	0.000
808	1766.000	0.000
808	1767.000	0.000
808	1768.000	0.000
808	1769.000	0.000
808	1770.000	0.000
808	1771.000	0.000
808	1772.000	0.000
808	1773.000	0.000
808	1774.000	0.000
808	1775.000	0.000
808	1776.000	0.000
808	1777.000	0.000
808	1778.000	0.000
808	1779.000	0.000
808	1780.000	0.000
808	1781.000	0.000
808	1782.000	0.000
808	1783.000	0.000
808	1784.000	0.000
808	1785.000	0.000
808	1786.000	0.000
808	1787.000	0.000
808	1788.000	0.000
808	1789.000	0.000
808	1790.000	0.000
808	1791.000	0.000
808	1792.000	0.000
808	1793.000	0.000
808	1794.000	0.000
808	1795.000	0.000
808	1796.000	0.000
808	1797.000	0.000
808	1798.000	0.000
808	1799.000	0.000
808	1800.000	0.000
808	1801.000	0.000
808	1802.000	0.000
808	1803.000	0.000
808	1804.000	0.000
808	1805.000	0.000
808	1806.000	0.000
808	1807.000	0.000
808	1808.000	0.000
808	1809.000	0.000
808	1810.000	0.000
808	1811.000	0.000
808	1812.000	0.000
808	1813.000	0.000
808	1814.000	0.000
808	1815.000	0.000
808	1816.000	0.000
808	1817.000	0.000
808	1818.000	0.000
808	1819.000	0.000
808	1820.000	0.000
808	1821.000	0.000
808	1822.000	0.000
808	1823.000	0.000
808	1824.000	0.000
808	1825.000	0.000
808	1826.000	0.000
808	1827.000	0.000
808	1828.000	0.000
808	1829.000	0.000
808	1830.000	0.000
808	1831.000	0.000
808	1832.000	0.000
808	1833.000	0.000
808	1834.000	0.000
808	1835.000	0.000
808	1836.000	0.000
808	1837.000	0.000
808	1838.000	0.000
808	1839.000	0.000
808	1840.000	0.000
808	1841.000	0.000
808	1842.000	0.000
808	1843.000	0.000
808	1844.000	0.000
808	1845.000	0.000
808	1846.000	0.000
808	1847.000	0.000
808	1848.000	0.000
808	1849.000	0.000
808	1850.000	0.000
808	1851.000	0.000
808	1852.000	0.000
808	1853.000	0.000
808	1854.000	0.000
808	1855.000	0.000
808	1856.000	0.000
808	1857.000	0.000
808	1858.000	0.000
808	1859.000	0.000
808	1860.000	0.000
808	1861.000	0.000
808	1862.000	0.000
808	1863.000	0.000
808	1864.000	0.000
808	1865.000	0.000
808	1866.000	0.000
808	1867.000	0.000
808	1868.000	0.000
808	1869.000	0.000
808	1870.000	0.000
808	1871.000	0.000
808	1872.000	0.000
808	1873.000	0.000
808	1874.000	0.000
808	1875.000	0.000
808	1876.000	0.000
808	1877.000	0.000
808	1878.000	0.000
808	1879.000	0.000
808	1880.000	0.000
808	1881.000	0.000
808	1882.000	0.000
808	1883.000	0.000
808	1884.000	0.000
808	1885.000	0.000
808	1886.000	0.000
808	1887.000	0.000
808	1888.000	0.000
808	1889.000	0.000
808	1890.000	0.000
808	1891.000	0.000
808	1892.000	0.000
808	1893.000	0.000
808	1894.000	0.000
808	1895.000	0.000
808	1896.000	0.000
808	1897.000	0.000
808	1898.000	0.000
808	1899.000	0.000
808	1900.000	0.000
808	1901.000	0.000
808	1902.000	0.000
808	1903.000	0.000
808	1904.000	0.000
808	1905.000	0.000
808	1906.000	0.000
808	1907.000	0.000
808	1908.000	0.000
808	1909.000	0.000
808	1910.000	0.000
808	1911.000	0.000
808	1912.000	0.000
808	1913.000	0.000
808	1914.000	0.000
808	1915.000	0.000
808	1916.000	0.000
808	1917.000	0.000
808	1918.000	0.000
808	1919.000	0.000
808	1920.000	0.000
808	1921.000	0.000
808	1922.000	0.000
808	1923.000	0.000
808	1924.000	0.000
808	1925.000	0.000
808	1926.000	0.000
808	1927.000	0.000
808	1928.000	0.000
808	1929.000	0.000
808	1930.000	0.000
808	1931.000	0.000
808	1932.000	0.000
808	1933.000	0.000
808	1934.000	0.000
808	1935.000	0.000
808	1936.000	0.000
808	1937.000	0.000
808	1938.000	0.000
808	1939.000	0.000
808	1940.000	0.000
808	1941.000	0.000
808	1942.000	0.000
808	1943.000	0.000
808	1944.000	0.000
808	1945.000	0.000
808	1946.000	0.000
808	1947.000	0.000
808	1948.000	0.000
808	1949.000	0.000
808	1950.000	0.000
808	1951.000	0.000
808	1952.000	0.000
808	1953.000	0.000
808	1954.000	0.000
808	1955.000	0.000
808	1956.000	0.000
808	1957.000	0.000
808	1958.000	0.000
808	1959.000	0.000
808	1960.000	0.000
808	1961.000	0.000
808	1962.000	0.000
808	1963.000	0.000
808	1964.000	0.000
808	1965.000	0.000
808	1966.000	0.000
808	1967.000	0.000
808	1968.000	0.000
808	1969.000	0.000
808	1970.000	0.000
808	1971.000	0.000
808	1972.000	0.000
808	1973.000	0.000
808	1974.000	0.000
808	1975.000	0.000
808	1976.000	0.000
808	1977.000	0.000
808	1978.000	0.000
808	1979.000	0.000
808	1980.000	0.000
808	1981.000	0.000
808	1982.000	0.000
808	1983.000	0.000
808	1984.000	0.000
808	1985.000	0.000
808	1986.000	0.000
808	1987.000	0.000
808	1988.000	0.000
808	1989.000	0.000
808	1990.000	0.000
808	1991.000	0.000
808	1992.000	0.000
808	1993.000	0.000
808	1994.000	0.000
808	1995.000	0.000
808	1996.000	0.000
808	1997.000	0.000
808	1998.000	0.000
808	1999.000	0.000
808	2000.000	0.000
