# NEST version: UNKNOWN
# RecordingBackendASCII version: 2
sender	time_ms	w
4	1.000	29.620
4	2.000	29.561
4	3.000	29.502
4	4.000	29.443
4	5.000	29.384
4	6.000	29.325
4	7.000	29.267
4	8.000	29.208
4	9.000	29.150
4	10.000	29.092
4	11.000	29.033
4	12.000	28.975
4	13.000	28.918
4	14.000	28.860
4	15.000	28.802
4	16.000	28.745
4	17.000	28.687
4	18.000	28.630
4	19.000	28.573
4	20.000	28.515
4	21.000	28.459
4	22.000	28.402
4	23.000	28.345
4	24.000	28.288
4	25.000	28.232
4	26.000	28.175
4	27.000	28.119
4	28.000	28.063
4	29.000	28.007
4	30.000	27.951
4	31.000	27.895
4	32.000	27.839
4	33.000	27.784
4	34.000	27.728
4	35.000	27.673
4	36.000	27.617
4	37.000	27.562
4	38.000	27.507
4	39.000	27.452
4	40.000	27.397
4	41.000	27.343
4	42.000	27.288
4	43.000	27.233
4	44.000	27.179
4	45.000	27.125
4	46.000	27.071
4	47.000	27.016
4	48.000	26.963
4	49.000	26.909
4	50.000	26.855
4	51.000	26.801
4	52.000	26.748
4	53.000	26.694
4	54.000	26.641
4	55.000	26.588
4	56.000	26.535
4	57.000	26.482
4	58.000	26.429
4	59.000	26.376
4	60.000	26.323
4	61.000	26.271
4	62.000	26.218
4	63.000	26.166
4	64.000	26.113
4	65.000	26.061
4	66.000	26.009
4	67.000	25.957
4	68.000	25.905
4	69.000	25.854
4	70.000	25.802
4	71.000	25.750
4	72.000	25.699
4	73.000	25.648
4	74.000	25.596
4	75.000	25.545
4	76.000	25.494
4	77.000	25.443
4	78.000	25.392
4	79.000	25.342
4	80.000	25.291
4	81.000	25.240
4	82.000	25.190
4	83.000	25.140
4	84.000	25.089
4	85.000	25.039
4	86.000	24.989
4	87.000	24.939
4	88.000	24.890
4	89.000	24.840
4	90.000	24.790
4	91.000	24.741
4	92.000	24.691
4	93.000	24.642
4	94.000	24.593
4	95.000	24.544
4	96.000	24.494
4	97.000	24.446
4	98.000	24.397
4	99.000	24.348
4	100.000	24.299
4	101.000	24.251
4	102.000	24.202
4	103.000	24.154
4	104.000	24.106
4	105.000	24.058
4	106.000	24.009
4	107.000	23.961
4	108.000	23.914
4	109.000	23.866
4	110.000	23.818
4	111.000	23.771
4	112.000	23.723
4	113.000	23.676
4	114.000	23.628
4	115.000	23.581
4	116.000	23.534
4	117.000	23.487
4	118.000	23.440
4	119.000	23.393
4	120.000	23.347
4	121.000	23.300
4	122.000	23.253
4	123.000	23.207
4	124.000	23.160
4	125.000	23.114
4	126.000	23.068
4	127.000	23.022
4	128.000	22.976
4	129.000	22.930
4	130.000	22.884
4	131.000	22.838
4	132.000	22.793
4	133.000	22.747
4	134.000	22.702
4	135.000	22.657
4	136.000	22.611
4	137.000	22.566
4	138.000	22.521
4	139.000	22.476
4	140.000	22.431
4	141.000	22.386
4	142.000	22.342
4	143.000	22.297
4	144.000	22.252
4	145.000	22.208
4	146.000	22.164
4	147.000	22.119
4	148.000	22.075
4	149.000	22.031
4	150.000	21.987
4	151.000	21.943
4	152.000	21.899
4	153.000	21.855
4	154.000	21.812
4	155.000	21.768
4	156.000	21.725
4	157.000	21.681
4	158.000	21.638
4	159.000	21.595
4	160.000	21.552
4	161.000	21.508
4	162.000	21.466
4	163.000	21.423
4	164.000	21.380
4	165.000	21.337
4	166.000	21.294
4	167.000	21.252
4	168.000	21.209
4	169.000	21.167
4	170.000	21.125
4	171.000	21.083
4	172.000	21.040
4	173.000	20.998
4	174.000	20.956
4	175.000	20.915
4	176.000	20.873
4	177.000	20.831
4	178.000	20.789
4	179.000	20.748
4	180.000	20.706
4	181.000	20.665
4	182.000	20.624
4	183.000	20.583
4	184.000	20.542
4	185.000	20.500
4	186.000	20.460
4	187.000	20.419
4	188.000	20.378
4	189.000	20.337
4	190.000	20.296
4	191.000	20.256
4	192.000	20.215
4	193.000	20.175
4	194.000	20.135
4	195.000	20.095
4	196.000	20.054
4	197.000	20.014
4	198.000	19.974
4	199.000	19.934
4	200.000	19.895
4	201.000	19.855
4	202.000	19.815
4	203.000	19.776
4	204.000	19.736
4	205.000	19.697
4	206.000	19.657
4	207.000	19.618
4	208.000	19.579
4	209.000	19.540
4	210.000	19.501
4	211.000	19.462
4	212.000	19.423
4	213.000	19.384
4	214.000	19.345
4	215.000	19.307
4	216.000	19.268
4	217.000	19.230
4	218.000	19.191
4	219.000	19.153
4	220.000	19.115
4	221.000	19.076
4	222.000	19.038
4	223.000	19.000
4	224.000	18.962
4	225.000	18.924
4	226.000	18.887
4	227.000	18.849
4	228.000	18.811
4	229.000	18.774
4	230.000	18.736
4	231.000	18.699
4	232.000	18.661
4	233.000	18.624
4	234.000	18.587
4	235.000	18.550
4	236.000	18.513
4	237.000	18.476
4	238.000	18.439
4	239.000	18.402
4	240.000	18.365
4	241.000	18.328
4	242.000	18.292
4	243.000	18.255
4	244.000	18.219
4	245.000	18.182
4	246.000	18.146
4	247.000	18.110
4	248.000	18.074
4	249.000	18.037
4	250.000	18.001
4	251.000	17.965
4	252.000	17.930
4	253.000	17.894
4	254.000	17.858
4	255.000	17.822
4	256.000	17.787
4	257.000	17.751
4	258.000	17.716
4	259.000	17.680
4	260.000	17.645
4	261.000	17.610
4	262.000	17.574
4	263.000	17.539
4	264.000	17.504
4	265.000	17.469
4	266.000	17.434
4	267.000	17.400
4	268.000	17.365
4	269.000	17.330
4	270.000	17.296
4	271.000	17.261
4	272.000	17.226
4	273.000	17.192
4	274.000	17.158
4	275.000	17.123
4	276.000	17.089
4	277.000	17.055
4	278.000	17.021
4	279.000	16.987
4	280.000	16.953
4	281.000	16.919
4	282.000	16.885
4	283.000	16.852
4	284.000	16.818
4	285.000	16.784
4	286.000	16.751
4	287.000	16.717
4	288.000	16.684
4	289.000	16.651
4	290.000	16.617
4	291.000	16.584
4	292.000	16.551
4	293.000	16.518
4	294.000	16.485
4	295.000	16.452
4	296.000	16.419
4	297.000	16.386
4	298.000	16.354
4	299.000	16.321
4	300.000	16.288
4	301.000	16.256
4	302.000	16.223
4	303.000	16.191
4	304.000	16.159
4	305.000	16.126
4	306.000	16.094
4	307.000	16.062
4	308.000	16.030
4	309.000	15.998
4	310.000	15.966
4	311.000	15.934
4	312.000	15.902
4	313.000	15.870
4	314.000	15.839
4	315.000	15.807
4	316.000	15.775
4	317.000	15.744
4	318.000	15.712
4	319.000	15.681
4	320.000	15.650
4	321.000	15.618
4	322.000	15.587
4	323.000	15.556
4	324.000	15.525
4	325.000	15.494
4	326.000	15.463
4	327.000	15.432
4	328.000	15.401
4	329.000	15.370
4	330.000	15.340
4	331.000	15.309
4	332.000	15.279
4	333.000	15.248
4	334.000	15.218
4	335.000	15.187
4	336.000	15.157
4	337.000	15.126
4	338.000	15.096
4	339.000	15.066
4	340.000	15.036
4	341.000	15.006
4	342.000	14.976
4	343.000	14.946
4	344.000	14.916
4	345.000	14.886
4	346.000	14.857
4	347.000	14.827
4	348.000	14.797
4	349.000	14.768
4	350.000	14.738
4	351.000	14.709
4	352.000	14.679
4	353.000	14.650
4	354.000	14.621
4	355.000	14.592
4	356.000	14.562
4	357.000	14.533
4	358.000	14.504
4	359.000	14.475
4	360.000	14.446
4	361.000	14.418
4	362.000	14.389
4	363.000	14.360
4	364.000	14.331
4	365.000	14.303
4	366.000	14.274
4	367.000	14.246
4	368.000	14.217
4	369.000	14.189
4	370.000	14.160
4	371.000	14.132
4	372.000	14.104
4	373.000	14.076
4	374.000	14.048
4	375.000	14.019
4	376.000	13.991
4	377.000	13.964
4	378.000	13.936
4	379.000	13.908
4	380.000	13.880
4	381.000	13.852
4	382.000	13.825
4	383.000	13.797
4	384.000	13.769
4	385.000	13.742
4	386.000	13.714
4	387.000	13.687
4	388.000	13.660
4	389.000	13.632
4	390.000	13.605
4	391.000	13.578
4	392.000	13.551
4	393.000	13.524
4	394.000	13.497
4	395.000	13.470
4	396.000	13.443
4	397.000	13.416
4	398.000	13.389
4	399.000	13.362
4	400.000	13.336
4	401.000	13.309
4	402.000	13.283
4	403.000	13.256
4	404.000	13.229
4	405.000	13.203
4	406.000	13.177
4	407.000	13.150
4	408.000	13.124
4	409.000	13.098
4	410.000	13.072
4	411.000	13.046
4	412.000	13.019
4	413.000	12.993
4	414.000	12.968
4	415.000	12.942
4	416.000	12.916
4	417.000	12.890
4	418.000	12.864
4	419.000	12.838
4	420.000	12.813
4	421.000	12.787
4	422.000	12.762
4	423.000	12.736
4	424.000	12.711
4	425.000	12.685
4	426.000	12.660
4	427.000	12.635
4	428.000	12.609
4	429.000	12.584
4	430.000	12.559
4	431.000	12.534
4	432.000	12.509
4	433.000	12.484
4	434.000	12.459
4	435.000	12.434
4	436.000	12.409
4	437.000	12.385
4	438.000	12.360
4	439.000	12.335
4	440.000	12.310
4	441.000	12.286
4	442.000	12.261
4	443.000	12.237
4	444.000	12.212
4	445.000	12.188
4	446.000	12.164
4	447.000	12.139
4	448.000	12.115
4	449.000	12.091
4	450.000	12.067
4	451.000	12.043
4	452.000	12.019
4	453.000	11.994
4	454.000	11.971
4	455.000	11.947
4	456.000	11.923
4	457.000	11.899
4	458.000	11.875
4	459.000	11.851
4	460.000	11.828
4	461.000	11.804
4	462.000	11.781
4	463.000	11.757
4	464.000	11.733
4	465.000	11.710
4	466.000	11.687
4	467.000	11.663
4	468.000	11.640
4	469.000	11.617
4	470.000	11.594
4	471.000	11.570
4	472.000	11.547
4	473.000	11.524
4	474.000	11.501
4	475.000	11.478
4	476.000	11.455
4	477.000	11.432
4	478.000	11.410
4	479.000	11.387
4	480.000	11.364
4	481.000	11.341
4	482.000	11.319
4	483.000	11.296
4	484.000	11.273
4	485.000	11.251
4	486.000	11.228
4	487.000	11.206
4	488.000	11.184
4	489.000	11.161
4	490.000	11.139
4	491.000	11.117
4	492.000	11.094
4	493.000	11.072
4	494.000	11.050
4	495.000	11.028
4	496.000	11.006
4	497.000	10.984
4	498.000	10.962
4	499.000	10.940
4	500.000	10.918
4	501.000	10.897
4	502.000	10.875
4	503.000	10.853
4	504.000	10.831
4	505.000	10.810
4	506.000	10.788
4	507.000	10.767
4	508.000	10.745
4	509.000	10.724
4	510.000	10.702
4	511.000	10.681
4	512.000	10.659
4	513.000	10.638
4	514.000	10.617
4	515.000	10.596
4	516.000	10.575
4	517.000	10.553
4	518.000	10.532
4	519.000	10.511
4	520.000	10.490
4	521.000	10.469
4	522.000	10.448
4	523.000	10.428
4	524.000	10.407
4	525.000	10.386
4	526.000	10.365
4	527.000	10.344
4	528.000	10.324
4	529.000	10.303
4	530.000	10.283
4	531.000	10.262
4	532.000	10.241
4	533.000	10.221
4	534.000	10.201
4	535.000	10.180
4	536.000	10.160
4	537.000	10.140
4	538.000	10.119
4	539.000	10.099
4	540.000	10.079
4	541.000	10.059
4	542.000	10.039
4	543.000	10.019
4	544.000	9.999
4	545.000	9.979
4	546.000	9.959
4	547.000	9.939
4	548.000	9.919
4	549.000	9.899
4	550.000	9.879
4	551.000	9.860
4	552.000	9.840
4	553.000	9.820
4	554.000	9.801
4	555.000	9.781
4	556.000	9.762
4	557.000	9.742
4	558.000	9.723
4	559.000	9.703
4	560.000	9.684
4	561.000	9.664
4	562.000	9.645
4	563.000	9.626
4	564.000	9.607
4	565.000	9.587
4	566.000	9.568
4	567.000	9.549
4	568.000	9.530
4	569.000	9.511
4	570.000	9.492
4	571.000	9.473
4	572.000	9.454
4	573.000	9.435
4	574.000	9.416
4	575.000	9.398
4	576.000	9.379
4	577.000	9.360
4	578.000	9.341
4	579.000	9.323
4	580.000	9.304
4	581.000	9.285
4	582.000	9.267
4	583.000	9.248
4	584.000	9.230
4	585.000	9.211
4	586.000	9.193
4	587.000	9.175
4	588.000	9.156
4	589.000	9.138
4	590.000	9.120
4	591.000	9.102
4	592.000	9.083
4	593.000	9.065
4	594.000	9.047
4	595.000	9.029
4	596.000	9.011
4	597.000	8.993
4	598.000	8.975
4	599.000	8.957
4	600.000	8.939
4	601.000	8.921
4	602.000	8.904
4	603.000	8.886
4	604.000	8.868
4	605.000	8.850
4	606.000	8.833
4	607.000	8.815
4	608.000	8.797
4	609.000	8.780
4	610.000	8.762
4	611.000	8.745
4	612.000	8.727
4	613.000	8.710
4	614.000	8.692
4	615.000	8.675
4	616.000	8.658
4	617.000	8.640
4	618.000	8.623
4	619.000	8.606
4	620.000	8.589
4	621.000	8.572
4	622.000	8.554
4	623.000	8.537
4	624.000	8.520
4	625.000	8.503
4	626.000	8.486
4	627.000	8.469
4	628.000	8.452
4	629.000	8.435
4	630.000	8.419
4	631.000	8.402
4	632.000	8.385
4	633.000	8.368
4	634.000	8.352
4	635.000	8.335
4	636.000	8.318
4	637.000	8.302
4	638.000	8.285
4	639.000	8.268
4	640.000	8.252
4	641.000	8.235
4	642.000	8.219
4	643.000	8.203
4	644.000	8.186
4	645.000	8.170
4	646.000	8.154
4	647.000	8.137
4	648.000	8.121
4	649.000	8.105
4	650.000	8.089
4	651.000	8.072
4	652.000	8.056
4	653.000	8.040
4	654.000	8.024
4	655.000	8.008
4	656.000	7.992
4	657.000	7.976
4	658.000	7.960
4	659.000	7.944
4	660.000	7.928
4	661.000	7.913
4	662.000	7.897
4	663.000	7.881
4	664.000	7.865
4	665.000	7.849
4	666.000	7.834
4	667.000	7.818
4	668.000	7.803
4	669.000	7.787
4	670.000	7.771
4	671.000	7.756
4	672.000	7.740
4	673.000	7.725
4	674.000	7.709
4	675.000	7.694
4	676.000	7.679
4	677.000	7.663
4	678.000	7.648
4	679.000	7.633
4	680.000	7.617
4	681.000	7.602
4	682.000	7.587
4	683.000	7.572
4	684.000	7.557
4	685.000	7.542
4	686.000	7.527
4	687.000	7.512
4	688.000	7.497
4	689.000	7.482
4	690.000	7.467
4	691.000	7.452
4	692.000	7.437
4	693.000	7.422
4	694.000	7.407
4	695.000	7.392
4	696.000	7.378
4	697.000	7.363
4	698.000	7.348
4	699.000	7.333
4	700.000	7.319
4	701.000	7.304
4	702.000	7.290
4	703.000	7.275
4	704.000	7.260
4	705.000	7.246
4	706.000	7.232
4	707.000	7.217
4	708.000	7.203
4	709.000	7.188
4	710.000	7.174
4	711.000	7.160
4	712.000	7.145
4	713.000	7.131
4	714.000	7.117
4	715.000	7.103
4	716.000	7.088
4	717.000	7.074
4	718.000	7.060
4	719.000	7.046
4	720.000	7.032
4	721.000	7.018
4	722.000	7.004
4	723.000	6.990
4	724.000	6.976
4	725.000	6.962
4	726.000	6.948
4	727.000	6.934
4	728.000	6.920
4	729.000	6.906
4	730.000	6.893
4	731.000	6.879
4	732.000	6.865
4	733.000	6.851
4	734.000	6.838
4	735.000	6.824
4	736.000	6.810
4	737.000	6.797
4	738.000	6.783
4	739.000	6.770
4	740.000	6.756
4	741.000	6.743
4	742.000	6.729
4	743.000	6.716
4	744.000	6.702
4	745.000	6.689
4	746.000	6.676
4	747.000	6.662
4	748.000	6.649
4	749.000	6.636
4	750.000	6.622
4	751.000	6.609
4	752.000	6.596
4	753.000	6.583
4	754.000	6.570
4	755.000	6.556
4	756.000	6.543
4	757.000	6.530
4	758.000	6.517
4	759.000	6.504
4	760.000	6.491
4	761.000	6.478
4	762.000	6.465
4	763.000	6.452
4	764.000	6.439
4	765.000	6.427
4	766.000	6.414
4	767.000	6.401
4	768.000	6.388
4	769.000	6.375
4	770.000	6.363
4	771.000	6.350
4	772.000	6.337
4	773.000	6.325
4	774.000	6.312
4	775.000	6.299
4	776.000	6.287
4	777.000	6.274
4	778.000	6.262
4	779.000	6.249
4	780.000	6.237
4	781.000	6.224
4	782.000	6.212
4	783.000	6.199
4	784.000	6.187
4	785.000	6.175
4	786.000	6.162
4	787.000	6.150
4	788.000	6.138
4	789.000	6.125
4	790.000	6.113
4	791.000	6.101
4	792.000	6.089
4	793.000	6.077
4	794.000	6.064
4	795.000	6.052
4	796.000	6.040
4	797.000	6.028
4	798.000	6.016
4	799.000	6.004
4	800.000	5.992
4	801.000	5.980
4	802.000	5.968
4	803.000	5.956
4	804.000	5.944
4	805.000	5.933
4	806.000	5.921
4	807.000	5.909
4	808.000	5.897
4	809.000	5.885
4	810.000	5.873
4	811.000	5.862
4	812.000	5.850
4	813.000	5.838
4	814.000	5.827
4	815.000	5.815
4	816.000	5.803
4	817.000	5.792
4	818.000	5.780
4	819.000	5.769
4	820.000	5.757
4	821.000	5.746
4	822.000	5.734
4	823.000	5.723
4	824.000	5.711
4	825.000	5.700
4	826.000	5.689
4	827.000	5.677
4	828.000	5.666
4	829.000	5.654
4	830.000	5.643
4	831.000	5.632
4	832.000	5.621
4	833.000	5.609
4	834.000	5.598
4	835.000	5.587
4	836.000	5.576
4	837.000	5.565
4	838.000	5.554
4	839.000	5.543
4	840.000	5.531
4	841.000	5.520
4	842.000	5.509
4	843.000	5.498
4	844.000	5.487
4	845.000	5.476
4	846.000	5.465
4	847.000	5.455
4	848.000	5.444
4	849.000	5.433
4	850.000	5.422
4	851.000	5.411
4	852.000	5.400
4	853.000	5.389
4	854.000	5.379
4	855.000	5.368
4	856.000	5.357
4	857.000	5.347
4	858.000	5.336
4	859.000	5.325
4	860.000	5.315
4	861.000	5.304
4	862.000	5.293
4	863.000	5.283
4	864.000	5.272
4	865.000	5.262
4	866.000	5.251
4	867.000	5.241
4	868.000	5.230
4	869.000	5.220
4	870.000	5.209
4	871.000	5.199
4	872.000	5.189
4	873.000	5.178
4	874.000	5.168
4	875.000	5.157
4	876.000	5.147
4	877.000	5.137
4	878.000	5.127
4	879.000	5.116
4	880.000	5.106
4	881.000	5.096
4	882.000	5.086
4	883.000	5.076
4	884.000	5.065
4	885.000	5.055
4	886.000	5.045
4	887.000	5.035
4	888.000	5.025
4	889.000	5.015
4	890.000	5.005
4	891.000	4.995
4	892.000	4.985
4	893.000	4.975
4	894.000	4.965
4	895.000	4.955
4	896.000	4.945
4	897.000	4.935
4	898.000	4.926
4	899.000	4.916
4	900.000	4.906
4	901.000	4.896
4	902.000	4.886
4	903.000	4.877
4	904.000	4.867
4	905.000	4.857
4	906.000	4.847
4	907.000	4.838
4	908.000	4.828
4	909.000	4.818
4	910.000	4.809
4	911.000	4.799
4	912.000	4.790
4	913.000	4.780
4	914.000	4.770
4	915.000	4.761
4	916.000	4.751
4	917.000	4.742
4	918.000	4.732
4	919.000	4.723
4	920.000	4.714
4	921.000	4.704
4	922.000	4.695
4	923.000	4.685
4	924.000	4.676
4	925.000	4.667
4	926.000	4.657
4	927.000	4.648
4	928.000	4.639
4	929.000	4.629
4	930.000	4.620
4	931.000	4.611
4	932.000	4.602
4	933.000	4.593
4	934.000	4.583
4	935.000	4.574
4	936.000	4.565
4	937.000	4.556
4	938.000	4.547
4	939.000	4.538
4	940.000	4.529
4	941.000	4.520
4	942.000	4.511
4	943.000	4.502
4	944.000	4.493
4	945.000	4.484
4	946.000	4.475
4	947.000	4.466
4	948.000	4.457
4	949.000	4.448
4	950.000	4.439
4	951.000	4.430
4	952.000	4.421
4	953.000	4.413
4	954.000	4.404
4	955.000	4.395
4	956.000	4.386
4	957.000	4.377
4	958.000	4.369
4	959.000	4.360
4	960.000	4.351
4	961.000	4.342
4	962.000	4.334
4	963.000	4.325
4	964.000	4.317
4	965.000	4.308
4	966.000	4.299
4	967.000	4.291
4	968.000	4.282
4	969.000	4.274
4	970.000	4.265
4	971.000	4.257
4	972.000	4.248
4	973.000	4.240
4	974.000	4.231
4	975.000	4.223
4	976.000	4.214
4	977.000	4.206
4	978.000	4.197
4	979.000	4.189
4	980.000	4.181
4	981.000	4.172
4	982.000	4.164
4	983.000	4.156
4	984.000	4.147
4	985.000	4.139
4	986.000	4.131
4	987.000	4.122
4	988.000	4.114
4	989.000	4.106
4	990.000	4.098
4	991.000	4.090
4	992.000	4.081
4	993.000	4.073
4	994.000	4.065
4	995.000	4.057
4	996.000	4.049
4	997.000	4.041
4	998.000	4.033
4	999.000	4.025
4	1000.000	4.017
4	1001.000	4.009
4	1002.000	4.001
4	1003.000	3.993
4	1004.000	3.985
4	1005.000	3.977
4	1006.000	3.969
4	1007.000	3.961
4	1008.000	3.953
4	1009.000	3.945
4	1010.000	3.937
4	1011.000	3.929
4	1012.000	3.921
4	1013.000	3.914
4	1014.000	3.906
4	1015.000	3.898
4	1016.000	3.890
4	1017.000	3.882
4	1018.000	3.875
4	1019.000	3.867
4	1020.000	3.859
4	1021.000	3.851
4	1022.000	3.844
4	1023.000	3.836
4	1024.000	3.828
4	1025.000	3.821
4	1026.000	3.813
4	1027.000	3.806
4	1028.000	3.798
4	1029.000	3.790
4	1030.000	3.783
4	1031.000	3.775
4	1032.000	3.768
4	1033.000	3.760
4	1034.000	3.753
4	1035.000	3.745
4	1036.000	3.738
4	1037.000	3.730
4	1038.000	3.723
4	1039.000	3.715
4	1040.000	3.708
4	1041.000	3.700
4	1042.000	3.693
4	1043.000	3.686
4	1044.000	3.678
4	1045.000	3.671
4	1046.000	3.664
4	1047.000	3.656
4	1048.000	3.649
4	1049.000	3.642
4	1050.000	3.634
4	1051.000	3.627
4	1052.000	3.620
4	1053.000	3.613
4	1054.000	3.605
4	1055.000	3.598
4	1056.000	3.591
4	1057.000	3.584
4	1058.000	3.577
4	1059.000	3.570
4	1060.000	3.562
4	1061.000	3.555
4	1062.000	3.548
4	1063.000	3.541
4	1064.000	3.534
4	1065.000	3.527
4	1066.000	3.520
4	1067.000	3.513
4	1068.000	3.506
4	1069.000	3.499
4	1070.000	3.492
4	1071.000	3.485
4	1072.000	3.478
4	1073.000	3.471
4	1074.000	3.464
4	1075.000	3.457
4	1076.000	3.450
4	1077.000	3.443
4	1078.000	3.436
4	1079.000	3.430
4	1080.000	3.423
4	1081.000	3.416
4	1082.000	3.409
4	1083.000	3.402
4	1084.000	3.395
4	1085.000	3.389
4	1086.000	3.382
4	1087.000	3.375
4	1088.000	3.368
4	1089.000	3.362
4	1090.000	3.355
4	1091.000	3.348
4	1092.000	3.342
4	1093.000	3.335
4	1094.000	3.328
4	1095.000	3.322
4	1096.000	3.315
4	1097.000	3.308
4	1098.000	3.302
4	1099.000	3.295
4	1100.000	3.289
4	1101.000	3.282
4	1102.000	3.275
4	1103.000	3.269
4	1104.000	3.262
4	1105.000	3.256
4	1106.000	3.249
4	1107.000	3.243
4	1108.000	3.236
4	1109.000	3.230
4	1110.000	3.223
4	1111.000	3.217
4	1112.000	3.211
4	1113.000	3.204
4	1114.000	3.198
4	1115.000	3.191
4	1116.000	3.185
4	1117.000	3.179
4	1118.000	3.172
4	1119.000	3.166
4	1120.000	3.160
4	1121.000	3.153
4	1122.000	3.147
4	1123.000	3.141
4	1124.000	3.134
4	1125.000	3.128
4	1126.000	3.122
4	1127.000	3.116
4	1128.000	3.109
4	1129.000	3.103
4	1130.000	3.097
4	1131.000	3.091
4	1132.000	3.085
4	1133.000	3.079
4	1134.000	3.072
4	1135.000	3.066
4	1136.000	3.060
4	1137.000	3.054
4	1138.000	3.048
4	1139.000	3.042
4	1140.000	3.036
4	1141.000	3.030
4	1142.000	3.024
4	1143.000	3.018
4	1144.000	3.012
4	1145.000	3.006
4	1146.000	3.000
4	1147.000	2.994
4	1148.000	2.988
4	1149.000	2.982
4	1150.000	2.976
4	1151.000	2.970
4	1152.000	2.964
4	1153.000	2.958
4	1154.000	2.952
4	1155.000	2.946
4	1156.000	2.940
4	1157.000	2.934
4	1158.000	2.928
4	1159.000	2.923
4	1160.000	2.917
4	1161.000	2.911
4	1162.000	2.905
4	1163.000	2.899
4	1164.000	2.893
4	1165.000	2.888
4	1166.000	2.882
4	1167.000	2.876
4	1168.000	2.870
4	1169.000	2.865
4	1170.000	2.859
4	1171.000	2.853
4	1172.000	2.848
4	1173.000	2.842
4	1174.000	2.836
4	1175.000	2.830
4	1176.000	2.825
4	1177.000	2.819
4	1178.000	2.814
4	1179.000	2.808
4	1180.000	2.802
4	1181.000	2.797
4	1182.000	2.791
4	1183.000	2.786
4	1184.000	2.780
4	1185.000	2.774
4	1186.000	2.769
4	1187.000	2.763
4	1188.000	2.758
4	1189.000	2.752
4	1190.000	2.747
4	1191.000	2.741
4	1192.000	2.736
4	1193.000	2.730
4	1194.000	2.725
4	1195.000	2.719
4	1196.000	2.714
4	1197.000	2.709
4	1198.000	2.703
4	1199.000	2.698
4	1200.000	2.692
4	1201.000	2.687
4	1202.000	2.682
4	1203.000	2.676
4	1204.000	2.671
4	1205.000	2.666
4	1206.000	2.660
4	1207.000	2.655
4	1208.000	2.650
4	1209.000	2.644
4	1210.000	2.639
4	1211.000	2.634
4	1212.000	2.629
4	1213.000	2.623
4	1214.000	2.618
4	1215.000	2.613
4	1216.000	2.608
4	1217.000	2.602
4	1218.000	2.597
4	1219.000	2.592
4	1220.000	2.587
4	1221.000	2.582
4	1222.000	2.577
4	1223.000	2.571
4	1224.000	2.566
4	1225.000	2.561
4	1226.000	2.556
4	1227.000	2.551
4	1228.000	2.546
4	1229.000	2.541
4	1230.000	2.536
4	1231.000	2.531
4	1232.000	2.526
4	1233.000	2.520
4	1234.000	2.515
4	1235.000	2.510
4	1236.000	2.505
4	1237.000	2.500
4	1238.000	2.495
4	1239.000	2.490
4	1240.000	2.485
4	1241.000	2.480
4	1242.000	2.476
4	1243.000	2.471
4	1244.000	2.466
4	1245.000	2.461
4	1246.000	2.456
4	1247.000	2.451
4	1248.000	2.446
4	1249.000	2.441
4	1250.000	2.436
4	1251.000	2.431
4	1252.000	2.426
4	1253.000	2.422
4	1254.000	2.417
4	1255.000	2.412
4	1256.000	2.407
4	1257.000	2.402
4	1258.000	2.398
4	1259.000	2.393
4	1260.000	2.388
4	1261.000	2.383
4	1262.000	2.378
4	1263.000	2.374
4	1264.000	2.369
4	1265.000	2.364
4	1266.000	2.359
4	1267.000	2.355
4	1268.000	2.350
4	1269.000	2.345
4	1270.000	2.341
4	1271.000	2.336
4	1272.000	2.331
4	1273.000	2.327
4	1274.000	2.322
4	1275.000	2.317
4	1276.000	2.313
4	1277.000	2.308
4	1278.000	2.304
4	1279.000	2.299
4	1280.000	2.294
4	1281.000	2.290
4	1282.000	2.285
4	1283.000	2.281
4	1284.000	2.276
4	1285.000	2.272
4	1286.000	2.267
4	1287.000	2.262
4	1288.000	2.258
4	1289.000	2.253
4	1290.000	2.249
4	1291.000	2.244
4	1292.000	2.240
4	1293.000	2.235
4	1294.000	2.231
4	1295.000	2.227
4	1296.000	2.222
4	1297.000	2.218
4	1298.000	2.213
4	1299.000	2.209
4	1300.000	2.204
4	1301.000	2.200
4	1302.000	2.196
4	1303.000	2.191
4	1304.000	2.187
4	1305.000	2.182
4	1306.000	2.178
4	1307.000	2.174
4	1308.000	2.169
4	1309.000	2.165
4	1310.000	2.161
4	1311.000	2.156
4	1312.000	2.152
4	1313.000	2.148
4	1314.000	2.144
4	1315.000	2.139
4	1316.000	2.135
4	1317.000	2.131
4	1318.000	2.126
4	1319.000	2.122
4	1320.000	2.118
4	1321.000	2.114
4	1322.000	2.109
4	1323.000	2.105
4	1324.000	2.101
4	1325.000	2.097
4	1326.000	2.093
4	1327.000	2.089
4	1328.000	2.084
4	1329.000	2.080
4	1330.000	2.076
4	1331.000	2.072
4	1332.000	2.068
4	1333.000	2.064
4	1334.000	2.059
4	1335.000	2.055
4	1336.000	2.051
4	1337.000	2.047
4	1338.000	2.043
4	1339.000	2.039
4	1340.000	2.035
4	1341.000	2.031
4	1342.000	2.027
4	1343.000	2.023
4	1344.000	2.019
4	1345.000	2.015
4	1346.000	2.011
4	1347.000	2.007
4	1348.000	2.003
4	1349.000	1.999
4	1350.000	1.995
4	1351.000	1.991
4	1352.000	1.987
4	1353.000	1.983
4	1354.000	1.979
4	1355.000	1.975
4	1356.000	1.971
4	1357.000	1.967
4	1358.000	1.963
4	1359.000	1.959
4	1360.000	1.955
4	1361.000	1.951
4	1362.000	1.947
4	1363.000	1.943
4	1364.000	1.940
4	1365.000	1.936
4	1366.000	1.932
4	1367.000	1.928
4	1368.000	1.924
4	1369.000	1.920
4	1370.000	1.916
4	1371.000	1.913
4	1372.000	1.909
4	1373.000	1.905
4	1374.000	1.901
4	1375.000	1.897
4	1376.000	1.894
4	1377.000	1.890
4	1378.000	1.886
4	1379.000	1.882
4	1380.000	1.878
4	1381.000	1.875
4	1382.000	1.871
4	1383.000	1.867
4	1384.000	1.863
4	1385.000	1.860
4	1386.000	1.856
4	1387.000	1.852
4	1388.000	1.849
4	1389.000	1.845
4	1390.000	1.841
4	1391.000	1.838
4	1392.000	1.834
4	1393.000	1.830
4	1394.000	1.827
4	1395.000	1.823
4	1396.000	1.819
4	1397.000	1.816
4	1398.000	1.812
4	1399.000	1.808
4	1400.000	1.805
4	1401.000	1.801
4	1402.000	1.798
4	1403.000	1.794
4	1404.000	1.790
4	1405.000	1.787
4	1406.000	1.783
4	1407.000	1.780
4	1408.000	1.776
4	1409.000	1.773
4	1410.000	1.769
4	1411.000	1.766
4	1412.000	1.762
4	1413.000	1.758
4	1414.000	1.755
4	1415.000	1.751
4	1416.000	1.748
4	1417.000	1.744
4	1418.000	1.741
4	1419.000	1.738
4	1420.000	1.734
4	1421.000	1.731
4	1422.000	1.727
4	1423.000	1.724
4	1424.000	1.720
4	1425.000	1.717
4	1426.000	1.713
4	1427.000	1.710
4	1428.000	1.707
4	1429.000	1.703
4	1430.000	1.700
4	1431.000	1.696
4	1432.000	1.693
4	1433.000	1.690
4	1434.000	1.686
4	1435.000	1.683
4	1436.000	1.679
4	1437.000	1.676
4	1438.000	1.673
4	1439.000	1.669
4	1440.000	1.666
4	1441.000	1.663
4	1442.000	1.659
4	1443.000	1.656
4	1444.000	1.653
4	1445.000	1.649
4	1446.000	1.646
4	1447.000	1.643
4	1448.000	1.640
4	1449.000	1.636
4	1450.000	1.633
4	1451.000	1.630
4	1452.000	1.627
4	1453.000	1.623
4	1454.000	1.620
4	1455.000	1.617
4	1456.000	1.614
4	1457.000	1.610
4	1458.000	1.607
4	1459.000	1.604
4	1460.000	1.601
4	1461.000	1.598
4	1462.000	1.594
4	1463.000	1.591
4	1464.000	1.588
4	1465.000	1.585
4	1466.000	1.582
4	1467.000	1.578
4	1468.000	1.575
4	1469.000	1.572
4	1470.000	1.569
4	1471.000	1.566
4	1472.000	1.563
4	1473.000	1.560
4	1474.000	1.557
4	1475.000	1.553
4	1476.000	1.550
4	1477.000	1.547
4	1478.000	1.544
4	1479.000	1.541
4	1480.000	1.538
4	1481.000	1.535
4	1482.000	1.532
4	1483.000	1.529
4	1484.000	1.526
4	1485.000	1.523
4	1486.000	1.520
4	1487.000	1.517
4	1488.000	1.514
4	1489.000	1.511
4	1490.000	1.507
4	1491.000	1.504
4	1492.000	1.501
4	1493.000	1.498
4	1494.000	1.495
4	1495.000	1.492
4	1496.000	1.490
4	1497.000	1.487
4	1498.000	1.484
4	1499.000	1.481
4	1500.000	1.478
4	1501.000	1.475
4	1502.000	1.472
4	1503.000	1.469
4	1504.000	1.466
4	1505.000	1.463
4	1506.000	1.460
4	1507.000	1.457
4	1508.000	1.454
4	1509.000	1.451
4	1510.000	1.448
4	1511.000	1.445
4	1512.000	1.443
4	1513.000	1.440
4	1514.000	1.437
4	1515.000	1.434
4	1516.000	1.431
4	1517.000	1.428
4	1518.000	1.425
4	1519.000	1.423
4	1520.000	1.420
4	1521.000	1.417
4	1522.000	1.414
4	1523.000	1.411
4	1524.000	1.408
4	1525.000	1.406
4	1526.000	1.403
4	1527.000	1.400
4	1528.000	1.397
4	1529.000	1.394
4	1530.000	1.392
4	1531.000	1.389
4	1532.000	1.386
4	1533.000	1.383
4	1534.000	1.381
4	1535.000	1.378
4	1536.000	1.375
4	1537.000	1.372
4	1538.000	1.370
4	1539.000	1.367
4	1540.000	1.364
4	1541.000	1.361
4	1542.000	1.359
4	1543.000	1.356
4	1544.000	1.353
4	1545.000	1.350
4	1546.000	1.348
4	1547.000	1.345
4	1548.000	1.342
4	1549.000	1.340
4	1550.000	1.337
4	1551.000	1.334
4	1552.000	1.332
4	1553.000	1.329
4	1554.000	1.326
4	1555.000	1.324
4	1556.000	1.321
4	1557.000	1.318
4	1558.000	1.316
4	1559.000	1.313
4	1560.000	1.311
4	1561.000	1.308
4	1562.000	1.305
4	1563.000	1.303
4	1564.000	1.300
4	1565.000	1.298
4	1566.000	1.295
4	1567.000	1.292
4	1568.000	1.290
4	1569.000	1.287
4	1570.000	1.285
4	1571.000	1.282
4	1572.000	1.279
4	1573.000	1.277
4	1574.000	1.274
4	1575.000	1.272
4	1576.000	1.269
4	1577.000	1.267
4	1578.000	1.264
4	1579.000	1.262
4	1580.000	1.259
4	1581.000	1.257
4	1582.000	1.254
4	1583.000	1.252
4	1584.000	1.249
4	1585.000	1.247
4	1586.000	1.244
4	1587.000	1.242
4	1588.000	1.239
4	1589.000	1.237
4	1590.000	1.234
4	1591.000	1.232
4	1592.000	1.229
4	1593.000	1.227
4	1594.000	1.224
4	1595.000	1.222
4	1596.000	1.220
4	1597.000	1.217
4	1598.000	1.215
4	1599.000	1.212
4	1600.000	1.210
4	1601.000	1.207
4	1602.000	1.205
4	1603.000	1.203
4	1604.000	1.200
4	1605.000	1.198
4	1606.000	1.195
4	1607.000	1.193
4	1608.000	1.191
4	1609.000	1.188
4	1610.000	1.186
4	1611.000	1.183
4	1612.000	1.181
4	1613.000	1.179
4	1614.000	1.176
4	1615.000	1.174
4	1616.000	1.172
4	1617.000	1.169
4	1618.000	1.167
4	1619.000	1.165
4	1620.000	1.162
4	1621.000	1.160
4	1622.000	1.158
4	1623.000	1.155
4	1624.000	1.153
4	1625.000	1.151
4	1626.000	1.148
4	1627.000	1.146
4	1628.000	1.144
4	1629.000	1.142
4	1630.000	1.139
4	1631.000	1.137
4	1632.000	1.135
4	1633.000	1.133
4	1634.000	1.130
4	1635.000	1.128
4	1636.000	1.126
4	1637.000	1.123
4	1638.000	1.121
4	1639.000	1.119
4	1640.000	1.117
4	1641.000	1.115
4	1642.000	1.112
4	1643.000	1.110
4	1644.000	1.108
4	1645.000	1.106
4	1646.000	1.103
4	1647.000	1.101
4	1648.000	1.099
4	1649.000	1.097
4	1650.000	1.095
4	1651.000	1.092
4	1652.000	1.090
4	1653.000	1.088
4	1654.000	1.086
4	1655.000	1.084
4	1656.000	1.082
4	1657.000	1.079
4	1658.000	1.077
4	1659.000	1.075
4	1660.000	1.073
4	1661.000	1.071
4	1662.000	1.069
4	1663.000	1.067
4	1664.000	1.064
4	1665.000	1.062
4	1666.000	1.060
4	1667.000	1.058
4	1668.000	1.056
4	1669.000	1.054
4	1670.000	1.052
4	1671.000	1.050
4	1672.000	1.048
4	1673.000	1.045
4	1674.000	1.043
4	1675.000	1.041
4	1676.000	1.039
4	1677.000	1.037
4	1678.000	1.035
4	1679.000	1.033
4	1680.000	1.031
4	1681.000	1.029
4	1682.000	1.027
4	1683.000	1.025
4	1684.000	1.023
4	1685.000	1.021
4	1686.000	1.019
4	1687.000	1.017
4	1688.000	1.015
4	1689.000	1.013
4	1690.000	1.011
4	1691.000	1.008
4	1692.000	1.006
4	1693.000	1.004
4	1694.000	1.002
4	1695.000	1.000
4	1696.000	0.998
4	1697.000	0.996
4	1698.000	0.994
4	1699.000	0.992
4	1700.000	0.990
4	1701.000	0.989
4	1702.000	0.987
4	1703.000	0.985
4	1704.000	0.983
4	1705.000	0.981
4	1706.000	0.979
4	1707.000	0.977
4	1708.000	0.975
4	1709.000	0.973
4	1710.000	0.971
4	1711.000	0.969
4	1712.000	0.967
4	1713.000	0.965
4	1714.000	0.963
4	1715.000	0.961
4	1716.000	0.959
4	1717.000	0.957
4	1718.000	0.955
4	1719.000	0.954
4	1720.000	0.952
4	1721.000	0.950
4	1722.000	0.948
4	1723.000	0.946
4	1724.000	0.944
4	1725.000	0.942
4	1726.000	0.940
4	1727.000	0.938
4	1728.000	0.937
4	1729.000	0.935
4	1730.000	0.933
4	1731.000	0.931
4	1732.000	0.929
4	1733.000	0.927
4	1734.000	0.925
4	1735.000	0.924
4	1736.000	0.922
4	1737.000	0.920
4	1738.000	0.918
4	1739.000	0.916
4	1740.000	0.914
4	1741.000	0.913
4	1742.000	0.911
4	1743.000	0.909
4	1744.000	0.907
4	1745.000	0.905
4	1746.000	0.903
4	1747.000	0.902
4	1748.000	0.900
4	1749.000	0.898
4	1750.000	0.896
4	1751.000	0.894
4	1752.000	0.893
4	1753.000	0.891
4	1754.000	0.889
4	1755.000	0.887
4	1756.000	0.886
4	1757.000	0.884
4	1758.000	0.882
4	1759.000	0.880
4	1760.000	0.878
4	1761.000	0.877
4	1762.000	0.875
4	1763.000	0.873
4	1764.000	0.871
4	1765.000	0.870
4	1766.000	0.868
4	1767.000	0.866
4	1768.000	0.865
4	1769.000	0.863
4	1770.000	0.861
4	1771.000	0.859
4	1772.000	0.858
4	1773.000	0.856
4	1774.000	0.854
4	1775.000	0.853
4	1776.000	0.851
4	1777.000	0.849
4	1778.000	0.847
4	1779.000	0.846
4	1780.000	0.844
4	1781.000	0.842
4	1782.000	0.841
4	1783.000	0.839
4	1784.000	0.837
4	1785.000	0.836
4	1786.000	0.834
4	1787.000	0.832
4	1788.000	0.831
4	1789.000	0.829
4	1790.000	0.827
4	1791.000	0.826
4	1792.000	0.824
4	1793.000	0.822
4	1794.000	0.821
4	1795.000	0.819
4	1796.000	0.817
4	1797.000	0.816
4	1798.000	0.814
4	1799.000	0.813
4	1800.000	0.811
4	1801.000	0.809
4	1802.000	0.808
4	1803.000	0.806
4	1804.000	0.804
4	1805.000	0.803
4	1806.000	0.801
4	1807.000	0.800
4	1808.000	0.798
4	1809.000	0.796
4	1810.000	0.795
4	1811.000	0.793
4	1812.000	0.792
4	1813.000	0.790
4	1814.000	0.789
4	1815.000	0.787
4	1816.000	0.785
4	1817.000	0.784
4	1818.000	0.782
4	1819.000	0.781
4	1820.000	0.779
4	1821.000	0.778
4	1822.000	0.776
4	1823.000	0.774
4	1824.000	0.773
4	1825.000	0.771
4	1826.000	0.770
4	1827.000	0.768
4	1828.000	0.767
4	1829.000	0.765
4	1830.000	0.764
4	1831.000	0.762
4	1832.000	0.761
4	1833.000	0.759
4	1834.000	0.758
4	1835.000	0.756
4	1836.000	0.755
4	1837.000	0.753
4	1838.000	0.752
4	1839.000	0.750
4	1840.000	0.749
4	1841.000	0.747
4	1842.000	0.746
4	1843.000	0.744
4	1844.000	0.743
4	1845.000	0.741
4	1846.000	0.740
4	1847.000	0.738
4	1848.000	0.737
4	1849.000	0.735
4	1850.000	0.734
4	1851.000	0.732
4	1852.000	0.731
4	1853.000	0.729
4	1854.000	0.728
4	1855.000	0.726
4	1856.000	0.725
4	1857.000	0.724
4	1858.000	0.722
4	1859.000	0.721
4	1860.000	0.719
4	1861.000	0.718
4	1862.000	0.716
4	1863.000	0.715
4	1864.000	0.714
4	1865.000	0.712
4	1866.000	0.711
4	1867.000	0.709
4	1868.000	0.708
4	1869.000	0.706
4	1870.000	0.705
4	1871.000	0.704
4	1872.000	0.702
4	1873.000	0.701
4	1874.000	0.699
4	1875.000	0.698
4	1876.000	0.697
4	1877.000	0.695
4	1878.000	0.694
4	1879.000	0.692
4	1880.000	0.691
4	1881.000	0.690
4	1882.000	0.688
4	1883.000	0.687
4	1884.000	0.686
4	1885.000	0.684
4	1886.000	0.683
4	1887.000	0.681
4	1888.000	0.680
4	1889.000	0.679
4	1890.000	0.677
4	1891.000	0.676
4	1892.000	0.675
4	1893.000	0.673
4	1894.000	0.672
4	1895.000	0.671
4	1896.000	0.669
4	1897.000	0.668
4	1898.000	0.667
4	1899.000	0.665
4	1900.000	0.664
4	1901.000	0.663
4	1902.000	0.661
4	1903.000	0.660
4	1904.000	0.659
4	1905.000	0.657
4	1906.000	0.656
4	1907.000	0.655
4	1908.000	0.653
4	1909.000	0.652
4	1910.000	0.651
4	1911.000	0.649
4	1912.000	0.648
4	1913.000	0.647
4	1914.000	0.646
4	1915.000	0.644
4	1916.000	0.643
4	1917.000	0.642
4	1918.000	0.640
4	1919.000	0.639
4	1920.000	0.638
4	1921.000	0.637
4	1922.000	0.635
4	1923.000	0.634
4	1924.000	0.633
4	1925.000	0.632
4	1926.000	0.630
4	1927.000	0.629
4	1928.000	0.628
4	1929.000	0.627
4	1930.000	0.625
4	1931.000	0.624
4	1932.000	0.623
4	1933.000	0.622
4	1934.000	0.620
4	1935.000	0.619
4	1936.000	0.618
4	1937.000	0.617
4	1938.000	0.615
4	1939.000	0.614
4	1940.000	0.613
4	1941.000	0.612
4	1942.000	0.610
4	1943.000	0.609
4	1944.000	0.608
4	1945.000	0.607
4	1946.000	0.606
4	1947.000	0.604
4	1948.000	0.603
4	1949.000	0.602
4	1950.000	0.601
4	1951.000	0.600
4	1952.000	0.598
4	1953.000	0.597
4	1954.000	0.596
4	1955.000	0.595
4	1956.000	0.594
4	1957.000	0.592
4	1958.000	0.591
4	1959.000	0.590
4	1960.000	0.589
4	1961.000	0.588
4	1962.000	0.587
4	1963.000	0.585
4	1964.000	0.584
4	1965.000	0.583
4	1966.000	0.582
4	1967.000	0.581
4	1968.000	0.580
4	1969.000	0.578
4	1970.000	0.577
4	1971.000	0.576
4	1972.000	0.575
4	1973.000	0.574
4	1974.000	0.573
4	1975.000	0.571
4	1976.000	0.570
4	1977.000	0.569
4	1978.000	0.568
4	1979.000	0.567
4	1980.000	0.566
4	1981.000	0.565
4	1982.000	0.564
4	1983.000	0.562
4	1984.000	0.561
4	1985.000	0.560
4	1986.000	0.559
4	1987.000	0.558
4	1988.000	0.557
4	1989.000	0.556
4	1990.000	0.555
4	1991.000	0.553
4	1992.000	0.552
4	1993.000	0.551
4	1994.000	0.550
4	1995.000	0.549
4	1996.000	0.548
4	1997.000	0.547
4	1998.000	0.546
4	1999.000	0.545
4	2000.000	0.544
