# NEST version: UNKNOWN
# RecordingBackendASCII version: 2
sender	time_ms
1587	430.300
1377	480.500
1737	726.700
1747	767.900
1707	773.300
1107	786.100
1177	795.200
1597	801.200
1097	802.300
1417	803.100
1387	814.200
1467	1203.000
1347	1225.900
1387	1240.400
1217	1255.900
1297	1299.700
1397	1305.200
1027	1306.500
1687	1306.800
1067	1309.800
1417	1310.400
1137	1310.500
1557	1311.300
1217	1311.800
1207	1313.300
1287	1313.600
1767	1313.700
1307	1314.800
1497	1314.800
1107	1315.300
1537	1315.700
1157	1315.900
1347	1316.200
1647	1316.500
1327	1317.200
1627	1317.400
1707	1317.700
1637	1317.900
1377	1318.400
1587	1318.400
1467	1318.600
1527	1318.900
1697	1319.000
1547	1319.100
1387	1319.400
1487	1319.400
1657	1319.400
1117	1319.500
1187	1319.500
1477	1319.600
1277	1319.900
1197	1320.900
1567	1321.300
1087	1321.400
1597	1322.500
1607	1322.500
1407	1323.800
1357	1324.000
1747	1324.100
1507	1324.300
1297	1324.900
1067	1325.200
1427	1325.500
1457	1325.700
1797	1326.300
1727	1327.500
1367	1328.100
1307	1328.700
1577	1329.200
1047	1329.800
1397	1330.000
1267	1330.500
1177	1330.700
1687	1331.300
1007	1331.800
1787	1333.200
1017	1333.300
1667	1333.500
1027	1333.700
1227	1334.000
1097	1335.000
1127	1335.200
1617	1336.600
1157	1338.600
1437	1338.900
1767	1339.200
1147	1339.400
1487	1340.900
1557	1341.200
1587	1341.900
1677	1342.300
1567	1343.000
1327	1343.200
1237	1343.300
1447	1344.100
1417	1344.700
1427	1346.800
1217	1347.700
1287	1347.700
1197	1348.100
1467	1348.100
1037	1348.700
1137	1349.000
1177	1349.100
1407	1350.000
1247	1350.200
1547	1350.500
1277	1354.900
1337	1355.700
1657	1356.200
1107	1356.400
1597	1356.500
1537	1357.000
1737	1357.900
1717	1358.900
1047	1361.000
1477	1361.500
1667	1361.700
1207	1362.100
1077	1363.300
1317	1364.200
1257	1367.300
1377	1367.400
1697	1367.400
1687	1367.500
1027	1371.100
1297	1371.500
1767	1372.200
1227	1372.400
1057	1373.400
1617	1378.800
1647	1379.500
1577	1381.100
1347	1382.600
1397	1384.900
1427	1385.000
1167	1385.600
1307	1387.900
1677	1387.900
1497	1389.100
1687	1391.800
1607	1392.700
1277	1394.800
1737	1395.000
1017	1398.500
1337	1399.300
1557	1401.300
1257	1403.700
1267	1406.500
1777	1407.300
1567	1407.600
1697	1408.400
1547	1410.300
1457	1411.400
1217	1411.500
1587	1411.600
1717	1416.300
1387	1416.600
1327	1417.000
1487	1419.500
1247	1421.800
1157	1422.100
1317	1422.200
1597	1424.300
1627	1425.300
1417	1429.100
1467	1429.100
1107	1431.900
1437	1432.700
1687	1435.400
1767	1447.800
1727	1645.300
1227	1649.000
1127	1649.700
1657	1650.200
1437	1650.500
1317	1654.800
1307	1655.400
1637	1655.400
1547	1655.800
1527	1656.200
1327	1656.800
1287	1657.100
1487	1657.200
1477	1658.100
1707	1658.200
1257	1658.700
1667	1659.100
1607	1659.300
1237	1660.200
1087	1660.800
1067	1661.000
1377	1661.800
1497	1661.800
1747	1663.000
1717	1663.100
1017	1663.200
1427	1663.500
1397	1663.700
1007	1663.800
1027	1664.200
1247	1664.400
1167	1664.700
1537	1664.900
1097	1665.100
1187	1665.100
1577	1665.500
1277	1666.500
1767	1666.700
1727	1667.600
1197	1669.100
1227	1669.200
1337	1669.200
1147	1669.400
1137	1670.100
1177	1670.800
1037	1670.900
1447	1671.000
1567	1671.500
1047	1671.700
1517	1672.100
1117	1672.200
1157	1672.500
1317	1672.700
1057	1673.100
1557	1673.500
1657	1673.600
1407	1673.900
1677	1673.900
1737	1674.300
1787	1674.300
1757	1674.500
1597	1674.600
1207	1674.700
1547	1674.800
1457	1675.200
1587	1675.500
1127	1675.800
1217	1675.800
1687	1676.100
1717	1676.200
1347	1676.300
1617	1676.800
1467	1677.200
1357	1677.800
1637	1677.800
1697	1677.800
1027	1678.500
1247	1678.500
1387	1679.100
1627	1679.500
1327	1679.600
1777	1679.600
1487	1679.700
1077	1679.900
1267	1679.900
1497	1680.000
1257	1680.600
1797	1680.900
1307	1681.000
1417	1681.100
1437	1681.100
1767	1681.100
1277	1681.400
1527	1681.600
1477	1681.700
1017	1681.900
1237	1682.000
1727	1682.100
1107	1682.500
1537	1682.500
1507	1682.600
1067	1682.700
1087	1682.700
1187	1682.800
1647	1683.400
1137	1683.500
1007	1683.800
1227	1684.000
1297	1684.000
1167	1684.200
1707	1684.200
1097	1684.400
1177	1684.400
1197	1684.500
1377	1684.500
1157	1684.900
1427	1685.100
1367	1685.200
1667	1685.200
1317	1685.400
1207	1686.000
1747	1686.000
1117	1686.200
1607	1686.200
1057	1686.400
1737	1686.600
1337	1687.200
1547	1687.200
1577	1687.400
1567	1687.700
1597	1687.700
1657	1687.700
1037	1688.100
1517	1688.100
1757	1688.100
1217	1688.400
1677	1688.400
1447	1688.500
1557	1688.800
1587	1688.900
1617	1688.900
1687	1688.900
1027	1689.100
1147	1689.100
1397	1689.200
1047	1689.300
1407	1689.300
1247	1689.500
1717	1689.700
1327	1689.900
1457	1689.900
1077	1690.100
1467	1690.100
1287	1690.300
1357	1690.400
1777	1690.500
1637	1690.600
1787	1690.600
1497	1690.700
1627	1690.800
1257	1691.100
1277	1691.400
1347	1691.500
1487	1691.600
1127	1691.700
1527	1691.700
1767	1691.700
1437	1691.800
1387	1692.000
1507	1692.000
1477	1692.200
1697	1692.300
1017	1692.400
1797	1692.700
1067	1692.800
1307	1692.900
1267	1693.000
1417	1693.000
1137	1693.300
1107	1693.500
1237	1693.700
1007	1694.000
1167	1694.100
1197	1694.100
1727	1694.100
1537	1694.200
1087	1694.300
1157	1694.300
1317	1694.300
1297	1694.400
1377	1694.500
1227	1694.600
1367	1694.600
1707	1694.700
1097	1694.800
1177	1694.800
1207	1694.800
1647	1694.900
1187	1695.700
1737	1695.700
1747	1695.800
1057	1696.000
1667	1696.000
1117	1696.200
1427	1696.200
1547	1696.400
1337	1696.800
1607	1697.000
1037	1697.200
1147	1697.300
1597	1697.300
1027	1697.400
1657	1697.500
1677	1697.500
1577	1697.600
1617	1697.800
1517	1697.900
1077	1698.000
1247	1698.000
1557	1698.000
1567	1698.000
1587	1698.000
1757	1698.000
1287	1698.300
1217	1698.400
1397	1698.400
1447	1698.500
1407	1698.800
1687	1698.900
1717	1699.000
1047	1699.400
1777	1699.400
1457	1699.600
1637	1699.800
1277	1699.900
1357	1699.900
1467	1699.900
1127	1700.000
1787	1700.100
1507	1700.200
1347	1700.300
1527	1700.300
1327	1700.400
1497	1700.400
1257	1700.500
1387	1700.600
1487	1700.700
1697	1700.800
1767	1700.800
1477	1701.100
1797	1701.200
1627	1701.300
1017	1701.400
1067	1701.500
1307	1701.600
1267	1701.800
1137	1701.900
1417	1702.000
1437	1702.200
1197	1702.300
1007	1702.400
1107	1702.500
1237	1702.600
1297	1702.700
1367	1702.700
1207	1702.800
1727	1702.800
1317	1702.900
1097	1703.100
1377	1703.100
1167	1703.300
1087	1703.400
1177	1703.400
1647	1703.400
1157	1703.500
1707	1703.500
1227	1703.600
1537	1703.800
1547	1704.100
1187	1704.200
1737	1704.200
1747	1704.200
1057	1704.300
1117	1704.700
1427	1704.800
1027	1704.900
1667	1704.900
1337	1705.000
1657	1705.300
1037	1705.400
1077	1705.400
1147	1705.400
1597	1705.500
1617	1705.600
1607	1705.700
1677	1705.900
1757	1705.900
1587	1706.000
1517	1706.200
1577	1706.200
1247	1706.300
1397	1706.300
1567	1706.300
1447	1706.400
1407	1706.500
1217	1706.600
1557	1706.700
1287	1706.800
1717	1706.800
1687	1707.000
1777	1707.200
1047	1707.300
1787	1707.700
1387	1707.800
1127	1707.900
1527	1707.900
1507	1708.000
1637	1708.000
1357	1708.100
1467	1708.100
1347	1708.200
1457	1708.200
1257	1708.300
1277	1708.400
1497	1708.500
1697	1708.500
1327	1708.600
1487	1708.600
1477	1708.700
1767	1708.800
1797	1708.900
1067	1709.300
1017	1709.500
1307	1709.500
1267	1709.600
1137	1709.800
1197	1709.800
1627	1709.900
1417	1710.000
1207	1710.300
1237	1710.300
1007	1710.400
1727	1710.400
1437	1710.500
1107	1710.700
1367	1710.700
1317	1710.800
1097	1710.900
1297	1710.900
1377	1711.000
1707	1711.000
1087	1711.100
1647	1711.100
1157	1711.300
1177	1711.500
1547	1711.500
1167	1711.600
1187	1711.600
1227	1711.600
1537	1711.600
1117	1711.800
1737	1711.800
1747	1711.800
1057	1712.000
1337	1712.000
1077	1712.500
1147	1712.600
1027	1712.700
1427	1712.700
1667	1712.700
1607	1712.900
1657	1712.900
1597	1713.000
1617	1713.000
1757	1713.100
1037	1713.200
1587	1713.500
1677	1713.500
1567	1713.600
1217	1713.700
1247	1713.700
1517	1713.900
1577	1713.900
1717	1713.900
1397	1714.000
1447	1714.100
1407	1714.200
1557	1714.400
1287	1714.500
1687	1714.700
1047	1714.800
1387	1714.800
1777	1715.000
1127	1715.100
1527	1715.100
1787	1715.100
1637	1715.300
1697	1715.600
1347	1715.700
1357	1715.700
1257	1715.800
1507	1715.800
1327	1715.900
1467	1715.900
1487	1715.900
1497	1715.900
1277	1716.000
1457	1716.000
1477	1716.100
1797	1716.200
1767	1716.400
1067	1716.600
1267	1716.600
1017	1716.900
1307	1716.900
1627	1717.000
1207	1717.200
1197	1717.300
1417	1717.400
1007	1717.500
1137	1717.600
1237	1717.700
1367	1717.700
1727	1717.700
1437	1717.800
1107	1718.100
1707	1718.300
1097	1718.400
1297	1718.500
1537	1718.500
1087	1718.600
1317	1718.600
1157	1718.700
1647	1718.700
1547	1718.800
1737	1718.800
1187	1718.900
1377	1718.900
1117	1719.000
1167	1719.000
1177	1719.000
1337	1719.100
1057	1719.200
1227	1719.600
1747	1719.600
1077	1719.700
1147	1719.900
1667	1720.000
1607	1720.100
1027	1720.200
1427	1720.200
1617	1720.200
1757	1720.200
1657	1720.300
1597	1720.400
1217	1720.600
1677	1720.600
1037	1720.700
1247	1720.800
1587	1720.800
1517	1720.900
1567	1721.000
1717	1721.000
1577	1721.100
1447	1721.200
1557	1721.300
1397	1721.400
1407	1721.600
1047	1721.700
1287	1721.800
1387	1721.800
1687	1721.900
1787	1722.100
1527	1722.300
1777	1722.300
1127	1722.500
1637	1722.500
1347	1722.700
1497	1722.700
1697	1722.800
1257	1723.000
1277	1723.100
1357	1723.100
1467	1723.100
1487	1723.100
1457	1723.200
1477	1723.300
1507	1723.300
1327	1723.400
1767	1723.600
1797	1723.600
1017	1723.900
1267	1723.900
1627	1723.900
1067	1724.000
1207	1724.000
1307	1724.000
1417	1724.200
1367	1724.300
1007	1724.700
1197	1724.700
1727	1724.700
1437	1724.800
1137	1724.900
1107	1725.100
1237	1725.200
1097	1725.400
1537	1725.600
1087	1725.700
1707	1725.700
1737	1725.700
1547	1725.800
1157	1725.900
1317	1725.900
1177	1726.000
1297	1726.000
1337	1726.000
1647	1726.000
1187	1726.100
1057	1726.200
1117	1726.200
1167	1726.200
1377	1726.300
1077	1726.700
1747	1726.700
1667	1726.900
1147	1727.100
1427	1727.100
1607	1727.100
1027	1727.200
1227	1727.200
1617	1727.300
1597	1727.400
1757	1727.400
1677	1727.500
1587	1727.600
1217	1727.700
1657	1727.700
1037	1727.800
1247	1727.900
1517	1727.900
1717	1727.900
1447	1728.000
1577	1728.100
1567	1728.200
1557	1728.300
1047	1728.500
1387	1728.600
1397	1728.600
1407	1728.800
1687	1728.800
1287	1728.900
1787	1729.100
1527	1729.300
1637	1729.300
1777	1729.300
1497	1729.400
1127	1729.700
1697	1729.700
1257	1729.800
1277	1729.800
1347	1729.900
1357	1729.900
1457	1730.000
1467	1730.100
1477	1730.100
1487	1730.300
1327	1730.400
1627	1730.500
1507	1730.600
1017	1730.700
1767	1730.700
1797	1730.700
1207	1730.800
1267	1730.900
1307	1730.900
1417	1730.900
1067	1731.100
1367	1731.200
1727	1731.500
1007	1731.600
1107	1731.800
1197	1731.800
1437	1731.800
1137	1732.100
1737	1732.200
1237	1732.300
1097	1732.400
1087	1732.500
1707	1732.500
1537	1732.600
1157	1732.800
1547	1732.800
1337	1732.900
1177	1733.000
1187	1733.000
1317	1733.000
1647	1733.000
1377	1733.100
1057	1733.200
1117	1733.200
1167	1733.200
1297	1733.300
1667	1733.500
1747	1733.500
1427	1733.800
1077	1733.900
1147	1733.900
1607	1733.900
1027	1734.000
1597	1734.200
1617	1734.200
1227	1734.300
1677	1734.300
1757	1734.300
1217	1734.400
1037	1734.600
1517	1734.600
1587	1734.700
1247	1734.800
1567	1734.800
1717	1734.800
1447	1734.900
1657	1734.900
1047	1735.200
1387	1735.300
1577	1735.300
1397	1735.400
1687	1735.500
1287	1735.600
1557	1735.600
1407	1735.700
1637	1735.900
1787	1735.900
1497	1736.000
1527	1736.100
1777	1736.300
1357	1736.400
1697	1736.400
1277	1736.500
1127	1736.600
1257	1736.700
1347	1736.700
1457	1736.900
1477	1736.900
1627	1737.000
1327	1737.100
1487	1737.100
1467	1737.200
1017	1737.400
1417	1737.500
1507	1737.500
1207	1737.600
1307	1737.600
1767	1737.600
1267	1737.700
1797	1737.700
1067	1738.100
1367	1738.100
1727	1738.300
1197	1738.400
1007	1738.500
1107	1738.700
1137	1738.700
1437	1738.800
1087	1739.000
1097	1739.000
1737	1739.000
1237	1739.100
1707	1739.200
1547	1739.400
1157	1739.500
1177	1739.700
1337	1739.700
1537	1739.700
1167	1739.800
1057	1740.000
1187	1740.000
1317	1740.000
1377	1740.000
1647	1740.000
1117	1740.200
1747	1740.200
1297	1740.300
1427	1740.400
1667	1740.500
1027	1740.600
1077	1740.600
1147	1740.600
1607	1740.700
1597	1740.800
1037	1741.100
1217	1741.100
1227	1741.200
1517	1741.300
1617	1741.300
1677	1741.300
1567	1741.400
1587	1741.400
1757	1741.400
1447	1741.600
1717	1741.600
1247	1741.700
1047	1741.900
1387	1742.000
1657	1742.100
1397	1742.200
1287	1742.300
1557	1742.300
1687	1742.300
1407	1742.400
1577	1742.400
1637	1742.400
1787	1742.500
1497	1742.900
1527	1742.900
1777	1742.900
1357	1743.100
1127	1743.200
1697	1743.200
1257	1743.400
1277	1743.400
1347	1743.400
1477	1743.400
1457	1743.500
1627	1743.700
1327	1743.800
1487	1743.800
1017	1743.900
1307	1744.100
1417	1744.200
1467	1744.300
1507	1744.300
1207	1744.400
1767	1744.400
1797	1744.400
1267	1744.500
1367	1744.800
1197	1744.900
1067	1745.000
1137	1745.100
1727	1745.200
1007	1745.300
1437	1745.300
1097	1745.500
1107	1745.500
1087	1745.600
1237	1745.800
1707	1745.800
1737	1745.800
1547	1745.900
1157	1746.300
1537	1746.400
1177	1746.500
1337	1746.500
1167	1746.600
1317	1746.600
1057	1746.800
1187	1746.800
1427	1746.800
1647	1746.800
1117	1746.900
1297	1746.900
1377	1746.900
1747	1746.900
1077	1747.100
1147	1747.200
1607	1747.200
1667	1747.200
1027	1747.400
1597	1747.500
1037	1747.700
1227	1747.800
1517	1747.800
1217	1747.900
1617	1748.000
1677	1748.000
1447	1748.100
1587	1748.100
1717	1748.100
1567	1748.200
1247	1748.400
1757	1748.500
1047	1748.700
1387	1748.700
1397	1748.800
1657	1748.800
1287	1748.900
1637	1749.000
1787	1749.000
1407	1749.100
1687	1749.100
1577	1749.200
1557	1749.300
1777	1749.300
1527	1749.500
1127	1749.700
1477	1749.800
1497	1749.800
1357	1749.900
1697	1749.900
1257	1750.000
1347	1750.000
1457	1750.000
1327	1750.300
1277	1750.400
1307	1750.500
1487	1750.500
1627	1750.500
1017	1750.600
1417	1750.800
1467	1750.900
1507	1751.000
1207	1751.200
1797	1751.200
1767	1751.300
1197	1751.400
1267	1751.400
1367	1751.500
1067	1751.600
1137	1751.900
1437	1752.000
1727	1752.000
1007	1752.100
1097	1752.200
1107	1752.300
1087	1752.400
1237	1752.500
1547	1752.500
1737	1752.500
1707	1752.600
1157	1753.000
1537	1753.000
1337	1753.200
1167	1753.300
1177	1753.300
1317	1753.300
1427	1753.300
1057	1753.400
1117	1753.400
1377	1753.400
1747	1753.400
1077	1753.500
1647	1753.500
1297	1753.600
1187	1753.700
1607	1753.700
1147	1753.900
1027	1754.000
1597	1754.100
1667	1754.100
1037	1754.200
1227	1754.300
1517	1754.400
1617	1754.400
1217	1754.500
1447	1754.600
1677	1754.600
1587	1754.700
1567	1754.800
1247	1754.900
1717	1754.900
1047	1755.200
1657	1755.200
1757	1755.300
1387	1755.400
1397	1755.400
1287	1755.600
1787	1755.600
1407	1755.700
1577	1755.800
1637	1755.800
1687	1756.000
1777	1756.100
1127	1756.200
1477	1756.300
1527	1756.300
1497	1756.500
1557	1756.500
1357	1756.600
1457	1756.600
1257	1756.700
1347	1756.700
1697	1756.800
1277	1757.100
1327	1757.100
1487	1757.100
1627	1757.100
1017	1757.300
1307	1757.300
1417	1757.300
1507	1757.500
1797	1757.700
1207	1757.800
1467	1757.800
1197	1758.000
1767	1758.000
1267	1758.100
1067	1758.200
1367	1758.200
1727	1758.600
1007	1758.700
1137	1758.700
1437	1758.800
1097	1758.900
1107	1758.900
1547	1759.000
1237	1759.100
1087	1759.200
1737	1759.200
1537	1759.400
1157	1759.500
1707	1759.500
1077	1759.900
1117	1759.900
1167	1759.900
1317	1759.900
1427	1760.000
1747	1760.000
1057	1760.100
1337	1760.100
1377	1760.100
1177	1760.200
1187	1760.200
1297	1760.200
1607	1760.200
1647	1760.200
1027	1760.600
1147	1760.600
1037	1760.800
1227	1760.800
1517	1760.900
1597	1760.900
1617	1760.900
1217	1761.000
1667	1761.000
1447	1761.200
1247	1761.400
1587	1761.400
1567	1761.500
1677	1761.500
1717	1761.600
1657	1761.700
1047	1761.800
1397	1761.800
1387	1762.000
1757	1762.000
1787	1762.100
1407	1762.300
1287	1762.400
1577	1762.400
1637	1762.500
1127	1762.700
1777	1762.800
1477	1762.900
1527	1762.900
1687	1763.000
1347	1763.100
1497	1763.100
1257	1763.300
1557	1763.300
1357	1763.400
1457	1763.400
1627	1763.500
1697	1763.500
1277	1763.600
1327	1763.600
1487	1763.600
1307	1763.800
1017	1763.900
1507	1763.900
1417	1764.100
1797	1764.100
1197	1764.500
1467	1764.500
1767	1764.500
1207	1764.600
1267	1764.700
1067	1764.800
1007	1765.000
1367	1765.100
1727	1765.100
1097	1765.400
1137	1765.400
1107	1765.500
1437	1765.500
1547	1765.600
1237	1765.800
1737	1765.800
1087	1765.900
1537	1766.000
1707	1766.200
1077	1766.300
1157	1766.300
1167	1766.300
1057	1766.600
1187	1766.600
1317	1766.600
1747	1766.600
1117	1766.700
1607	1766.700
1647	1766.700
1177	1766.800
1427	1766.800
1297	1766.900
1377	1766.900
1337	1767.000
1147	1767.200
1027	1767.300
1037	1767.400
1517	1767.400
1617	1767.400
1227	1767.500
1597	1767.500
1217	1767.700
1667	1767.700
1447	1767.800
1587	1767.900
1247	1768.000
1677	1768.000
1717	1768.000
1567	1768.100
1397	1768.200
1657	1768.300
1047	1768.400
1787	1768.500
1757	1768.700
1407	1768.800
1387	1768.900
1577	1768.900
1287	1769.000
1637	1769.100
1127	1769.200
1777	1769.300
1527	1769.400
1347	1769.600
1477	1769.600
1497	1769.600
1687	1769.700
1457	1769.800
1257	1769.900
1487	1770.000
1557	1770.000
1627	1770.000
1277	1770.100
1307	1770.100
1327	1770.100
1357	1770.100
1697	1770.100
1507	1770.400
1017	1770.600
1797	1770.600
1417	1770.700
1197	1770.900
1767	1771.000
1207	1771.100
1267	1771.100
1467	1771.200
1067	1771.300
1007	1771.500
1727	1771.600
1097	1771.900
1367	1771.900
1107	1772.100
1437	1772.100
1137	1772.200
1737	1772.200
1547	1772.400
1237	1772.500
1707	1772.600
1077	1772.700
1087	1772.700
1157	1772.800
1167	1772.900
1537	1772.900
1057	1773.000
1747	1773.100
1187	1773.200
1317	1773.300
1647	1773.300
1117	1773.400
1297	1773.400
1177	1773.500
1427	1773.500
1607	1773.500
1337	1773.600
1377	1773.600
1027	1773.900
1617	1773.900
1147	1774.000
1037	1774.100
1517	1774.100
1227	1774.200
1597	1774.200
1217	1774.400
1447	1774.400
1587	1774.400
1667	1774.400
1717	1774.500
1677	1774.600
1247	1774.700
1567	1774.700
1397	1774.800
1657	1774.800
1787	1775.100
1047	1775.300
1577	1775.300
1287	1775.400
1407	1775.400
1757	1775.400
1387	1775.500
1127	1775.700
1637	1775.900
1527	1776.000
1777	1776.000
1497	1776.100
1347	1776.200
1687	1776.200
1457	1776.300
1477	1776.300
1257	1776.400
1487	1776.400
1557	1776.500
1277	1776.600
1327	1776.600
1697	1776.600
1357	1776.700
1627	1776.700
1307	1776.800
1507	1776.900
1797	1777.100
1017	1777.300
1767	1777.300
1197	1777.400
1417	1777.400
1207	1777.500
1267	1777.600
1067	1777.700
1467	1777.800
1727	1778.100
1007	1778.200
1097	1778.400
1107	1778.600
1367	1778.600
1437	1778.700
1737	1778.900
1137	1779.000
1547	1779.000
1077	1779.100
1087	1779.300
1157	1779.300
1237	1779.300
1707	1779.400
1167	1779.500
1057	1779.600
1297	1779.700
1537	1779.700
1187	1779.800
1317	1779.800
1747	1779.800
1117	1779.900
1607	1779.900
1177	1780.100
1337	1780.100
1647	1780.100
1377	1780.200
1427	1780.200
1037	1780.500
1617	1780.500
1027	1780.600
1517	1780.600
1147	1780.800
1217	1780.900
1227	1780.900
1587	1780.900
1447	1781.000
1597	1781.000
1667	1781.000
1677	1781.100
1247	1781.200
1567	1781.200
1717	1781.200
1657	1781.400
1397	1781.500
1047	1781.900
1287	1781.900
1757	1781.900
1787	1781.900
1387	1782.000
1407	1782.000
1577	1782.000
1127	1782.300
1637	1782.500
1497	1782.600
1527	1782.600
1687	1782.700
1777	1782.700
1257	1782.900
1457	1782.900
1477	1782.900
1487	1782.900
1347	1783.000
1557	1783.000
1357	1783.100
1277	1783.200
1627	1783.200
1307	1783.300
1327	1783.300
1507	1783.400
1697	1783.500
1767	1783.800
1797	1783.800
1197	1783.900
1017	1784.100
1207	1784.100
1417	1784.100
1267	1784.200
1467	1784.200
1067	1784.400
1007	1784.700
1727	1784.800
1097	1785.100
1367	1785.200
1437	1785.200
1107	1785.500
1137	1785.600
1737	1785.600
1077	1785.700
1547	1785.700
1087	1785.800
1237	1786.000
1157	1786.100
1057	1786.200
1167	1786.200
1297	1786.200
1707	1786.200
1317	1786.300
1747	1786.300
1117	1786.400
1187	1786.400
1337	1786.500
1537	1786.500
1607	1786.600
1647	1786.700
1177	1786.900
1377	1786.900
1427	1786.900
1517	1787.000
1037	1787.200
1027	1787.300
1587	1787.300
1147	1787.400
1447	1787.400
1617	1787.400
1217	1787.500
1227	1787.600
1597	1787.600
1667	1787.600
1677	1787.600
1717	1787.700
1247	1787.800
1567	1787.900
1657	1788.000
1397	1788.200
1387	1788.400
1757	1788.400
1047	1788.500
1287	1788.500
1407	1788.500
1577	1788.500
1787	1788.600
1127	1788.800
1637	1789.000
1497	1789.100
1527	1789.200
1777	1789.200
1687	1789.300
1257	1789.500
1357	1789.500
1457	1789.500
1477	1789.500
1487	1789.500
1557	1789.600
1627	1789.700
1277	1789.800
1307	1789.800
1347	1789.900
1507	1790.000
1327	1790.200
1767	1790.200
1197	1790.300
1697	1790.300
1207	1790.600
1417	1790.700
1797	1790.700
1017	1790.800
1467	1790.800
1267	1790.900
1067	1791.000
1007	1791.200
1727	1791.400
1437	1791.600
1097	1791.700
1367	1791.700
1737	1792.100
1137	1792.200
1077	1792.300
1087	1792.300
1107	1792.300
1547	1792.400
1157	1792.600
1237	1792.600
1297	1792.700
1057	1792.900
1117	1792.900
1167	1792.900
1337	1792.900
1707	1792.900
1747	1792.900
1187	1793.000
1317	1793.000
1537	1793.000
1607	1793.200
1647	1793.300
1177	1793.400
1377	1793.500
1427	1793.600
1517	1793.600
1587	1793.700
1037	1793.800
1447	1793.900
1147	1794.000
1677	1794.000
1217	1794.100
1617	1794.100
1027	1794.200
1667	1794.200
1717	1794.300
1597	1794.400
1227	1794.500
1567	1794.500
1247	1794.600
1657	1794.600
1287	1794.900
1387	1794.900
1397	1794.900
1757	1794.900
1047	1795.000
1407	1795.000
1577	1795.000
1787	1795.100
1127	1795.300
1637	1795.400
1777	1795.500
1497	1795.600
1527	1795.700
1687	1795.800
1357	1795.900
1257	1796.100
1307	1796.100
1457	1796.200
1477	1796.200
1487	1796.200
1557	1796.200
1277	1796.300
1627	1796.300
1767	1796.500
1347	1796.600
1327	1796.800
1507	1796.800
1197	1796.900
1697	1797.000
1207	1797.200
1017	1797.400
1417	1797.400
1797	1797.400
1267	1797.500
1067	1797.600
1467	1797.600
1007	1797.900
1727	1798.000
1437	1798.200
1097	1798.300
1367	1798.500
1737	1798.500
1077	1798.900
1087	1798.900
1137	1798.900
1107	1799.000
1547	1799.100
1157	1799.200
1237	1799.400
1297	1799.400
1337	1799.400
1117	1799.500
1317	1799.500
1707	1799.500
1187	1799.600
1747	1799.600
1537	1799.700
1057	1799.800
1607	1799.800
1167	1799.900
1177	1799.900
1647	1800.000
1377	1800.100
1427	1800.100
1517	1800.200
1037	1800.300
1587	1800.300
1147	1800.600
1617	1800.700
1677	1800.700
1217	1800.800
1447	1800.800
1667	1800.800
1717	1800.800
1597	1801.000
1027	1801.100
1247	1801.200
1567	1801.200
1657	1801.200
1227	1801.300
1287	1801.300
1397	1801.500
1577	1801.500
1047	1801.600
1387	1801.600
1407	1801.700
1757	1801.700
1787	1801.700
1637	1801.800
1127	1802.000
1777	1802.000
1497	1802.100
1357	1802.300
1527	1802.300
1687	1802.300
1307	1802.400
1257	1802.700
1277	1802.700
1557	1802.700
1627	1802.700
1477	1802.800
1457	1802.900
1767	1802.900
1487	1803.000
1327	1803.400
1347	1803.400
1507	1803.400
1197	1803.600
1697	1803.600
1207	1803.800
1017	1803.900
1797	1803.900
1417	1804.000
1067	1804.200
1267	1804.200
1467	1804.200
1727	1804.500
1007	1804.600
1437	1804.800
1097	1805.000
1737	1805.100
1077	1805.300
1367	1805.300
1087	1805.400
1137	1805.600
1107	1805.700
1157	1805.800
1547	1805.800
1237	1806.000
1297	1806.100
1317	1806.100
1117	1806.200
1337	1806.200
1187	1806.300
1537	1806.300
1747	1806.300
1177	1806.500
1377	1806.500
1647	1806.500
1707	1806.500
1427	1806.600
1517	1806.700
1587	1806.700
1057	1806.800
1167	1806.800
1607	1806.800
1037	1806.900
1147	1807.200
1617	1807.200
1677	1807.300
1717	1807.300
1447	1807.500
1667	1807.500
1217	1807.700
1597	1807.700
1657	1807.800
1027	1807.900
1227	1807.900
1247	1807.900
1567	1807.900
1287	1808.000
1397	1808.100
1577	1808.100
1637	1808.100
1047	1808.200
1787	1808.200
1387	1808.300
1757	1808.400
1497	1808.500
1127	1808.700
1407	1808.700
1777	1808.700
1307	1808.800
1527	1808.900
1357	1809.000
1687	1809.100
1257	1809.200
1277	1809.300
1557	1809.300
1627	1809.300
1477	1809.500
1457	1809.600
1487	1809.600
1767	1809.600
1507	1810.000
1327	1810.100
1347	1810.200
1697	1810.200
1207	1810.300
1797	1810.300
1017	1810.400
1197	1810.400
1417	1810.600
1067	1810.700
1467	1810.800
1267	1811.000
1727	1811.100
1007	1811.400
1437	1811.500
1097	1811.700
1737	1811.700
1367	1811.800
1087	1811.900
1077	1812.000
1137	1812.200
1107	1812.300
1157	1812.300
1237	1812.400
1547	1812.400
1297	1812.700
1317	1812.700
1117	1812.800
1747	1812.800
1337	1812.900
1187	1813.000
1537	1813.000
1177	1813.200
1377	1813.200
1427	1813.200
1707	1813.200
1587	1813.300
1057	1813.400
1517	1813.400
1647	1813.400
1607	1813.500
1167	1813.600
1037	1813.700
1717	1813.800
1617	1813.900
1677	1813.900
1447	1814.000
1147	1814.100
1667	1814.300
1027	1814.400
1217	1814.400
1227	1814.400
1287	1814.400
1597	1814.400
1657	1814.400
1567	1814.500
1397	1814.600
1637	1814.600
1247	1814.700
1577	1814.700
1047	1814.800
1787	1814.800
1757	1814.900
1387	1815.000
1497	1815.200
1127	1815.300
1307	1815.300
1777	1815.300
1407	1815.400
1527	1815.400
1357	1815.600
1257	1815.700
1687	1815.700
1277	1815.800
1557	1815.800
1627	1815.900
1477	1816.000
1767	1816.000
1457	1816.200
1487	1816.200
1507	1816.600
1017	1816.700
1207	1816.700
1327	1816.800
1347	1816.800
1697	1816.800
1797	1816.800
1197	1816.900
1417	1817.100
1467	1817.200
1067	1817.400
1727	1817.400
1267	1817.600
1437	1817.800
1007	1817.900
1097	1818.100
1737	1818.100
1087	1818.200
1367	1818.200
1137	1818.300
1077	1818.400
1157	1818.400
1107	1818.600
1547	1818.600
1237	1818.700
1317	1818.900
1117	1819.000
1297	1819.000
1747	1819.000
1187	1819.200
1337	1819.200
1537	1819.200
1707	1819.300
1177	1819.400
1377	1819.500
1427	1819.500
1587	1819.500
1647	1819.500
1057	1819.600
1607	1819.600
1167	1819.700
1517	1819.700
1037	1819.800
1617	1820.000
1717	1820.000
1447	1820.100
1147	1820.200
1677	1820.200
1027	1820.400
1217	1820.400
1227	1820.400
1287	1820.400
1567	1820.500
1637	1820.500
1657	1820.500
1667	1820.500
1597	1820.600
1397	1820.700
1577	1820.700
1787	1820.800
1047	1820.900
1247	1820.900
1757	1820.900
1307	1821.100
1127	1821.200
1387	1821.200
1497	1821.200
1527	1821.300
1777	1821.300
1357	1821.400
1407	1821.400
1257	1821.600
1687	1821.600
1557	1821.700
1277	1821.800
1477	1821.800
1627	1821.800
1767	1821.900
1457	1822.100
1487	1822.100
1507	1822.400
1017	1822.600
1207	1822.600
1347	1822.600
1697	1822.600
1797	1822.600
1197	1822.700
1327	1822.700
1417	1822.900
1467	1823.100
1067	1823.200
1727	1823.200
1267	1823.500
1437	1823.700
1007	1823.800
1737	1823.900
1097	1824.000
1367	1824.000
1087	1824.100
1137	1824.100
1157	1824.300
1077	1824.400
1547	1824.500
1107	1824.600
1237	1824.600
1747	1824.900
1117	1825.000
1297	1825.000
1317	1825.000
1537	1825.100
1337	1825.200
1707	1825.200
1177	1825.300
1187	1825.300
1587	1825.400
1647	1825.400
1377	1825.500
1427	1825.500
1607	1825.500
1057	1825.600
1167	1825.600
1517	1825.600
1037	1825.700
1617	1825.900
1447	1826.100
1717	1826.100
1147	1826.200
1677	1826.200
1227	1826.300
1287	1826.300
1027	1826.400
1217	1826.400
1567	1826.400
1637	1826.400
1657	1826.500
1667	1826.500
1577	1826.600
1397	1826.700
1597	1826.700
1787	1826.700
1757	1826.800
1047	1826.900
1247	1826.900
1127	1827.100
1307	1827.100
1497	1827.200
1527	1827.200
1387	1827.300
1407	1827.300
1777	1827.300
1357	1827.400
1257	1827.600
1687	1827.600
1477	1827.700
1557	1827.700
1627	1827.700
1277	1827.800
1767	1827.900
1487	1828.000
1457	1828.200
1507	1828.400
1697	1828.400
1797	1828.500
1017	1828.600
1197	1828.600
1207	1828.600
1347	1828.600
1327	1828.700
1417	1828.900
1467	1829.000
1067	1829.200
1727	1829.200
1267	1829.500
1437	1829.700
1007	1829.800
1737	1829.800
1367	1829.900
1087	1830.000
1097	1830.000
1137	1830.100
1157	1830.200
1077	1830.400
1547	1830.400
1107	1830.500
1237	1830.500
1747	1830.700
1297	1830.900
1317	1830.900
1537	1830.900
1117	1831.000
1707	1831.000
1337	1831.100
1177	1831.200
1587	1831.200
1647	1831.200
1187	1831.300
1607	1831.300
1167	1831.400
1377	1831.400
1427	1831.400
1037	1831.500
1057	1831.500
1517	1831.500
1617	1831.700
1447	1831.900
1287	1832.000
1147	1832.100
1227	1832.100
1567	1832.100
1637	1832.100
1677	1832.100
1717	1832.100
1217	1832.200
1027	1832.300
1657	1832.300
1667	1832.300
1577	1832.400
1397	1832.500
1757	1832.500
1787	1832.500
1597	1832.600
1047	1832.700
1247	1832.800
1127	1833.000
1307	1833.000
1497	1833.000
1527	1833.000
1387	1833.100
1407	1833.100
1777	1833.200
1357	1833.300
1257	1833.400
1687	1833.400
1477	1833.500
1557	1833.500
1627	1833.500
1277	1833.700
1767	1833.800
1487	1833.900
1457	1834.100
1507	1834.200
1697	1834.200
1797	1834.300
1197	1834.400
1207	1834.500
1017	1834.600
1327	1834.600
1347	1834.600
1417	1834.700
1467	1834.900
1067	1835.100
1727	1835.100
1267	1835.400
1437	1835.700
1737	1835.700
1007	1835.800
1367	1835.800
1087	1835.900
1097	1836.000
1137	1836.100
1157	1836.100
1077	1836.300
1547	1836.300
1107	1836.400
1237	1836.500
1747	1836.700
1297	1836.800
1317	1836.800
1537	1836.800
1707	1836.900
1117	1837.000
1337	1837.100
1647	1837.100
1167	1837.300
1177	1837.300
1187	1837.300
1587	1837.300
1607	1837.300
1037	1837.400
1057	1837.400
1427	1837.400
1377	1837.500
1517	1837.500
1617	1837.600
1447	1837.900
1287	1838.000
1637	1838.000
1147	1838.100
1227	1838.100
1567	1838.100
1717	1838.100
1217	1838.200
1677	1838.200
1657	1838.300
1027	1838.400
1667	1838.400
1577	1838.500
1757	1838.500
1787	1838.500
1397	1838.600
1047	1838.700
1597	1838.700
1247	1838.800
1527	1838.900
1127	1839.000
1307	1839.000
1497	1839.000
1387	1839.100
1407	1839.100
1257	1839.300
1357	1839.300
1777	1839.300
1477	1839.400
1687	1839.400
1557	1839.500
1627	1839.500
1277	1839.700
1767	1839.800
1487	1839.900
1507	1840.100
1697	1840.100
1797	1840.100
1457	1840.200
1197	1840.300
1207	1840.400
1327	1840.600
1017	1840.700
1417	1840.700
1347	1840.800
1467	1840.800
1067	1840.900
1727	1841.100
1267	1841.300
1737	1841.600
1437	1841.700
1007	1841.800
1367	1841.800
1087	1841.900
1097	1842.000
1137	1842.100
1157	1842.100
1077	1842.200
1547	1842.200
1107	1842.400
1237	1842.500
1747	1842.600
1317	1842.700
1537	1842.700
1297	1842.800
1707	1842.800
1117	1842.900
1647	1842.900
1337	1843.100
1167	1843.200
1607	1843.200
1037	1843.300
1057	1843.300
1177	1843.300
1187	1843.300
1587	1843.300
1427	1843.400
1517	1843.400
1377	1843.500
1617	1843.500
1287	1843.800
1637	1843.800
1447	1843.900
1567	1843.900
1147	1844.000
1227	1844.000
1717	1844.000
1677	1844.100
1217	1844.200
1657	1844.200
1667	1844.200
1577	1844.300
1757	1844.300
1027	1844.400
1787	1844.400
1397	1844.500
1047	1844.600
1247	1844.700
1597	1844.700
1127	1844.800
1527	1844.800
1307	1844.900
1497	1844.900
1387	1845.000
1407	1845.000
1257	1845.100
1357	1845.200
1777	1845.200
1477	1845.300
1557	1845.400
1627	1845.400
1687	1845.500
1277	1845.600
1487	1845.700
1767	1845.700
1697	1845.900
1507	1846.000
1797	1846.000
1197	1846.100
1457	1846.200
1207	1846.300
1327	1846.400
1417	1846.500
1467	1846.600
1017	1846.700
1067	1846.800
1347	1846.900
1727	1847.000
1267	1847.200
1737	1847.500
1437	1847.600
1007	1847.800
1087	1847.800
1367	1847.800
1157	1847.900
1137	1848.000
1097	1848.100
1077	1848.200
1547	1848.200
1107	1848.400
1237	1848.600
1317	1848.700
1537	1848.700
1707	1848.700
1747	1848.700
1297	1848.800
1647	1848.800
1117	1848.900
1337	1849.100
1167	1849.200
1037	1849.300
1057	1849.300
1187	1849.300
1607	1849.300
1177	1849.400
1427	1849.400
1517	1849.400
1587	1849.400
1617	1849.500
1377	1849.600
1637	1849.700
1287	1849.800
1567	1849.900
1147	1850.000
1447	1850.000
1227	1850.100
1677	1850.100
1717	1850.100
1217	1850.200
1577	1850.200
1667	1850.300
1657	1850.400
1757	1850.400
1787	1850.400
1027	1850.500
1397	1850.500
1047	1850.600
1247	1850.700
1127	1850.800
1527	1850.800
1307	1850.900
1497	1850.900
1597	1850.900
1257	1851.000
1387	1851.100
1407	1851.100
1777	1851.200
1357	1851.300
1477	1851.300
1557	1851.400
1627	1851.400
1687	1851.600
1277	1851.700
1487	1851.700
1767	1851.700
1697	1851.800
1797	1851.900
1197	1852.000
1507	1852.100
1207	1852.200
1457	1852.200
1327	1852.400
1417	1852.500
1467	1852.500
1067	1852.700
1017	1852.900
1347	1853.000
1727	1853.000
1267	1853.300
1737	1853.400
1437	1853.700
1007	1853.800
1087	1853.800
1157	1853.800
1367	1853.900
1137	1854.000
1097	1854.100
1077	1854.200
1547	1854.200
1107	1854.300
1707	1854.600
1237	1854.700
1297	1854.700
1317	1854.700
1537	1854.700
1647	1854.700
1747	1854.700
1117	1854.900
1167	1855.100
1337	1855.100
1037	1855.200
1057	1855.200
1607	1855.200
1177	1855.300
1187	1855.300
1427	1855.400
1517	1855.400
1587	1855.400
1617	1855.400
1637	1855.500
1377	1855.600
1287	1855.700
1567	1855.700
1147	1855.900
1447	1856.000
1577	1856.000
1677	1856.000
1217	1856.100
1227	1856.100
1667	1856.100
1717	1856.100
1757	1856.300
1787	1856.300
1397	1856.400
1657	1856.400
1047	1856.500
1027	1856.600
1127	1856.600
1247	1856.600
1527	1856.600
1497	1856.700
1257	1856.800
1307	1856.800
1597	1856.800
1387	1857.000
1407	1857.000
1357	1857.200
1477	1857.200
1627	1857.200
1777	1857.200
1557	1857.300
1487	1857.500
1687	1857.500
1767	1857.500
1277	1857.600
1697	1857.600
1797	1857.800
1197	1857.900
1507	1858.000
1207	1858.100
1457	1858.100
1327	1858.300
1417	1858.400
1467	1858.400
1067	1858.600
1017	1858.900
1347	1858.900
1727	1858.900
1737	1859.200
1267	1859.400
1087	1859.700
1157	1859.700
1437	1859.700
1007	1859.800
1137	1859.900
1367	1859.900
1097	1860.100
1077	1860.200
1107	1860.200
1547	1860.200
1707	1860.500
1297	1860.600
1537	1860.700
1647	1860.700
1747	1860.700
1237	1860.800
1317	1860.800
1117	1860.900
1167	1861.000
1037	1861.100
1337	1861.100
1607	1861.100
1057	1861.300
1177	1861.300
1187	1861.300
1427	1861.300
1617	1861.300
1587	1861.400
1517	1861.500
1637	1861.500
1287	1861.700
1377	1861.700
1567	1861.700
1147	1861.900
1577	1862.000
1217	1862.100
1227	1862.100
1447	1862.100
1667	1862.100
1677	1862.100
1717	1862.100
1757	1862.200
1787	1862.300
1047	1862.500
1397	1862.500
1527	1862.500
1127	1862.600
1247	1862.600
1657	1862.600
1027	1862.700
1257	1862.700
1307	1862.700
1497	1862.800
1597	1862.900
1357	1863.100
1387	1863.100
1407	1863.100
1477	1863.100
1557	1863.200
1627	1863.200
1777	1863.200
1767	1863.400
1487	1863.500
1687	1863.500
1697	1863.500
1277	1863.700
1197	1863.800
1797	1863.800
1207	1864.000
1507	1864.000
1457	1864.100
1327	1864.300
1417	1864.400
1467	1864.400
1067	1864.600
1017	1864.900
1347	1864.900
1727	1865.000
1737	1865.200
1267	1865.400
1087	1865.700
1157	1865.700
1437	1865.700
1007	1865.800
1137	1865.900
1097	1866.100
1107	1866.100
1367	1866.100
1077	1866.200
1547	1866.200
1707	1866.500
1297	1866.600
1537	1866.600
1647	1866.700
1747	1866.700
1237	1866.800
1317	1866.800
1117	1866.900
1167	1866.900
1037	1867.100
1607	1867.100
1057	1867.200
1187	1867.200
1337	1867.200
1617	1867.200
1177	1867.300
1427	1867.300
1587	1867.400
1637	1867.500
1287	1867.600
1517	1867.600
1377	1867.700
1567	1867.700
1147	1867.900
1217	1868.000
1447	1868.000
1577	1868.000
1667	1868.000
1227	1868.100
1677	1868.100
1717	1868.100
1757	1868.200
1787	1868.200
1527	1868.400
1047	1868.500
1127	1868.500
1247	1868.500
1397	1868.500
1257	1868.600
1657	1868.600
1307	1868.700
1497	1868.700
1027	1868.800
1597	1868.800
1357	1869.000
1477	1869.000
1557	1869.000
1387	1869.100
1407	1869.100
1627	1869.100
1777	1869.200
1767	1869.300
1687	1869.400
1697	1869.400
1487	1869.500
1197	1869.700
1277	1869.700
1797	1869.800
1207	1869.900
1507	1870.000
1457	1870.100
1327	1870.200
1467	1870.300
1417	1870.400
1067	1870.500
1017	1870.800
1347	1870.900
1727	1870.900
1737	1871.100
1267	1871.500
1157	1871.600
1087	1871.700
1437	1871.700
1007	1871.800
1137	1871.900
1097	1872.000
1367	1872.000
1077	1872.100
1107	1872.100
1547	1872.200
1707	1872.400
1537	1872.500
1297	1872.600
1647	1872.700
1747	1872.700
1167	1872.800
1317	1872.800
1237	1872.900
1037	1873.000
1117	1873.000
1187	1873.100
1607	1873.100
1617	1873.100
1057	1873.200
1337	1873.200
1427	1873.200
1177	1873.300
1587	1873.400
1637	1873.400
1287	1873.500
1517	1873.600
1377	1873.700
1567	1873.700
1147	1873.900
1217	1873.900
1667	1873.900
1227	1874.000
1447	1874.000
1577	1874.000
1677	1874.100
1717	1874.100
1757	1874.200
1787	1874.200
1127	1874.400
1397	1874.400
1527	1874.400
1047	1874.500
1247	1874.500
1257	1874.600
1307	1874.600
1497	1874.600
1657	1874.600
1027	1874.800
1597	1874.800
1357	1874.900
1477	1874.900
1557	1874.900
1387	1875.100
1407	1875.100
1627	1875.100
1767	1875.200
1777	1875.200
1687	1875.300
1697	1875.300
1487	1875.500
1197	1875.600
1277	1875.700
1797	1875.700
1207	1875.800
1507	1876.000
1457	1876.100
1327	1876.200
1417	1876.300
1467	1876.300
1067	1876.500
1017	1876.800
1347	1876.900
1727	1876.900
1737	1877.000
1267	1877.500
1157	1877.600
1087	1877.700
1437	1877.700
1007	1877.800
1097	1877.900
1137	1877.900
1077	1878.000
1107	1878.000
1367	1878.000
1547	1878.200
1537	1878.400
1707	1878.400
1647	1878.600
1167	1878.700
1297	1878.700
1317	1878.700
1747	1878.700
1237	1878.800
1037	1878.900
1117	1879.000
1617	1879.000
1057	1879.100
1187	1879.100
1337	1879.100
1427	1879.100
1607	1879.100
1177	1879.200
1287	1879.300
1637	1879.300
1587	1879.400
1567	1879.500
1377	1879.600
1517	1879.600
1667	1879.700
1147	1879.800
1217	1879.800
1227	1879.900
1447	1879.900
1577	1879.900
1717	1880.000
1677	1880.100
1757	1880.100
1787	1880.100
1127	1880.300
1397	1880.300
1527	1880.300
1047	1880.400
1247	1880.400
1307	1880.400
1497	1880.400
1257	1880.500
1657	1880.500
1557	1880.700
1597	1880.700
1027	1880.800
1357	1880.800
1477	1880.800
1407	1881.000
1387	1881.100
1627	1881.100
1767	1881.100
1697	1881.200
1777	1881.200
1687	1881.300
1487	1881.400
1197	1881.500
1277	1881.600
1797	1881.600
1207	1881.700
1507	1882.000
1327	1882.100
1457	1882.100
1417	1882.200
1467	1882.200
1067	1882.300
1017	1882.700
1347	1882.800
1727	1882.800
1737	1882.900
1157	1883.500
1267	1883.500
1087	1883.600
1437	1883.800
1007	1883.900
1077	1883.900
1097	1883.900
1137	1883.900
1367	1883.900
1107	1884.000
1547	1884.200
1707	1884.200
1537	1884.400
1647	1884.500
1167	1884.600
1317	1884.600
1747	1884.600
1297	1884.700
1037	1884.800
1237	1884.800
1117	1884.900
1617	1884.900
1427	1885.000
1607	1885.000
1057	1885.100
1177	1885.100
1187	1885.100
1337	1885.100
1637	1885.100
1287	1885.200
1567	1885.400
1587	1885.400
1377	1885.500
1517	1885.600
1667	1885.600
1147	1885.700
1217	1885.800
1227	1885.800
1577	1885.800
1447	1885.900
1717	1886.000
1787	1886.000
1677	1886.100
1757	1886.100
1127	1886.200
1397	1886.200
1527	1886.200
1247	1886.300
1307	1886.300
1497	1886.300
1047	1886.400
1257	1886.400
1657	1886.400
1557	1886.600
1357	1886.700
1477	1886.700
1597	1886.700
1027	1886.900
1407	1886.900
1627	1887.000
1767	1887.000
1387	1887.100
1697	1887.100
1777	1887.100
1197	1887.300
1487	1887.300
1687	1887.300
1797	1887.400
1207	1887.600
1277	1887.600
1507	1887.900
1327	1888.000
1417	1888.000
1457	1888.100
1467	1888.100
1067	1888.200
1017	1888.600
1727	1888.600
1347	1888.700
1737	1888.700
1157	1889.400
1087	1889.500
1267	1889.500
1007	1889.800
1097	1889.800
1137	1889.800
1367	1889.800
1437	1889.800
1077	1889.900
1107	1890.000
1707	1890.000
1547	1890.100
1537	1890.300
1647	1890.300
1167	1890.400
1297	1890.500
1317	1890.500
1747	1890.500
1037	1890.600
1237	1890.700
1617	1890.700
1117	1890.800
1427	1890.800
1057	1890.900
1607	1890.900
1637	1890.900
1177	1891.000
1287	1891.000
1187	1891.100
1337	1891.100
1567	1891.300
1587	1891.300
1377	1891.400
1517	1891.500
1667	1891.500
1147	1891.600
1217	1891.700
1227	1891.700
1577	1891.700
1447	1891.800
1787	1891.800
1397	1892.000
1527	1892.000
1677	1892.000
1717	1892.000
1757	1892.000
1127	1892.100
1307	1892.100
1247	1892.200
1497	1892.200
1047	1892.300
1657	1892.300
1257	1892.400
1557	1892.400
1477	1892.500
1357	1892.600
1597	1892.600
1027	1892.800
1407	1892.800
1627	1892.900
1697	1892.900
1767	1892.900
1387	1893.000
1777	1893.000
1197	1893.100
1487	1893.200
1797	1893.200
1687	1893.300
1207	1893.400
1277	1893.500
1417	1893.800
1507	1893.800
1327	1893.900
1457	1894.000
1467	1894.000
1067	1894.100
1017	1894.500
1727	1894.500
1737	1894.500
1347	1894.600
1157	1895.200
1087	1895.400
1267	1895.500
1007	1895.700
1097	1895.700
1137	1895.700
1367	1895.800
1437	1895.800
1707	1895.800
1077	1895.900
1107	1895.900
1547	1895.900
1537	1896.200
1647	1896.200
1167	1896.300
1037	1896.400
1297	1896.400
1317	1896.400
1747	1896.400
1237	1896.600
1617	1896.600
1117	1896.700
1427	1896.700
1057	1896.800
1607	1896.800
1637	1896.800
1177	1896.900
1287	1896.900
1187	1897.100
1337	1897.100
1567	1897.200
1587	1897.200
1377	1897.300
1667	1897.300
1147	1897.500
1517	1897.500
1217	1897.600
1447	1897.600
1577	1897.600
1787	1897.600
1227	1897.700
1527	1897.800
1757	1897.800
1307	1897.900
1397	1897.900
1677	1897.900
1717	1897.900
1127	1898.000
1247	1898.100
1497	1898.100
1047	1898.200
1257	1898.200
1657	1898.200
1477	1898.300
1557	1898.300
1357	1898.400
1597	1898.500
1027	1898.700
1407	1898.700
1627	1898.700
1697	1898.700
1767	1898.700
1197	1898.900
1387	1898.900
1777	1898.900
1797	1899.000
1487	1899.100
1207	1899.200
1277	1899.300
1687	1899.300
1417	1899.600
1327	1899.700
1507	1899.700
1457	1899.800
1467	1899.800
1067	1899.900
1737	1900.300
1017	1900.400
1727	1900.400
1347	1900.500
1157	1901.000
1087	1901.200
1267	1901.400
1007	1901.600
1097	1901.600
1137	1901.600
1707	1901.600
1367	1901.700
1077	1901.800
1107	1901.800
1437	1901.800
1547	1901.800
1537	1902.000
1647	1902.000
1167	1902.100
1037	1902.300
1297	1902.300
1317	1902.300
1747	1902.300
1117	1902.500
1617	1902.500
1237	1902.600
1427	1902.600
1637	1902.600
1057	1902.700
1607	1902.700
1177	1902.800
1287	1902.800
1567	1903.000
1587	1903.000
1187	1903.100
1337	1903.100
1667	1903.100
1377	1903.200
1147	1903.400
1447	1903.400
1577	1903.400
1787	1903.400
1217	1903.500
1517	1903.500
1227	1903.600
1527	1903.600
1307	1903.700
1757	1903.700
1397	1903.800
1677	1903.800
1717	1903.800
1127	1903.900
1497	1903.900
1247	1904.000
1257	1904.000
1047	1904.100
1477	1904.100
1657	1904.100
1357	1904.200
1557	1904.200
1597	1904.400
1407	1904.500
1627	1904.500
1697	1904.500
1767	1904.500
1027	1904.600
1197	1904.700
1777	1904.700
1387	1904.800
1797	1904.800
1487	1905.000
1207	1905.100
1277	1905.200
1687	1905.200
1417	1905.400
1327	1905.500
1507	1905.500
1067	1905.700
1457	1905.700
1467	1905.700
1737	1906.100
1017	1906.300
1727	1906.300
1347	1906.400
1157	1906.800
1087	1907.000
1267	1907.300
1097	1907.400
1137	1907.400
1707	1907.400
1007	1907.500
1367	1907.600
1547	1907.600
1077	1907.700
1107	1907.700
1437	1907.800
1537	1907.800
1647	1907.800
1167	1907.900
1037	1908.100
1297	1908.100
1747	1908.200
1317	1908.300
1617	1908.300
1637	1908.300
1117	1908.400
1427	1908.400
1237	1908.500
1607	1908.500
1057	1908.600
1287	1908.600
1177	1908.700
1567	1908.800
1587	1908.800
1187	1909.000
1667	1909.000
1337	1909.100
1377	1909.100
1447	1909.200
1577	1909.200
1147	1909.300
1517	1909.300
1787	1909.300
1217	1909.400
1527	1909.400
1227	1909.500
1307	1909.500
1757	1909.600
1127	1909.700
1397	1909.700
1677	1909.700
1717	1909.700
1497	1909.800
1247	1909.900
1257	1909.900
1477	1909.900
1047	1910.000
1357	1910.000
1557	1910.000
1657	1910.000
1597	1910.300
1627	1910.300
1697	1910.300
1407	1910.400
1767	1910.400
1027	1910.500
1197	1910.500
1777	1910.500
1387	1910.600
1797	1910.600
1207	1910.900
1487	1910.900
1277	1911.000
1687	1911.100
1417	1911.200
1507	1911.300
1327	1911.400
1067	1911.600
1457	1911.600
1467	1911.700
1737	1911.900
1017	1912.200
1727	1912.200
1347	1912.300
1157	1912.600
1087	1912.800
1267	1913.100
1097	1913.200
1707	1913.200
1007	1913.300
1137	1913.300
1547	1913.400
1107	1913.500
1367	1913.500
1077	1913.600
1537	1913.600
1647	1913.600
1167	1913.700
1437	1913.700
1037	1913.900
1297	1914.000
1617	1914.100
1637	1914.100
1747	1914.100
1427	1914.200
1117	1914.300
1317	1914.300
1607	1914.300
1057	1914.400
1237	1914.400
1287	1914.400
1177	1914.600
1567	1914.600
1587	1914.600
1667	1914.800
1187	1914.900
1377	1914.900
1337	1915.000
1447	1915.000
1577	1915.000
1517	1915.100
1787	1915.100
1147	1915.200
1217	1915.200
1527	1915.200
1307	1915.300
1227	1915.400
1757	1915.400
1127	1915.500
1397	1915.500
1677	1915.500
1717	1915.500
1497	1915.600
1247	1915.700
1257	1915.700
1477	1915.700
1357	1915.800
1557	1915.800
1657	1915.800
1047	1915.900
1697	1916.000
1627	1916.100
1197	1916.200
1597	1916.200
1767	1916.200
1027	1916.300
1407	1916.300
1387	1916.400
1777	1916.400
1797	1916.400
1207	1916.700
1487	1916.700
1277	1916.800
1687	1916.900
1417	1917.000
1507	1917.100
1327	1917.200
1067	1917.400
1467	1917.500
1457	1917.600
1737	1917.700
1017	1918.100
1347	1918.100
1727	1918.100
1157	1918.400
1087	1918.600
1267	1918.900
1097	1919.000
1137	1919.100
1707	1919.100
1007	1919.200
1547	1919.200
1107	1919.400
1367	1919.400
1537	1919.400
1647	1919.400
1077	1919.500
1167	1919.500
1037	1919.700
1437	1919.700
1297	1919.800
1617	1919.900
1637	1919.900
1427	1920.000
1747	1920.000
1317	1920.100
1117	1920.200
1287	1920.200
1607	1920.200
1057	1920.300
1237	1920.300
1567	1920.400
1177	1920.500
1587	1920.500
1667	1920.600
1187	1920.800
1337	1920.800
1377	1920.800
1447	1920.800
1517	1920.900
1577	1920.900
1787	1920.900
1217	1921.000
1527	1921.000
1147	1921.100
1307	1921.100
1757	1921.200
1127	1921.300
1227	1921.300
1397	1921.400
1497	1921.400
1677	1921.400
1717	1921.400
1247	1921.500
1257	1921.500
1477	1921.500
1357	1921.600
1557	1921.600
1657	1921.600
1697	1921.700
1047	1921.800
1627	1921.800
1197	1922.000
1767	1922.000
1407	1922.100
1597	1922.100
1797	1922.100
1027	1922.200
1777	1922.200
1387	1922.300
1207	1922.500
1487	1922.500
1277	1922.600
1417	1922.800
1687	1922.800
1507	1922.900
1327	1923.000
1067	1923.200
1467	1923.300
1457	1923.500
1737	1923.500
1017	1923.900
1347	1923.900
1727	1923.900
1157	1924.100
1087	1924.400
1267	1924.700
1097	1924.800
1707	1924.800
1137	1924.900
1007	1925.000
1547	1925.000
1367	1925.200
1537	1925.200
1647	1925.200
1107	1925.300
1167	1925.300
1077	1925.400
1037	1925.500
1297	1925.600
1437	1925.600
1617	1925.700
1637	1925.700
1287	1925.900
1317	1925.900
1427	1925.900
1747	1925.900
1117	1926.000
1607	1926.000
1057	1926.100
1567	1926.100
1237	1926.200
1177	1926.400
1587	1926.400
1667	1926.400
1377	1926.600
1447	1926.600
1187	1926.700
1337	1926.700
1577	1926.700
1787	1926.700
1217	1926.800
1517	1926.800
1527	1926.800
1307	1926.900
1147	1927.000
1757	1927.000
1127	1927.100
1227	1927.200
1397	1927.200
1677	1927.200
1247	1927.300
1257	1927.300
1477	1927.300
1497	1927.300
1717	1927.300
1357	1927.400
1557	1927.400
1657	1927.400
1627	1927.500
1697	1927.500
1047	1927.700
1197	1927.800
1767	1927.800
1797	1927.800
1407	1927.900
1597	1928.000
1777	1928.000
1027	1928.200
1387	1928.200
1207	1928.300
1487	1928.300
1277	1928.400
1417	1928.600
1687	1928.600
1507	1928.700
1327	1928.800
1067	1929.100
1467	1929.100
1737	1929.300
1457	1929.400
1017	1929.700
1347	1929.700
1727	1929.700
1157	1929.800
1087	1930.200
1267	1930.500
1707	1930.500
1097	1930.700
1137	1930.700
1547	1930.800
1007	1930.900
1537	1930.900
1647	1930.900
1167	1931.000
1367	1931.000
1107	1931.200
1037	1931.300
1077	1931.300
1297	1931.400
1637	1931.400
1437	1931.500
1617	1931.500
1287	1931.600
1317	1931.700
1427	1931.700
1117	1931.800
1607	1931.800
1747	1931.800
1057	1931.900
1567	1931.900
1237	1932.000
1177	1932.200
1587	1932.200
1667	1932.200
1447	1932.400
1187	1932.500
1337	1932.500
1377	1932.500
1577	1932.500
1787	1932.500
1217	1932.600
1517	1932.600
1527	1932.600
1307	1932.700
1147	1932.800
1757	1932.800
1127	1932.900
1227	1933.000
1397	1933.000
1247	1933.100
1257	1933.100
1497	1933.100
1677	1933.100
1357	1933.200
1477	1933.200
1557	1933.200
1657	1933.200
1697	1933.200
1717	1933.200
1627	1933.300
1797	1933.500
1047	1933.600
1197	1933.600
1767	1933.600
1407	1933.700
1597	1933.900
1777	1933.900
1387	1934.000
1027	1934.100
1207	1934.100
1487	1934.100
1277	1934.200
1417	1934.400
1687	1934.400
1507	1934.500
1327	1934.700
1467	1934.900
1067	1935.000
1737	1935.000
1457	1935.300
1727	1935.400
1157	1935.500
1347	1935.500
1017	1935.600
1087	1936.000
1707	1936.200
1267	1936.300
1097	1936.500
1137	1936.500
1547	1936.600
1007	1936.700
1167	1936.700
1537	1936.700
1647	1936.700
1367	1936.800
1037	1937.000
1077	1937.100
1107	1937.100
1637	1937.100
1297	1937.200
1287	1937.300
1617	1937.300
1437	1937.400
1317	1937.500
1427	1937.500
1607	1937.500
1117	1937.600
1057	1937.700
1567	1937.700
1747	1937.700
1237	1937.800
1587	1938.000
1667	1938.000
1177	1938.100
1447	1938.200
1187	1938.300
1337	1938.300
1577	1938.300
1787	1938.300
1217	1938.400
1307	1938.400
1377	1938.400
1517	1938.400
1527	1938.400
1147	1938.600
1757	1938.600
1127	1938.700
1227	1938.800
1397	1938.800
1247	1938.900
1257	1938.900
1497	1938.900
1697	1938.900
1357	1939.000
1477	1939.000
1557	1939.000
1657	1939.000
1677	1939.000
1627	1939.100
1717	1939.100
1797	1939.200
1047	1939.400
1197	1939.400
1767	1939.400
1407	1939.500
1597	1939.700
1207	1939.800
1387	1939.800
1777	1939.800
1487	1939.900
1027	1940.000
1277	1940.000
1417	1940.200
1507	1940.200
1687	1940.300
1327	1940.500
1467	1940.700
1737	1940.700
1067	1940.800
1457	1941.100
1157	1941.200
1727	1941.200
1347	1941.400
1017	1941.500
1087	1941.900
1707	1942.000
1267	1942.200
1097	1942.300
1137	1942.300
1537	1942.400
1547	1942.400
1007	1942.500
1167	1942.500
1647	1942.500
1037	1942.700
1367	1942.700
1637	1942.800
1077	1942.900
1107	1942.900
1287	1943.100
1297	1943.100
1617	1943.100
1437	1943.200
1427	1943.300
1607	1943.300
1057	1943.400
1317	1943.400
1117	1943.500
1567	1943.500
1237	1943.600
1747	1943.600
1587	1943.800
1667	1943.800
1177	1944.000
1447	1944.000
1187	1944.100
1307	1944.100
1337	1944.100
1527	1944.100
1577	1944.100
1787	1944.100
1217	1944.200
1377	1944.200
1517	1944.300
1147	1944.400
1757	1944.400
1127	1944.500
1397	1944.600
1227	1944.700
1247	1944.700
1257	1944.700
1497	1944.700
1697	1944.700
1357	1944.800
1477	1944.800
1557	1944.800
1627	1944.800
1677	1944.800
1657	1944.900
1797	1944.900
1717	1945.000
1197	1945.100
1047	1945.200
1767	1945.200
1407	1945.400
1207	1945.500
1597	1945.500
1387	1945.600
1487	1945.700
1777	1945.700
1027	1945.800
1277	1945.800
1417	1945.900
1507	1946.000
1687	1946.200
1327	1946.300
1737	1946.400
1467	1946.500
1067	1946.600
1457	1946.900
1157	1947.000
1727	1947.000
1347	1947.200
1017	1947.400
1087	1947.700
1707	1947.800
1097	1948.100
1137	1948.100
1267	1948.100
1537	1948.200
1547	1948.200
1167	1948.300
1647	1948.300
1007	1948.400
1037	1948.400
1367	1948.600
1637	1948.600
1107	1948.700
1077	1948.800
1287	1948.800
1297	1948.900
1617	1948.900
1057	1949.100
1427	1949.100
1437	1949.100
1607	1949.100
1117	1949.300
1317	1949.300
1567	1949.300
1237	1949.400
1747	1949.400
1587	1949.600
1667	1949.600
1177	1949.800
1307	1949.800
1447	1949.800
1527	1949.800
1187	1949.900
1337	1949.900
1577	1949.900
1787	1949.900
1217	1950.000
1377	1950.000
1517	1950.100
1757	1950.200
1127	1950.300
1147	1950.300
1397	1950.400
1227	1950.500
1247	1950.500
1257	1950.500
1497	1950.500
1627	1950.500
1697	1950.500
1357	1950.600
1477	1950.600
1557	1950.600
1677	1950.600
1797	1950.600
1657	1950.700
1197	1950.900
1717	1950.900
1047	1951.000
1767	1951.000
1207	1951.300
1407	1951.300
1597	1951.300
1387	1951.400
1487	1951.400
1777	1951.500
1027	1951.600
1277	1951.600
1417	1951.600
1507	1951.700
1687	1952.000
1327	1952.100
1737	1952.100
1467	1952.200
1067	1952.400
1457	1952.700
1157	1952.800
1727	1952.800
1347	1953.000
1017	1953.200
1087	1953.500
1707	1953.500
1097	1953.900
1137	1953.900
1547	1953.900
1267	1954.000
1537	1954.000
1167	1954.100
1647	1954.100
1007	1954.200
1037	1954.200
1637	1954.300
1107	1954.500
1287	1954.500
1367	1954.500
1077	1954.700
1297	1954.700
1617	1954.700
1057	1954.800
1607	1954.800
1427	1954.900
1437	1955.000
1117	1955.100
1317	1955.100
1567	1955.100
1747	1955.200
1237	1955.300
1587	1955.400
1667	1955.400
1177	1955.600
1307	1955.600
1447	1955.600
1527	1955.600
1577	1955.700
1787	1955.700
1187	1955.800
1217	1955.800
1337	1955.800
1377	1955.900
1127	1956.000
1517	1956.000
1757	1956.000
1147	1956.200
1397	1956.200
1227	1956.300
1247	1956.300
1257	1956.300
1497	1956.300
1627	1956.300
1697	1956.300
1797	1956.300
1357	1956.400
1477	1956.400
1557	1956.400
1677	1956.400
1657	1956.500
1197	1956.600
1717	1956.700
1047	1956.800
1767	1956.800
1207	1957.100
1487	1957.100
1387	1957.200
1407	1957.200
1597	1957.200
1417	1957.300
1777	1957.300
1277	1957.400
1027	1957.500
1507	1957.500
1327	1957.800
1687	1957.800
1737	1957.900
1467	1958.000
1067	1958.200
1157	1958.600
1457	1958.600
1727	1958.600
1347	1958.800
1017	1959.000
1707	1959.200
1087	1959.300
1097	1959.700
1137	1959.700
1547	1959.700
1537	1959.800
1647	1959.800
1167	1959.900
1267	1959.900
1007	1960.000
1037	1960.000
1637	1960.000
1287	1960.200
1107	1960.300
1367	1960.300
1297	1960.400
1617	1960.400
1077	1960.500
1607	1960.500
1057	1960.600
1427	1960.700
1117	1960.900
1317	1960.900
1437	1960.900
1567	1960.900
1747	1961.000
1237	1961.100
1587	1961.200
1667	1961.200
1177	1961.400
1307	1961.400
1447	1961.400
1527	1961.400
1577	1961.500
1787	1961.500
1187	1961.600
1217	1961.600
1337	1961.700
1377	1961.700
1127	1961.800
1757	1961.800
1397	1961.900
1517	1961.900
1147	1962.000
1697	1962.000
1797	1962.000
1247	1962.100
1257	1962.100
1477	1962.100
1497	1962.100
1627	1962.100
1227	1962.200
1557	1962.200
1677	1962.200
1197	1962.300
1357	1962.300
1657	1962.400
1047	1962.600
1717	1962.600
1767	1962.600
1207	1962.900
1487	1962.900
1417	1963.000
1597	1963.000
1387	1963.100
1407	1963.100
1777	1963.100
1277	1963.300
1507	1963.300
1027	1963.400
1327	1963.500
1687	1963.600
1737	1963.600
1467	1963.800
1067	1964.000
1157	1964.400
1727	1964.400
1457	1964.500
1347	1964.600
1017	1964.800
1707	1964.900
1087	1965.100
1137	1965.400
1097	1965.500
1547	1965.500
1537	1965.600
1647	1965.600
1167	1965.700
1637	1965.700
1007	1965.800
1037	1965.800
1267	1965.800
1287	1965.900
1107	1966.100
1367	1966.100
1617	1966.100
1297	1966.200
1077	1966.300
1607	1966.300
1057	1966.400
1427	1966.500
1117	1966.700
1317	1966.700
1437	1966.700
1567	1966.700
1237	1966.900
1747	1966.900
1587	1967.000
1667	1967.000
1177	1967.200
1307	1967.200
1447	1967.200
1527	1967.200
1577	1967.200
1787	1967.200
1187	1967.400
1217	1967.400
1337	1967.500
1377	1967.500
1757	1967.500
1127	1967.600
1397	1967.600
1697	1967.700
1797	1967.700
1147	1967.800
1247	1967.800
1477	1967.800
1497	1967.800
1517	1967.800
1257	1967.900
1627	1967.900
1197	1968.000
1227	1968.000
1557	1968.000
1677	1968.000
1357	1968.100
1657	1968.200
1047	1968.400
1767	1968.400
1717	1968.500
1487	1968.600
1207	1968.700
1417	1968.800
1597	1968.800
1387	1968.900
1407	1968.900
1777	1968.900
1507	1969.100
1277	1969.200
1027	1969.300
1327	1969.300
1737	1969.400
1687	1969.500
1467	1969.700
1067	1969.800
1157	1970.200
1727	1970.200
1347	1970.400
1457	1970.400
1017	1970.600
1707	1970.700
1087	1970.800
1097	1971.200
1137	1971.200
1547	1971.300
1537	1971.400
1647	1971.400
1167	1971.500
1637	1971.500
1007	1971.600
1037	1971.600
1267	1971.600
1287	1971.700
1617	1971.800
1107	1971.900
1367	1971.900
1297	1972.000
1607	1972.100
1057	1972.200
1077	1972.200
1427	1972.300
1317	1972.500
1437	1972.500
1567	1972.500
1117	1972.600
1237	1972.700
1747	1972.700
1587	1972.800
1667	1972.800
1177	1973.000
1307	1973.000
1447	1973.000
1527	1973.000
1577	1973.000
1787	1973.000
1187	1973.200
1217	1973.200
1757	1973.200
1127	1973.300
1337	1973.300
1377	1973.300
1397	1973.300
1697	1973.400
1797	1973.400
1497	1973.500
1147	1973.600
1247	1973.600
1477	1973.600
1517	1973.600
1627	1973.600
1197	1973.700
1257	1973.700
1227	1973.800
1557	1973.800
1677	1973.800
1357	1973.900
1657	1974.000
1047	1974.200
1767	1974.200
1487	1974.300
1717	1974.300
1207	1974.400
1417	1974.500
1597	1974.600
1387	1974.700
1407	1974.700
1777	1974.700
1507	1974.900
1277	1975.000
1327	1975.000
1027	1975.100
1737	1975.200
1687	1975.300
1067	1975.500
1467	1975.500
1157	1975.900
1727	1975.900
1347	1976.200
1457	1976.300
1017	1976.400
1707	1976.400
1087	1976.500
1097	1977.000
1137	1977.000
1537	1977.100
1547	1977.100
1647	1977.200
1167	1977.300
1637	1977.300
1007	1977.400
1037	1977.400
1267	1977.500
1287	1977.500
1617	1977.600
1107	1977.700
1297	1977.800
1367	1977.800
1607	1977.900
1057	1978.000
1077	1978.100
1427	1978.100
1317	1978.300
1567	1978.300
1437	1978.400
1117	1978.500
1237	1978.500
1747	1978.500
1587	1978.600
1667	1978.600
1527	1978.700
1307	1978.800
1447	1978.800
1577	1978.800
1787	1978.800
1177	1978.900
1757	1978.900
1187	1979.000
1217	1979.000
1127	1979.100
1337	1979.100
1397	1979.100
1697	1979.100
1797	1979.100
1377	1979.200
1497	1979.300
1147	1979.400
1197	1979.400
1247	1979.400
1477	1979.400
1517	1979.400
1627	1979.400
1257	1979.500
1227	1979.600
1557	1979.600
1677	1979.600
1357	1979.700
1657	1979.800
1047	1980.000
1487	1980.000
1767	1980.000
1207	1980.100
1717	1980.100
1417	1980.200
1387	1980.500
1407	1980.500
1597	1980.500
1777	1980.600
1507	1980.700
1277	1980.800
1327	1980.800
1027	1980.900
1737	1980.900
1067	1981.200
1467	1981.200
1687	1981.200
1157	1981.600
1727	1981.600
1347	1982.000
1457	1982.100
1707	1982.100
1017	1982.200
1087	1982.200
1137	1982.700
1097	1982.800
1537	1982.800
1547	1982.900
1647	1983.000
1167	1983.100
1637	1983.100
1007	1983.200
1037	1983.200
1267	1983.300
1287	1983.300
1617	1983.400
1107	1983.500
1367	1983.600
1607	1983.600
1297	1983.700
1057	1983.800
1427	1983.900
1077	1984.000
1317	1984.100
1567	1984.100
1117	1984.300
1237	1984.300
1437	1984.300
1747	1984.300
1527	1984.400
1587	1984.400
1667	1984.400
1577	1984.500
1307	1984.600
1447	1984.600
1757	1984.600
1787	1984.600
1177	1984.700
1187	1984.800
1217	1984.800
1697	1984.800
1797	1984.800
1127	1984.900
1337	1984.900
1397	1984.900
1377	1985.000
1197	1985.100
1497	1985.100
1147	1985.200
1247	1985.200
1477	1985.200
1517	1985.200
1627	1985.200
1257	1985.300
1557	1985.300
1677	1985.400
1227	1985.500
1357	1985.500
1657	1985.600
1767	1985.700
1487	1985.800
1047	1985.900
1207	1985.900
1717	1985.900
1417	1986.000
1387	1986.300
1407	1986.300
1597	1986.300
1777	1986.400
1507	1986.500
1277	1986.600
1327	1986.600
1737	1986.600
1027	1986.700
1067	1986.900
1467	1986.900
1687	1987.100
1157	1987.300
1727	1987.300
1347	1987.800
1707	1987.800
1457	1987.900
1017	1988.000
1087	1988.000
1137	1988.400
1537	1988.500
1097	1988.600
1547	1988.700
1637	1988.800
1647	1988.800
1167	1988.900
1007	1989.000
1037	1989.000
1287	1989.000
1267	1989.100
1617	1989.100
1107	1989.300
1607	1989.300
1297	1989.500
1367	1989.500
1057	1989.600
1427	1989.700
1567	1989.800
1077	1989.900
1317	1989.900
1237	1990.100
1527	1990.100
1667	1990.100
1747	1990.100
1117	1990.200
1437	1990.200
1587	1990.200
1577	1990.300
1307	1990.400
1447	1990.400
1757	1990.400
1787	1990.400
1177	1990.500
1697	1990.500
1187	1990.600
1217	1990.600
1797	1990.600
1127	1990.700
1337	1990.700
1397	1990.700
1197	1990.800
1377	1990.800
1497	1990.900
1247	1991.000
1477	1991.000
1517	1991.000
1627	1991.000
1147	1991.100
1257	1991.100
1557	1991.100
1677	1991.200
1357	1991.300
1227	1991.400
1657	1991.400
1767	1991.400
1487	1991.600
1047	1991.700
1207	1991.700
1417	1991.700
1717	1991.700
1387	1992.100
1407	1992.100
1597	1992.100
1777	1992.200
1327	1992.300
1737	1992.300
1277	1992.400
1507	1992.400
1027	1992.500
1067	1992.600
1467	1992.700
1687	1992.900
1157	1993.100
1727	1993.100
1707	1993.500
1347	1993.600
1457	1993.700
1017	1993.800
1087	1993.800
1137	1994.100
1537	1994.200
1097	1994.400
1547	1994.400
1637	1994.500
1647	1994.500
1167	1994.600
1287	1994.700
1007	1994.800
1037	1994.800
1617	1994.800
1267	1994.900
1607	1995.000
1107	1995.100
1057	1995.300
1297	1995.300
1367	1995.300
1427	1995.500
1567	1995.500
1317	1995.600
1077	1995.800
1527	1995.800
1667	1995.800
1237	1995.900
1747	1995.900
1117	1996.000
1577	1996.000
1587	1996.000
1437	1996.100
1757	1996.100
1787	1996.100
1307	1996.200
1447	1996.200
1177	1996.300
1697	1996.300
1217	1996.400
1797	1996.400
1127	1996.500
1187	1996.500
1197	1996.500
1397	1996.500
1337	1996.600
1377	1996.600
1247	1996.700
1497	1996.700
1477	1996.800
1557	1996.800
1627	1996.800
1147	1996.900
1257	1996.900
1517	1996.900
1677	1997.000
1357	1997.100
1657	1997.200
1767	1997.200
1227	1997.300
1417	1997.400
1487	1997.400
1047	1997.500
1207	1997.500
1717	1997.500
1387	1997.900
1407	1997.900
1777	1997.900
1597	1998.000
1737	1998.000
1327	1998.100
1277	1998.200
1507	1998.200
1027	1998.300
1067	1998.300
1467	1998.500
1157	1998.800
1687	1998.800
1727	1998.900
1707	1999.200
1347	1999.400
1457	1999.500
1017	1999.600
1087	1999.600
1137	1999.800
1537	1999.900
