# NEST version: UNKNOWN
# RecordingBackendASCII version: 2
sender	time_ms
642	2.000
132	268.000
222	401.900
32	403.700
172	412.300
442	428.100
262	428.400
72	429.200
242	521.400
92	534.000
372	546.700
532	552.300
202	1040.300
22	1042.100
342	1045.400
622	1051.500
362	1055.700
372	1061.100
412	1062.000
292	1062.700
712	1064.100
242	1067.800
542	1067.900
782	1069.000
52	1070.800
392	1073.500
132	1074.000
182	1074.200
2	1075.100
482	1141.200
532	1170.700
732	1561.200
42	1561.700
402	1562.100
52	1564.100
312	1564.300
112	1564.600
642	1564.600
762	1564.800
22	1565.000
92	1565.400
512	1565.500
672	1565.500
492	1565.600
172	1565.900
442	1565.900
12	1566.000
192	1566.100
502	1566.200
612	1566.300
662	1566.300
702	1566.300
382	1566.500
752	1566.500
262	1566.600
32	1566.900
452	1566.900
2	1567.000
532	1567.100
772	1567.100
242	1567.200
742	1567.200
722	1567.400
792	1567.400
332	1567.700
652	1567.800
272	1567.900
292	1567.900
482	1568.000
622	1568.000
582	1568.100
72	1568.300
412	1568.300
132	1568.700
782	1568.700
322	1568.800
682	1568.800
152	1568.900
712	1568.900
182	1569.000
82	1569.100
252	1569.100
342	1569.100
462	1569.100
632	1569.100
212	1569.200
362	1569.200
592	1569.200
162	1569.300
572	1569.300
62	1569.400
282	1569.400
392	1569.400
202	1569.500
562	1569.500
122	1569.600
422	1569.600
542	1569.600
142	1569.700
352	1569.700
472	1569.700
552	1569.900
602	1569.900
102	1570.000
692	1570.000
432	1570.100
522	1570.100
222	1570.200
302	1570.200
232	1570.400
372	1570.400
732	1570.400
42	1570.900
402	1571.300
52	1572.300
642	1572.300
112	1572.400
762	1572.600
312	1572.900
22	1573.600
672	1573.600
92	1574.000
172	1574.000
12	1574.100
492	1574.100
442	1574.200
702	1574.300
262	1574.500
382	1574.900
662	1575.100
2	1575.200
192	1575.600
512	1575.600
332	1575.700
502	1575.700
612	1575.700
752	1575.700
772	1576.100
452	1576.200
792	1576.200
652	1576.300
242	1576.400
532	1576.400
722	1576.400
742	1576.500
32	1576.600
72	1576.800
272	1576.900
482	1577.100
582	1577.400
292	1577.600
412	1577.600
622	1577.600
82	1577.700
322	1577.700
252	1578.100
352	1578.100
462	1578.200
522	1578.200
682	1578.200
782	1578.200
182	1578.300
712	1578.300
62	1578.500
162	1578.500
542	1578.500
592	1578.500
132	1578.600
152	1578.600
552	1578.600
392	1578.700
472	1578.700
102	1578.800
212	1578.800
282	1578.900
362	1579.000
562	1579.000
572	1579.000
602	1579.000
302	1579.100
122	1579.200
142	1579.200
342	1579.200
632	1579.200
432	1579.300
692	1579.400
422	1579.500
202	1579.600
402	1579.900
732	1579.900
222	1580.100
232	1580.100
372	1580.200
112	1580.700
42	1580.900
642	1580.900
52	1581.000
762	1581.500
312	1582.200
22	1582.300
672	1582.500
12	1582.800
172	1583.000
92	1583.100
492	1583.100
702	1583.300
2	1583.400
262	1583.400
442	1583.700
612	1584.600
332	1584.800
242	1585.300
382	1585.500
772	1585.600
272	1585.800
32	1585.900
652	1585.900
512	1586.100
742	1586.200
72	1586.300
752	1586.500
192	1586.600
452	1586.700
662	1586.900
412	1587.000
502	1587.000
482	1587.100
792	1587.600
252	1587.700
82	1587.900
322	1587.900
392	1587.900
532	1588.000
622	1588.200
462	1588.300
362	1588.600
62	1588.700
722	1589.000
732	1589.000
552	1589.100
602	1589.100
282	1589.200
292	1589.200
432	1589.200
682	1589.200
102	1589.500
782	1589.600
592	1589.700
212	1589.800
712	1589.800
352	1589.900
162	1590.000
302	1590.100
582	1590.100
122	1590.200
472	1590.200
522	1590.300
112	1590.500
52	1590.800
182	1590.800
402	1590.900
692	1590.900
562	1591.000
642	1591.000
232	1591.100
422	1591.100
372	1591.200
542	1591.200
672	1591.500
222	1591.700
142	1591.800
632	1591.800
312	1591.900
152	1592.000
572	1592.300
132	1592.400
202	1592.600
342	1592.600
22	1592.700
762	1592.800
172	1593.000
702	1593.000
2	1593.100
42	1593.100
262	1593.100
12	1593.200
92	1593.900
492	1594.400
442	1594.500
242	1594.900
612	1594.900
72	1595.800
332	1595.900
482	1596.600
772	1596.600
32	1596.800
382	1596.800
272	1597.000
512	1597.500
412	1597.600
192	1597.800
652	1597.800
362	1598.000
792	1598.100
742	1598.400
502	1598.600
622	1598.700
452	1598.900
752	1599.000
392	1599.100
662	1599.100
112	1599.400
732	1599.500
82	1599.600
282	1599.600
712	1599.800
722	1599.800
532	1599.900
592	1599.900
292	1600.000
782	1600.000
212	1600.100
62	1600.200
582	1600.700
672	1600.700
52	1601.000
102	1601.000
162	1601.000
462	1601.000
472	1601.000
642	1601.000
252	1601.100
302	1601.100
432	1601.100
322	1601.500
682	1601.500
422	1601.700
522	1601.800
372	1602.100
232	1602.200
402	1602.200
562	1602.300
632	1602.400
352	1602.500
602	1602.500
2	1602.600
182	1602.600
12	1602.700
122	1602.700
262	1602.700
42	1602.800
692	1602.800
312	1602.900
552	1602.900
572	1602.900
152	1603.000
142	1603.200
22	1603.500
172	1603.500
542	1603.600
202	1603.800
342	1603.800
132	1604.100
762	1604.200
222	1604.600
612	1604.900
442	1605.000
492	1605.000
702	1605.000
242	1605.500
72	1606.300
92	1606.600
332	1606.600
382	1606.900
482	1607.100
622	1607.200
772	1607.200
412	1607.700
502	1607.700
792	1607.700
32	1607.800
272	1607.900
362	1608.400
732	1608.600
452	1608.800
662	1608.800
82	1609.000
192	1609.000
742	1609.100
112	1609.200
282	1609.200
592	1609.200
652	1609.300
292	1609.600
392	1609.700
722	1609.800
672	1610.000
102	1610.400
782	1610.700
302	1610.800
642	1610.800
582	1611.000
432	1611.100
712	1611.100
752	1611.200
472	1611.300
512	1611.300
212	1611.700
162	1612.200
602	1612.300
532	1612.400
682	1612.400
632	1612.500
52	1612.700
322	1612.800
262	1612.900
252	1613.000
352	1613.100
462	1613.100
552	1613.500
572	1613.500
232	1613.600
2	1613.900
62	1613.900
562	1614.100
122	1614.200
312	1614.300
522	1614.400
372	1614.500
542	1614.500
12	1614.600
402	1614.900
762	1615.100
142	1615.300
442	1615.500
612	1615.700
692	1615.700
132	1616.000
172	1616.200
492	1616.200
422	1616.300
182	1616.400
22	1616.500
242	1616.800
202	1616.900
702	1616.900
42	1617.000
622	1617.000
332	1617.500
222	1618.000
382	1618.000
732	1618.000
792	1618.000
72	1618.200
772	1618.200
342	1618.300
662	1618.300
92	1618.400
152	1618.400
282	1618.400
32	1618.600
112	1618.800
742	1618.800
272	1619.000
362	1619.000
102	1619.300
412	1619.400
502	1619.500
652	1619.600
592	1619.700
672	1619.700
392	1619.900
292	1620.000
722	1620.000
192	1620.100
482	1620.200
452	1620.300
302	1620.500
472	1620.500
82	1620.600
602	1620.900
712	1621.100
582	1621.300
752	1621.800
432	1622.200
782	1622.300
512	1622.400
212	1622.600
162	1622.800
262	1622.900
352	1622.900
532	1622.900
642	1623.600
232	1623.700
572	1623.700
682	1623.700
402	1624.100
12	1624.200
322	1624.200
542	1624.500
312	1624.600
52	1624.700
122	1624.700
252	1624.700
562	1624.700
462	1625.200
442	1625.400
2	1625.500
22	1625.600
492	1625.600
552	1625.600
762	1625.600
522	1625.800
632	1625.800
372	1625.900
142	1626.000
62	1626.100
132	1626.100
612	1626.100
172	1626.200
422	1626.500
792	1626.800
662	1626.900
202	1627.000
622	1627.000
242	1627.100
692	1627.100
332	1627.200
42	1627.400
702	1627.400
732	1627.400
32	1627.700
222	1627.700
112	1627.800
282	1627.800
382	1627.900
72	1628.000
152	1628.100
342	1628.300
772	1628.400
742	1628.500
182	1628.600
92	1628.700
412	1629.200
602	1629.300
722	1629.500
452	1629.800
672	1629.800
102	1629.900
652	1629.900
362	1630.000
272	1630.200
472	1630.200
592	1630.200
192	1630.300
712	1630.400
292	1630.700
392	1630.700
82	1630.800
302	1630.800
502	1630.900
482	1631.200
162	1631.600
212	1631.600
432	1631.600
752	1631.600
262	1631.800
512	1631.900
582	1632.000
682	1632.500
782	1632.600
642	1632.800
532	1632.900
322	1633.300
402	1633.300
232	1633.500
252	1633.600
542	1633.600
52	1633.800
562	1633.800
572	1634.000
492	1634.100
312	1634.200
372	1634.300
122	1634.500
22	1634.600
422	1634.600
12	1634.800
132	1634.800
352	1634.800
442	1634.900
202	1635.100
2	1635.400
242	1635.400
632	1635.400
332	1635.500
552	1635.600
792	1635.700
522	1635.800
462	1636.000
142	1636.100
622	1636.200
692	1636.200
762	1636.200
42	1636.300
172	1636.500
612	1636.500
732	1636.500
62	1636.800
72	1636.800
662	1636.800
702	1637.000
222	1637.100
112	1637.200
282	1637.200
412	1637.300
32	1637.400
92	1637.600
152	1637.600
342	1637.700
742	1637.700
182	1637.800
382	1637.900
602	1638.000
272	1638.400
452	1638.500
362	1638.600
722	1638.600
102	1638.700
772	1638.800
712	1638.900
672	1639.000
392	1639.100
472	1639.100
292	1639.300
82	1639.500
302	1639.800
592	1639.800
192	1640.000
752	1640.100
652	1640.200
512	1640.300
582	1640.300
502	1640.400
682	1640.500
482	1640.600
782	1640.600
212	1640.700
262	1640.900
432	1641.100
162	1641.200
642	1641.600
52	1641.700
542	1641.900
402	1642.000
562	1642.200
232	1642.300
312	1642.300
252	1642.400
322	1642.400
492	1642.600
132	1642.800
422	1642.800
532	1642.900
372	1643.000
122	1643.100
572	1643.100
242	1643.300
12	1643.400
442	1643.400
632	1643.400
332	1643.500
352	1643.600
202	1643.800
2	1644.100
22	1644.100
42	1644.200
462	1644.400
692	1644.500
762	1644.700
142	1644.900
522	1644.900
732	1644.900
62	1645.000
612	1645.000
112	1645.300
172	1645.300
702	1645.300
792	1645.300
412	1645.400
552	1645.400
222	1645.600
622	1645.600
182	1646.000
72	1646.100
282	1646.100
92	1646.200
152	1646.200
342	1646.200
382	1646.200
602	1646.400
662	1646.400
272	1646.600
32	1646.700
712	1646.800
742	1646.800
362	1646.900
102	1647.000
452	1647.000
772	1647.000
722	1647.300
292	1647.500
392	1647.500
672	1647.700
472	1647.900
82	1648.000
682	1648.100
302	1648.200
752	1648.300
502	1648.400
192	1648.500
592	1648.500
652	1648.600
782	1648.700
512	1648.800
582	1649.000
162	1649.200
212	1649.200
482	1649.300
262	1649.600
642	1649.600
52	1649.700
312	1650.000
542	1650.200
562	1650.200
232	1650.300
252	1650.400
322	1650.800
402	1650.900
432	1650.900
132	1651.000
242	1651.100
422	1651.100
492	1651.100
572	1651.200
632	1651.200
332	1651.300
12	1651.400
122	1651.700
202	1651.800
532	1651.800
372	1651.900
2	1652.000
442	1652.000
352	1652.100
42	1652.200
22	1652.300
462	1652.300
112	1652.700
142	1652.700
762	1652.700
62	1652.900
692	1652.900
732	1653.000
522	1653.100
412	1653.400
552	1653.400
612	1653.400
702	1653.500
622	1653.600
792	1653.600
172	1653.800
282	1653.800
92	1653.900
222	1653.900
342	1654.000
662	1654.000
72	1654.200
182	1654.400
382	1654.400
712	1654.500
32	1654.600
272	1654.600
772	1654.600
152	1654.700
102	1654.900
602	1654.900
452	1655.100
362	1655.200
742	1655.200
292	1655.300
672	1655.500
722	1655.600
392	1655.800
472	1656.000
82	1656.200
192	1656.200
302	1656.200
752	1656.200
652	1656.500
682	1656.500
502	1656.600
582	1656.600
592	1656.600
782	1657.000
212	1657.300
262	1657.400
312	1657.500
512	1657.500
482	1657.700
52	1657.800
162	1657.900
252	1657.900
542	1658.000
232	1658.100
562	1658.100
642	1658.100
242	1658.500
322	1658.500
572	1658.500
432	1658.700
402	1658.800
422	1658.800
132	1659.000
492	1659.000
632	1659.100
12	1659.200
332	1659.600
372	1659.700
442	1659.800
462	1659.800
122	1659.900
532	1659.900
202	1660.000
2	1660.300
22	1660.400
692	1660.400
42	1660.500
112	1660.500
352	1660.500
142	1660.600
522	1660.800
732	1660.800
762	1660.900
612	1661.000
62	1661.100
702	1661.100
552	1661.300
622	1661.300
72	1661.400
282	1661.400
662	1661.400
92	1661.500
412	1661.600
792	1661.600
222	1661.700
172	1661.800
772	1662.000
32	1662.100
382	1662.100
712	1662.100
102	1662.200
272	1662.200
182	1662.400
342	1662.500
672	1662.600
362	1662.700
152	1662.800
722	1662.900
292	1663.100
452	1663.300
602	1663.300
742	1663.500
472	1663.600
392	1663.700
192	1663.800
302	1663.900
82	1664.000
652	1664.100
752	1664.100
582	1664.300
592	1664.400
682	1664.400
782	1664.700
262	1664.800
512	1664.900
212	1665.000
312	1665.100
162	1665.200
252	1665.200
482	1665.200
502	1665.300
542	1665.500
232	1665.700
422	1665.700
562	1665.700
572	1665.800
322	1665.900
242	1666.000
432	1666.000
642	1666.000
52	1666.100
402	1666.100
12	1666.400
492	1666.500
632	1666.600
132	1667.000
372	1667.100
442	1667.100
462	1667.200
332	1667.600
122	1667.700
202	1667.700
42	1667.800
692	1667.900
2	1668.000
532	1668.000
22	1668.100
142	1668.200
522	1668.300
732	1668.400
702	1668.500
112	1668.600
662	1668.600
352	1668.700
62	1668.800
72	1668.800
612	1668.800
762	1668.800
412	1668.900
622	1668.900
92	1669.000
172	1669.000
552	1669.000
792	1669.200
282	1669.300
102	1669.400
222	1669.400
32	1669.500
712	1669.500
772	1669.500
272	1669.700
382	1669.700
182	1670.000
292	1670.100
362	1670.100
152	1670.200
342	1670.200
722	1670.200
672	1670.300
452	1670.700
602	1670.900
742	1670.900
472	1671.100
192	1671.200
302	1671.200
392	1671.200
82	1671.300
582	1671.400
652	1671.400
752	1671.600
592	1671.700
682	1671.900
262	1672.100
162	1672.200
312	1672.300
782	1672.400
482	1672.500
252	1672.600
512	1672.600
212	1672.700
422	1672.700
232	1672.900
502	1672.900
542	1672.900
562	1672.900
432	1673.000
322	1673.200
572	1673.200
402	1673.500
642	1673.500
242	1673.600
12	1673.700
52	1673.700
492	1674.000
442	1674.300
632	1674.300
372	1674.400
132	1674.600
462	1674.800
2	1675.000
42	1675.000
202	1675.000
332	1675.000
692	1675.000
22	1675.200
122	1675.300
522	1675.600
702	1675.800
732	1675.800
112	1675.900
532	1675.900
662	1675.900
142	1676.000
72	1676.100
352	1676.100
612	1676.100
62	1676.200
412	1676.200
172	1676.300
222	1676.300
622	1676.300
792	1676.400
92	1676.500
762	1676.500
102	1676.700
552	1676.700
712	1676.700
32	1676.800
772	1676.800
382	1677.000
152	1677.100
282	1677.100
182	1677.300
272	1677.300
672	1677.600
292	1677.700
362	1677.700
722	1677.700
342	1677.900
452	1678.000
302	1678.200
742	1678.200
392	1678.300
602	1678.300
582	1678.400
472	1678.500
652	1678.600
192	1678.800
82	1679.000
262	1679.000
592	1679.100
752	1679.100
162	1679.300
682	1679.300
482	1679.400
782	1679.500
312	1679.700
422	1679.900
432	1679.900
502	1679.900
512	1679.900
542	1679.900
252	1680.000
212	1680.100
322	1680.100
562	1680.100
232	1680.200
572	1680.500
642	1680.500
52	1680.600
402	1680.600
242	1680.800
492	1681.000
12	1681.200
442	1681.400
372	1681.700
632	1681.700
132	1681.800
2	1682.000
42	1682.000
202	1682.100
332	1682.100
462	1682.200
122	1682.500
22	1682.600
692	1682.600
522	1682.700
612	1683.000
172	1683.100
662	1683.100
702	1683.100
112	1683.200
222	1683.200
412	1683.200
532	1683.200
732	1683.200
72	1683.400
352	1683.400
62	1683.500
92	1683.600
762	1683.600
142	1683.700
772	1683.700
102	1683.800
622	1683.800
712	1683.800
32	1683.900
792	1683.900
152	1684.000
382	1684.200
552	1684.200
282	1684.400
182	1684.600
272	1684.600
342	1684.600
362	1684.800
672	1684.800
292	1684.900
452	1685.000
722	1685.100
392	1685.200
602	1685.300
742	1685.300
302	1685.600
582	1685.600
192	1686.000
262	1686.000
652	1686.000
752	1686.100
592	1686.200
162	1686.300
472	1686.300
682	1686.400
782	1686.500
82	1686.700
422	1686.700
482	1686.800
542	1686.800
312	1686.900
432	1686.900
502	1687.100
562	1687.200
212	1687.300
512	1687.300
252	1687.400
572	1687.400
52	1687.600
322	1687.600
642	1687.600
242	1687.700
232	1687.800
402	1687.800
492	1688.000
12	1688.400
442	1688.500
632	1688.600
372	1688.700
132	1688.800
2	1688.900
332	1688.900
42	1689.200
462	1689.200
202	1689.400
122	1689.500
692	1689.700
22	1689.800
172	1690.000
522	1690.000
662	1690.000
412	1690.100
222	1690.200
612	1690.200
702	1690.200
112	1690.300
732	1690.400
62	1690.500
72	1690.500
532	1690.500
102	1690.700
352	1690.700
762	1690.800
32	1690.900
142	1690.900
152	1690.900
712	1690.900
792	1690.900
92	1691.000
772	1691.000
382	1691.200
622	1691.200
342	1691.400
552	1691.400
282	1691.500
272	1691.600
672	1691.800
182	1692.000
362	1692.000
452	1692.000
292	1692.100
392	1692.100
722	1692.200
602	1692.300
742	1692.300
302	1692.500
582	1692.900
262	1693.100
652	1693.200
162	1693.300
592	1693.400
682	1693.400
752	1693.400
192	1693.500
432	1693.700
472	1693.700
782	1693.700
422	1693.800
542	1693.800
82	1694.000
312	1694.000
502	1694.000
562	1694.000
52	1694.400
212	1694.400
252	1694.400
482	1694.400
512	1694.400
572	1694.500
242	1694.600
642	1694.600
322	1694.800
232	1695.100
402	1695.100
12	1695.200
492	1695.300
372	1695.600
442	1695.600
632	1695.600
132	1695.800
332	1695.800
462	1696.000
2	1696.100
42	1696.300
202	1696.500
22	1696.700
122	1696.700
412	1696.900
172	1697.000
662	1697.000
692	1697.000
222	1697.100
522	1697.100
702	1697.100
532	1697.400
612	1697.400
352	1697.600
112	1697.700
62	1697.800
732	1697.800
72	1697.900
102	1697.900
152	1697.900
712	1697.900
32	1698.000
762	1698.000
792	1698.000
282	1698.100
382	1698.100
142	1698.300
622	1698.300
342	1698.400
772	1698.400
272	1698.600
672	1698.600
552	1698.800
92	1698.900
452	1698.900
362	1699.000
182	1699.100
292	1699.200
302	1699.300
722	1699.300
742	1699.300
392	1699.400
602	1699.500
162	1700.100
262	1700.100
582	1700.100
652	1700.200
592	1700.400
432	1700.600
682	1700.600
752	1700.600
422	1700.800
472	1700.800
542	1700.800
562	1700.900
782	1700.900
192	1701.000
82	1701.100
312	1701.100
502	1701.100
212	1701.200
52	1701.300
252	1701.300
512	1701.300
242	1701.500
482	1701.500
572	1701.600
642	1701.600
322	1701.900
12	1702.100
492	1702.100
232	1702.300
372	1702.300
402	1702.300
632	1702.500
332	1702.600
442	1702.700
132	1702.800
462	1702.800
2	1703.300
412	1703.500
22	1703.600
42	1703.600
122	1703.600
202	1703.800
172	1704.000
702	1704.000
222	1704.100
692	1704.100
522	1704.200
662	1704.300
352	1704.400
532	1704.400
612	1704.500
712	1704.700
732	1704.700
112	1704.900
152	1704.900
282	1704.900
32	1705.000
62	1705.000
382	1705.000
622	1705.000
762	1705.000
792	1705.000
72	1705.100
102	1705.300
672	1705.500
142	1705.600
772	1705.600
552	1705.700
272	1705.800
342	1705.900
362	1706.000
92	1706.100
182	1706.100
742	1706.100
452	1706.200
722	1706.200
292	1706.300
392	1706.300
302	1706.500
602	1706.600
652	1706.800
582	1707.000
262	1707.200
162	1707.300
432	1707.300
592	1707.400
472	1707.500
422	1707.700
312	1707.800
542	1707.800
752	1707.800
782	1707.800
252	1708.000
562	1708.000
82	1708.100
502	1708.100
52	1708.200
212	1708.200
682	1708.200
512	1708.300
242	1708.400
192	1708.500
482	1708.500
12	1708.900
322	1708.900
572	1708.900
642	1708.900
232	1709.100
372	1709.200
632	1709.200
402	1709.300
492	1709.300
332	1709.500
442	1709.700
462	1709.700
132	1710.000
412	1710.200
2	1710.500
42	1710.500
122	1710.600
22	1710.800
202	1710.900
172	1711.000
522	1711.000
692	1711.000
222	1711.100
702	1711.200
352	1711.300
662	1711.300
532	1711.400
612	1711.400
712	1711.700
732	1711.700
152	1711.800
762	1711.800
62	1711.900
112	1711.900
282	1711.900
792	1711.900
622	1712.000
32	1712.100
382	1712.100
72	1712.400
142	1712.500
772	1712.500
102	1712.600
552	1712.600
362	1712.700
672	1712.900
742	1712.900
182	1713.000
272	1713.000
722	1713.000
92	1713.100
302	1713.200
392	1713.200
342	1713.300
452	1713.300
292	1713.400
602	1713.400
652	1713.600
582	1713.800
262	1714.000
592	1714.000
432	1714.200
472	1714.200
162	1714.400
422	1714.600
782	1714.600
252	1714.800
752	1714.800
52	1714.900
312	1714.900
542	1714.900
562	1714.900
502	1715.000
82	1715.100
242	1715.100
212	1715.200
682	1715.300
482	1715.400
512	1715.400
192	1715.500
12	1715.600
322	1715.700
572	1715.800
632	1715.800
232	1715.900
372	1716.000
642	1716.000
492	1716.100
332	1716.200
462	1716.200
402	1716.300
442	1716.500
412	1716.600
132	1717.100
2	1717.600
202	1717.700
522	1717.700
22	1717.800
42	1717.800
692	1717.800
122	1717.900
172	1718.000
222	1718.000
702	1718.100
352	1718.200
662	1718.200
732	1718.300
712	1718.500
612	1718.600
152	1718.700
282	1718.700
532	1718.700
762	1718.700
112	1718.800
32	1718.900
792	1718.900
62	1719.000
622	1719.000
382	1719.100
72	1719.300
772	1719.300
552	1719.400
102	1719.500
142	1719.500
362	1719.600
722	1719.700
92	1719.800
672	1719.900
742	1720.000
182	1720.100
302	1720.100
272	1720.200
342	1720.200
392	1720.200
292	1720.400
452	1720.400
652	1720.400
262	1720.600
592	1720.600
602	1720.600
472	1720.700
582	1720.700
432	1721.100
162	1721.300
52	1721.500
252	1721.500
782	1721.500
422	1721.600
542	1721.600
752	1721.700
242	1721.900
82	1722.000
212	1722.000
312	1722.000
562	1722.000
192	1722.200
482	1722.200
502	1722.200
12	1722.400
322	1722.400
682	1722.400
512	1722.500
632	1722.500
572	1722.600
232	1722.800
372	1722.800
462	1722.800
332	1723.000
402	1723.000
442	1723.000
642	1723.000
492	1723.100
412	1723.200
132	1724.000
692	1724.400
2	1724.500
522	1724.500
22	1724.700
122	1724.700
202	1724.700
172	1724.800
222	1724.800
662	1724.800
702	1724.800
42	1724.900
352	1725.100
732	1725.100
112	1725.500
282	1725.500
612	1725.500
152	1725.600
762	1725.600
32	1725.700
712	1725.800
792	1725.800
532	1725.900
622	1726.000
772	1726.000
62	1726.100
382	1726.100
102	1726.200
552	1726.200
72	1726.300
142	1726.300
362	1726.400
722	1726.500
92	1726.600
672	1726.600
392	1726.700
272	1726.900
302	1726.900
742	1726.900
652	1727.000
182	1727.100
342	1727.100
582	1727.200
262	1727.400
472	1727.400
602	1727.400
292	1727.500
452	1727.500
592	1727.500
432	1727.800
162	1728.100
52	1728.300
252	1728.300
542	1728.300
752	1728.400
242	1728.500
422	1728.500
782	1728.500
82	1728.700
562	1728.700
312	1728.800
192	1728.900
212	1728.900
682	1729.000
12	1729.100
322	1729.100
482	1729.100
502	1729.100
462	1729.200
572	1729.300
632	1729.300
372	1729.400
442	1729.600
402	1729.700
512	1729.700
332	1729.800
412	1729.800
642	1729.800
492	1729.900
232	1730.000
132	1731.000
2	1731.100
22	1731.300
522	1731.300
692	1731.300
172	1731.400
702	1731.400
662	1731.500
202	1731.600
222	1731.600
42	1731.700
122	1731.700
732	1731.800
352	1731.900
152	1732.100
612	1732.200
282	1732.300
112	1732.400
712	1732.500
762	1732.500
32	1732.600
622	1732.600
102	1732.700
532	1732.800
552	1732.800
792	1732.800
62	1732.900
772	1732.900
382	1733.100
722	1733.100
72	1733.200
142	1733.200
92	1733.300
362	1733.300
392	1733.300
672	1733.300
302	1733.600
742	1733.600
182	1733.700
272	1733.800
342	1733.800
652	1733.800
582	1733.900
602	1734.000
262	1734.100
452	1734.100
292	1734.200
472	1734.200
592	1734.200
432	1734.700
542	1734.800
52	1735.000
162	1735.100
252	1735.100
752	1735.100
242	1735.200
422	1735.200
82	1735.300
562	1735.300
782	1735.300
312	1735.400
212	1735.500
322	1735.600
682	1735.600
12	1735.700
192	1735.700
482	1735.700
462	1735.800
502	1735.800
372	1735.900
572	1735.900
632	1736.000
442	1736.100
402	1736.400
512	1736.400
642	1736.400
332	1736.500
492	1736.500
412	1736.600
232	1737.200
132	1737.600
2	1737.700
692	1738.000
22	1738.100
702	1738.100
172	1738.200
522	1738.200
662	1738.200
122	1738.300
202	1738.300
222	1738.300
42	1738.500
352	1738.600
732	1738.600
152	1738.700
612	1738.900
32	1739.200
112	1739.200
282	1739.200
762	1739.200
622	1739.300
62	1739.400
552	1739.400
712	1739.400
102	1739.500
772	1739.500
792	1739.600
532	1739.700
72	1739.800
382	1739.800
722	1739.800
392	1739.900
142	1740.000
672	1740.000
92	1740.100
182	1740.300
302	1740.300
742	1740.300
362	1740.400
652	1740.400
272	1740.500
342	1740.500
602	1740.500
452	1740.700
582	1740.700
472	1740.800
592	1740.800
292	1741.000
262	1741.100
542	1741.300
432	1741.400
52	1741.500
752	1741.800
162	1741.900
242	1741.900
562	1741.900
252	1742.000
312	1742.000
422	1742.000
82	1742.100
682	1742.100
212	1742.200
782	1742.200
12	1742.300
322	1742.300
372	1742.300
462	1742.300
482	1742.300
572	1742.400
192	1742.500
502	1742.500
442	1742.700
632	1742.700
642	1742.900
512	1743.000
332	1743.100
402	1743.100
492	1743.100
412	1743.300
232	1744.000
2	1744.100
132	1744.100
702	1744.600
22	1744.800
662	1744.800
692	1744.800
172	1744.900
202	1744.900
522	1744.900
122	1745.000
222	1745.000
352	1745.100
42	1745.200
152	1745.300
732	1745.300
612	1745.600
32	1745.800
552	1745.800
62	1745.900
112	1745.900
622	1745.900
712	1746.100
762	1746.100
792	1746.100
102	1746.200
772	1746.200
282	1746.400
722	1746.400
72	1746.500
382	1746.500
392	1746.500
142	1746.600
532	1746.600
672	1746.700
92	1746.800
602	1747.000
652	1747.000
182	1747.100
302	1747.100
362	1747.100
742	1747.100
272	1747.300
472	1747.400
592	1747.400
342	1747.500
452	1747.500
582	1747.800
292	1747.900
542	1747.900
262	1748.000
52	1748.100
432	1748.200
562	1748.500
752	1748.500
162	1748.600
242	1748.600
252	1748.600
312	1748.700
422	1748.700
682	1748.700
322	1748.800
82	1748.900
212	1748.900
372	1748.900
782	1748.900
12	1749.000
572	1749.000
462	1749.100
502	1749.100
192	1749.200
482	1749.200
442	1749.300
512	1749.400
632	1749.400
332	1749.500
642	1749.500
492	1749.700
402	1749.800
412	1750.000
132	1750.500
2	1750.700
232	1750.700
702	1751.200
22	1751.300
202	1751.400
172	1751.500
222	1751.500
692	1751.500
662	1751.600
522	1751.700
122	1751.800
352	1751.800
42	1752.000
152	1752.000
612	1752.300
732	1752.300
32	1752.400
62	1752.400
112	1752.500
552	1752.500
622	1752.500
102	1752.700
712	1752.700
762	1752.800
772	1752.800
792	1752.900
72	1753.000
142	1753.200
382	1753.200
392	1753.200
722	1753.200
672	1753.300
92	1753.400
282	1753.400
532	1753.400
602	1753.500
362	1753.600
652	1753.700
742	1753.900
182	1754.000
302	1754.000
472	1754.000
272	1754.100
452	1754.100
592	1754.100
342	1754.400
292	1754.500
542	1754.500
582	1754.600
262	1754.800
432	1754.800
52	1754.900
242	1755.200
162	1755.300
682	1755.300
752	1755.300
252	1755.400
312	1755.400
562	1755.400
82	1755.500
322	1755.500
422	1755.500
212	1755.600
372	1755.600
572	1755.600
782	1755.600
12	1755.700
502	1755.800
462	1755.900
192	1756.000
442	1756.000
482	1756.000
632	1756.000
332	1756.100
512	1756.100
642	1756.200
492	1756.300
402	1756.400
412	1756.900
132	1757.100
232	1757.200
2	1757.400
22	1757.700
702	1757.800
202	1757.900
222	1758.100
662	1758.100
172	1758.200
692	1758.200
522	1758.300
122	1758.500
352	1758.500
152	1758.800
612	1758.800
112	1758.900
552	1759.000
32	1759.100
62	1759.100
622	1759.100
42	1759.200
102	1759.200
732	1759.200
762	1759.300
712	1759.400
772	1759.500
792	1759.600
142	1759.700
382	1759.800
672	1759.800
72	1759.900
392	1760.000
722	1760.000
92	1760.100
532	1760.100
282	1760.200
362	1760.300
602	1760.300
652	1760.400
182	1760.600
592	1760.600
452	1760.700
472	1760.700
742	1760.900
302	1761.000
542	1761.000
292	1761.100
342	1761.100
272	1761.200
582	1761.400
262	1761.500
432	1761.500
52	1761.600
242	1761.800
562	1761.900
162	1762.000
252	1762.000
312	1762.000
322	1762.000
82	1762.100
682	1762.100
372	1762.200
422	1762.200
502	1762.200
782	1762.200
212	1762.300
572	1762.300
752	1762.300
12	1762.500
442	1762.500
192	1762.600
632	1762.600
332	1762.700
482	1762.700
642	1762.700
462	1762.800
512	1762.800
492	1763.000
402	1763.100
132	1763.700
232	1763.700
412	1763.700
2	1764.000
22	1764.000
202	1764.400
702	1764.400
222	1764.600
172	1764.900
522	1764.900
692	1764.900
662	1765.000
122	1765.100
352	1765.100
612	1765.200
112	1765.500
152	1765.500
32	1765.700
62	1765.700
102	1765.700
622	1765.700
552	1765.800
762	1765.800
42	1766.000
712	1766.000
792	1766.100
732	1766.200
772	1766.200
382	1766.300
672	1766.300
142	1766.400
72	1766.700
532	1766.700
722	1766.700
92	1766.800
362	1766.800
392	1766.800
282	1766.900
602	1767.000
652	1767.000
472	1767.200
592	1767.200
452	1767.300
182	1767.500
542	1767.500
742	1767.700
302	1767.800
342	1767.800
272	1767.900
292	1767.900
582	1768.100
52	1768.200
262	1768.200
432	1768.300
562	1768.300
242	1768.500
252	1768.500
312	1768.500
82	1768.600
162	1768.700
322	1768.700
782	1768.700
372	1768.900
502	1768.900
572	1768.900
422	1769.000
752	1769.000
12	1769.100
212	1769.100
682	1769.100
442	1769.200
192	1769.300
332	1769.300
642	1769.300
482	1769.400
492	1769.400
462	1769.500
632	1769.500
512	1769.800
402	1770.000
412	1770.300
232	1770.400
2	1770.500
22	1770.500
132	1770.600
202	1770.900
222	1771.200
702	1771.200
522	1771.500
122	1771.700
172	1771.700
352	1771.700
612	1771.700
662	1771.700
692	1771.800
62	1772.100
112	1772.200
152	1772.200
622	1772.300
32	1772.400
552	1772.400
762	1772.400
102	1772.500
712	1772.500
792	1772.500
42	1772.800
382	1772.900
732	1772.900
772	1772.900
672	1773.000
142	1773.100
72	1773.400
362	1773.400
92	1773.500
722	1773.500
282	1773.600
392	1773.600
532	1773.700
592	1773.700
602	1773.700
652	1773.700
452	1774.000
472	1774.000
542	1774.100
182	1774.300
272	1774.400
342	1774.400
742	1774.400
302	1774.500
262	1774.600
292	1774.600
562	1774.700
582	1774.800
52	1774.900
432	1774.900
82	1775.000
242	1775.100
252	1775.100
312	1775.100
322	1775.200
782	1775.400
372	1775.500
752	1775.500
162	1775.600
502	1775.600
12	1775.700
572	1775.700
212	1775.800
332	1775.800
642	1775.800
682	1775.800
442	1775.900
492	1776.000
462	1776.100
482	1776.100
192	1776.200
422	1776.200
632	1776.300
512	1776.500
402	1776.800
232	1776.900
412	1776.900
2	1777.000
22	1777.000
132	1777.400
202	1777.400
702	1777.800
222	1777.900
522	1778.100
122	1778.200
612	1778.200
352	1778.300
662	1778.400
172	1778.500
692	1778.500
62	1778.600
112	1778.800
152	1778.900
552	1778.900
622	1779.000
712	1779.000
792	1779.000
32	1779.200
762	1779.400
102	1779.500
732	1779.500
42	1779.600
772	1779.600
382	1779.700
672	1779.700
72	1780.000
362	1780.000
142	1780.100
282	1780.100
92	1780.200
392	1780.200
722	1780.200
592	1780.300
532	1780.500
602	1780.500
452	1780.600
472	1780.600
652	1780.600
542	1780.700
182	1780.800
342	1780.900
262	1781.000
742	1781.100
272	1781.200
292	1781.300
562	1781.300
302	1781.500
52	1781.600
82	1781.600
242	1781.600
312	1781.600
582	1781.600
252	1781.700
432	1781.800
322	1781.900
782	1782.000
162	1782.200
752	1782.200
12	1782.300
332	1782.300
372	1782.300
502	1782.400
572	1782.500
682	1782.500
462	1782.600
482	1782.600
212	1782.700
442	1782.700
492	1782.700
642	1782.700
422	1782.800
632	1782.900
192	1783.100
412	1783.300
512	1783.300
22	1783.500
232	1783.500
2	1783.700
402	1783.700
202	1784.000
132	1784.300
702	1784.300
522	1784.500
222	1784.700
612	1784.700
352	1784.900
122	1785.100
172	1785.100
662	1785.100
692	1785.100
112	1785.400
792	1785.400
152	1785.500
712	1785.500
62	1785.600
552	1785.600
622	1785.600
32	1785.800
762	1786.100
732	1786.200
772	1786.200
102	1786.300
382	1786.300
42	1786.400
672	1786.400
362	1786.600
392	1786.800
72	1786.900
92	1786.900
142	1786.900
282	1786.900
592	1786.900
722	1787.000
452	1787.300
472	1787.300
532	1787.300
542	1787.300
602	1787.300
652	1787.300
182	1787.400
262	1787.400
742	1787.600
342	1787.700
272	1788.000
292	1788.000
562	1788.000
52	1788.200
242	1788.200
302	1788.200
312	1788.200
582	1788.200
82	1788.300
322	1788.300
252	1788.400
432	1788.500
782	1788.600
12	1788.800
162	1788.800
682	1788.900
752	1788.900
332	1789.000
372	1789.200
462	1789.200
482	1789.200
502	1789.200
212	1789.300
572	1789.300
422	1789.400
442	1789.400
492	1789.400
632	1789.400
192	1789.600
642	1789.600
412	1789.800
512	1790.100
22	1790.200
402	1790.300
2	1790.400
232	1790.400
202	1790.700
702	1790.900
132	1791.100
522	1791.100
222	1791.300
612	1791.300
662	1791.600
172	1791.700
352	1791.700
692	1791.700
112	1791.800
122	1791.900
152	1791.900
792	1792.000
622	1792.100
712	1792.100
552	1792.200
32	1792.300
62	1792.300
762	1792.700
102	1792.800
382	1792.800
772	1792.900
672	1793.000
732	1793.100
42	1793.200
72	1793.300
92	1793.500
362	1793.500
392	1793.500
592	1793.500
722	1793.600
282	1793.700
472	1793.800
532	1793.800
652	1793.800
142	1793.900
542	1793.900
602	1793.900
182	1794.100
262	1794.100
452	1794.200
742	1794.200
342	1794.400
292	1794.700
562	1794.700
312	1794.800
242	1794.900
272	1794.900
322	1794.900
582	1794.900
52	1795.000
252	1795.000
82	1795.100
302	1795.200
432	1795.200
782	1795.200
162	1795.300
682	1795.500
332	1795.600
752	1795.600
12	1795.700
212	1795.800
482	1795.800
572	1795.800
372	1795.900
462	1795.900
422	1796.000
192	1796.100
492	1796.100
502	1796.100
632	1796.100
442	1796.200
642	1796.300
412	1796.500
22	1796.700
402	1796.800
512	1796.900
232	1797.100
2	1797.200
202	1797.400
702	1797.600
132	1797.700
522	1797.700
222	1797.900
612	1798.000
662	1798.100
172	1798.200
112	1798.300
352	1798.400
152	1798.500
692	1798.500
122	1798.600
622	1798.600
712	1798.700
792	1798.700
32	1798.800
62	1799.000
552	1799.000
762	1799.300
102	1799.400
382	1799.400
42	1799.600
72	1799.700
732	1799.700
772	1799.700
672	1799.800
592	1800.000
92	1800.100
392	1800.100
532	1800.200
722	1800.200
472	1800.300
602	1800.400
652	1800.400
282	1800.500
362	1800.500
542	1800.500
142	1800.600
452	1800.800
742	1800.900
262	1801.000
182	1801.100
342	1801.300
562	1801.300
292	1801.400
272	1801.500
242	1801.600
252	1801.600
322	1801.600
312	1801.700
582	1801.700
782	1801.700
52	1801.800
82	1801.800
162	1801.800
302	1801.900
432	1801.900
682	1802.100
752	1802.100
332	1802.300
372	1802.400
422	1802.400
482	1802.400
12	1802.500
212	1802.500
462	1802.500
572	1802.500
502	1802.700
442	1802.800
492	1802.800
632	1802.800
192	1802.900
642	1803.000
402	1803.200
22	1803.300
412	1803.400
512	1803.500
2	1803.900
232	1803.900
522	1804.100
702	1804.100
202	1804.200
132	1804.400
222	1804.500
662	1804.600
172	1804.700
612	1804.700
352	1805.000
112	1805.100
122	1805.100
152	1805.200
692	1805.300
792	1805.300
32	1805.400
62	1805.400
622	1805.400
712	1805.400
552	1805.700
102	1805.900
762	1805.900
382	1806.000
42	1806.100
72	1806.300
772	1806.300
732	1806.500
672	1806.600
592	1806.700
472	1806.800
532	1806.800
722	1806.800
92	1806.900
602	1806.900
392	1807.100
142	1807.200
282	1807.200
652	1807.200
362	1807.400
542	1807.400
452	1807.600
182	1807.700
262	1807.700
742	1807.800
562	1808.000
292	1808.100
342	1808.100
52	1808.300
162	1808.300
242	1808.300
252	1808.300
272	1808.300
322	1808.300
82	1808.500
582	1808.500
782	1808.500
302	1808.600
432	1808.600
682	1808.700
312	1808.800
422	1808.900
752	1808.900
332	1809.000
372	1809.000
482	1809.000
212	1809.100
462	1809.100
12	1809.200
442	1809.300
502	1809.300
572	1809.300
492	1809.400
632	1809.500
642	1809.500
192	1809.600
402	1809.800
22	1810.000
412	1810.300
512	1810.300
2	1810.500
232	1810.600
702	1810.600
522	1810.700
132	1811.100
202	1811.100
222	1811.100
662	1811.200
172	1811.300
612	1811.300
112	1811.700
352	1811.700
32	1811.800
122	1811.900
792	1811.900
62	1812.000
152	1812.000
712	1812.000
692	1812.100
622	1812.200
102	1812.400
762	1812.400
552	1812.600
42	1812.700
382	1812.800
72	1812.900
772	1812.900
602	1813.300
672	1813.300
532	1813.400
592	1813.400
732	1813.400
92	1813.600
472	1813.600
722	1813.600
282	1813.800
652	1813.900
142	1814.000
392	1814.000
542	1814.000
362	1814.100
262	1814.300
182	1814.400
452	1814.400
742	1814.700
52	1814.800
292	1814.800
562	1814.800
162	1814.900
82	1815.000
322	1815.000
242	1815.100
272	1815.100
252	1815.200
582	1815.200
302	1815.300
342	1815.300
682	1815.300
782	1815.300
422	1815.400
432	1815.500
312	1815.600
462	1815.600
212	1815.700
372	1815.700
332	1815.800
482	1815.800
752	1815.800
492	1815.900
572	1815.900
442	1816.000
12	1816.100
502	1816.100
632	1816.200
192	1816.300
642	1816.300
402	1816.400
22	1816.600
512	1817.000
2	1817.100
232	1817.200
412	1817.200
702	1817.300
522	1817.400
132	1817.500
662	1817.600
222	1817.700
172	1817.800
202	1817.800
612	1818.000
32	1818.200
112	1818.200
352	1818.300
62	1818.600
122	1818.600
792	1818.600
152	1818.700
692	1818.700
712	1818.700
622	1818.800
102	1818.900
762	1818.900
42	1819.300
772	1819.400
72	1819.500
382	1819.500
552	1819.500
532	1819.900
602	1819.900
672	1819.900
732	1820.100
92	1820.300
592	1820.300
472	1820.400
722	1820.400
282	1820.500
542	1820.500
652	1820.600
142	1820.700
262	1820.800
392	1820.900
362	1821.000
452	1821.000
182	1821.200
292	1821.300
562	1821.400
52	1821.500
162	1821.500
742	1821.500
82	1821.700
272	1821.700
242	1821.800
252	1821.900
322	1821.900
582	1821.900
682	1821.900
302	1822.000
782	1822.000
342	1822.200
432	1822.200
462	1822.200
312	1822.400
752	1822.400
212	1822.500
422	1822.500
492	1822.500
332	1822.600
372	1822.600
572	1822.600
502	1822.700
482	1822.800
12	1822.900
192	1822.900
632	1822.900
442	1823.000
642	1823.000
402	1823.200
22	1823.500
232	1823.700
2	1823.800
702	1823.800
412	1823.900
512	1823.900
662	1823.900
132	1824.100
522	1824.100
202	1824.300
222	1824.300
172	1824.400
32	1824.700
352	1824.700
612	1824.700
112	1824.800
122	1825.100
62	1825.200
712	1825.200
622	1825.300
692	1825.300
102	1825.500
152	1825.500
762	1825.600
792	1825.600
72	1826.200
772	1826.200
382	1826.300
552	1826.400
672	1826.400
42	1826.500
532	1826.500
602	1826.600
92	1826.800
592	1826.800
732	1826.800
282	1827.000
722	1827.000
472	1827.100
542	1827.200
262	1827.300
452	1827.300
652	1827.300
142	1827.400
182	1827.900
362	1827.900
392	1827.900
292	1828.000
52	1828.100
162	1828.100
562	1828.100
742	1828.200
272	1828.500
302	1828.500
582	1828.500
782	1828.600
82	1828.700
242	1828.700
252	1828.700
322	1828.700
752	1828.800
432	1828.900
342	1829.000
462	1829.000
682	1829.000
212	1829.100
312	1829.200
372	1829.200
492	1829.200
422	1829.400
332	1829.500
502	1829.500
572	1829.500
192	1829.600
642	1829.600
12	1829.700
442	1829.700
482	1829.700
632	1829.700
22	1830.100
402	1830.100
232	1830.400
2	1830.500
662	1830.500
702	1830.500
132	1830.600
512	1830.600
522	1830.700
202	1830.800
412	1830.800
222	1830.900
172	1831.000
352	1831.100
32	1831.300
612	1831.300
112	1831.600
122	1831.700
712	1831.700
622	1831.800
62	1831.900
692	1831.900
152	1832.100
102	1832.300
762	1832.300
792	1832.300
382	1832.800
772	1832.800
72	1833.000
552	1833.100
592	1833.200
672	1833.200
42	1833.300
532	1833.300
732	1833.300
92	1833.400
282	1833.600
602	1833.600
472	1833.700
452	1833.800
262	1833.900
652	1833.900
542	1834.000
722	1834.000
142	1834.200
362	1834.500
182	1834.600
162	1834.700
292	1834.700
562	1834.700
742	1834.700
52	1834.800
392	1834.900
302	1835.200
582	1835.200
252	1835.300
272	1835.300
782	1835.300
432	1835.500
752	1835.500
82	1835.600
322	1835.700
212	1835.800
242	1835.800
342	1835.900
372	1835.900
492	1835.900
682	1836.000
422	1836.100
462	1836.100
312	1836.200
572	1836.200
332	1836.300
502	1836.300
442	1836.400
482	1836.400
642	1836.400
12	1836.500
192	1836.500
632	1836.600
402	1836.800
22	1836.900
232	1837.100
512	1837.200
662	1837.200
702	1837.200
2	1837.300
412	1837.300
202	1837.400
522	1837.400
132	1837.500
172	1837.600
222	1837.600
352	1837.700
612	1837.800
112	1838.100
32	1838.200
122	1838.200
712	1838.200
622	1838.300
692	1838.400
62	1838.500
152	1838.800
792	1838.800
762	1838.900
102	1839.100
382	1839.300
772	1839.400
72	1839.500
552	1839.800
592	1839.800
672	1839.900
732	1839.900
532	1840.000
42	1840.100
92	1840.100
282	1840.100
452	1840.200
262	1840.400
472	1840.400
602	1840.600
652	1840.600
542	1840.800
142	1840.900
722	1841.000
182	1841.100
362	1841.200
292	1841.300
162	1841.400
742	1841.400
52	1841.500
562	1841.500
252	1841.900
302	1841.900
392	1841.900
432	1842.000
582	1842.000
782	1842.000
82	1842.600
212	1842.600
242	1842.600
272	1842.600
322	1842.600
752	1842.600
372	1842.700
492	1842.800
422	1842.900
312	1843.000
342	1843.000
462	1843.000
682	1843.000
332	1843.100
442	1843.100
12	1843.200
192	1843.200
572	1843.200
482	1843.300
502	1843.300
632	1843.300
642	1843.300
402	1843.600
22	1843.700
232	1843.800
412	1843.800
512	1843.800
522	1843.900
172	1844.000
662	1844.000
702	1844.000
2	1844.100
202	1844.200
352	1844.300
612	1844.300
132	1844.400
222	1844.500
112	1844.700
122	1844.700
692	1844.700
712	1844.800
32	1844.900
622	1844.900
62	1845.100
792	1845.200
762	1845.600
152	1845.700
382	1845.900
102	1846.000
72	1846.100
772	1846.200
552	1846.300
282	1846.500
732	1846.500
532	1846.600
592	1846.600
452	1846.700
672	1846.800
42	1846.900
92	1847.000
262	1847.000
652	1847.200
602	1847.300
472	1847.400
542	1847.600
142	1847.800
182	1847.900
722	1847.900
292	1848.000
362	1848.100
52	1848.300
162	1848.300
742	1848.300
562	1848.500
582	1848.500
302	1848.600
432	1848.700
252	1848.800
392	1848.800
782	1849.000
242	1849.300
372	1849.400
82	1849.500
212	1849.600
272	1849.600
322	1849.600
492	1849.600
752	1849.600
312	1849.700
422	1849.700
192	1849.800
462	1849.800
682	1849.800
12	1849.900
342	1849.900
442	1849.900
572	1849.900
632	1850.100
332	1850.200
482	1850.200
22	1850.300
412	1850.300
502	1850.300
402	1850.400
642	1850.400
172	1850.500
232	1850.500
512	1850.500
522	1850.500
2	1850.700
662	1850.700
702	1850.800
352	1850.900
612	1851.000
202	1851.100
692	1851.200
222	1851.300
122	1851.400
132	1851.400
112	1851.500
712	1851.500
32	1851.600
622	1851.600
792	1851.700
62	1851.800
762	1852.100
152	1852.400
382	1852.400
72	1852.700
552	1852.700
772	1852.700
102	1852.800
282	1853.100
732	1853.100
262	1853.400
532	1853.400
592	1853.400
452	1853.500
672	1853.600
42	1853.700
92	1853.700
652	1853.800
472	1854.000
602	1854.000
142	1854.600
182	1854.600
722	1854.800
52	1854.900
292	1854.900
542	1854.900
742	1855.000
362	1855.100
582	1855.200
162	1855.300
252	1855.400
432	1855.400
302	1855.500
562	1855.500
392	1855.600
782	1855.900
242	1856.100
372	1856.300
82	1856.400
212	1856.400
272	1856.400
322	1856.400
462	1856.400
192	1856.500
312	1856.500
492	1856.500
682	1856.500
12	1856.600
572	1856.600
422	1856.700
342	1856.800
412	1856.800
442	1856.800
632	1856.800
482	1856.900
752	1856.900
22	1857.000
332	1857.000
232	1857.100
512	1857.100
522	1857.100
402	1857.200
502	1857.300
172	1857.400
642	1857.400
662	1857.500
2	1857.600
352	1857.600
702	1857.700
202	1857.800
692	1857.800
612	1857.900
122	1858.000
222	1858.000
112	1858.100
622	1858.200
792	1858.200
32	1858.300
132	1858.300
712	1858.300
62	1858.700
382	1858.900
762	1858.900
152	1859.000
102	1859.200
772	1859.200
552	1859.300
72	1859.400
282	1859.700
732	1859.700
262	1859.900
592	1860.100
452	1860.200
42	1860.300
532	1860.300
652	1860.400
672	1860.400
92	1860.500
472	1860.500
602	1860.800
182	1861.200
722	1861.400
142	1861.600
292	1861.700
52	1861.800
542	1861.900
742	1861.900
252	1862.100
582	1862.100
162	1862.300
392	1862.300
302	1862.400
362	1862.400
782	1862.500
432	1862.600
562	1862.600
242	1862.800
272	1863.100
372	1863.100
212	1863.200
572	1863.200
682	1863.200
192	1863.300
462	1863.300
12	1863.400
82	1863.400
322	1863.400
422	1863.400
312	1863.500
632	1863.500
22	1863.600
412	1863.600
442	1863.600
482	1863.700
492	1863.700
332	1863.800
512	1863.800
342	1863.900
402	1863.900
502	1863.900
752	1863.900
522	1864.000
232	1864.200
352	1864.200
2	1864.300
642	1864.300
692	1864.400
172	1864.500
612	1864.500
662	1864.500
702	1864.600
202	1864.700
112	1864.800
122	1864.800
132	1864.800
622	1864.800
222	1864.900
712	1864.900
792	1864.900
32	1865.100
152	1865.400
382	1865.400
62	1865.500
762	1865.500
552	1865.700
772	1865.700
102	1865.800
72	1866.100
262	1866.300
282	1866.300
732	1866.400
592	1866.600
42	1866.900
472	1866.900
652	1866.900
452	1867.000
532	1867.000
92	1867.100
672	1867.400
602	1867.600
182	1867.800
722	1868.200
292	1868.400
142	1868.500
52	1868.800
252	1868.800
742	1868.800
542	1868.900
582	1868.900
302	1869.000
392	1869.100
782	1869.100
162	1869.200
242	1869.400
362	1869.500
432	1869.500
562	1869.600
572	1869.700
272	1869.800
372	1869.900
682	1870.000
192	1870.200
212	1870.200
422	1870.200
442	1870.200
462	1870.200
12	1870.300
22	1870.400
322	1870.400
82	1870.500
482	1870.500
632	1870.500
312	1870.600
402	1870.600
492	1870.600
502	1870.600
512	1870.600
412	1870.700
332	1870.800
342	1870.900
352	1870.900
752	1870.900
232	1871.000
2	1871.100
522	1871.100
692	1871.100
172	1871.200
642	1871.200
662	1871.200
612	1871.300
702	1871.300
202	1871.400
712	1871.400
112	1871.500
132	1871.500
222	1871.500
622	1871.500
32	1871.600
122	1871.600
792	1871.800
152	1872.000
382	1872.000
62	1872.100
102	1872.200
762	1872.200
552	1872.300
772	1872.300
72	1872.700
262	1872.900
732	1873.100
282	1873.200
472	1873.400
42	1873.500
92	1873.500
592	1873.500
452	1873.700
532	1873.700
652	1873.700
672	1874.300
182	1874.400
602	1874.400
722	1875.000
142	1875.300
292	1875.400
782	1875.500
52	1875.600
252	1875.600
542	1875.600
582	1875.700
742	1875.700
302	1875.900
392	1875.900
162	1876.100
242	1876.200
562	1876.300
272	1876.500
362	1876.500
572	1876.500
432	1876.600
682	1876.800
192	1876.900
372	1876.900
212	1877.000
442	1877.000
462	1877.100
22	1877.200
322	1877.200
422	1877.200
502	1877.200
12	1877.400
82	1877.400
482	1877.400
512	1877.400
632	1877.400
312	1877.500
402	1877.500
492	1877.500
332	1877.700
342	1877.700
412	1877.700
692	1877.700
752	1877.700
172	1877.800
352	1877.800
522	1877.900
662	1877.900
222	1878.000
232	1878.000
702	1878.000
2	1878.100
612	1878.100
642	1878.100
32	1878.200
132	1878.200
202	1878.300
622	1878.300
112	1878.400
122	1878.400
712	1878.400
792	1878.500
152	1878.600
62	1878.700
102	1878.700
382	1878.800
762	1878.800
772	1878.800
552	1879.000
72	1879.200
262	1879.500
732	1879.700
472	1879.800
42	1879.900
92	1880.000
592	1880.000
282	1880.100
532	1880.300
652	1880.400
452	1880.600
672	1880.800
182	1880.900
602	1881.100
292	1881.800
722	1881.800
142	1882.100
782	1882.100
52	1882.400
302	1882.500
542	1882.500
582	1882.500
252	1882.600
742	1882.700
242	1882.800
162	1882.900
392	1882.900
272	1883.200
572	1883.200
362	1883.300
432	1883.300
562	1883.300
372	1883.700
682	1883.700
22	1883.800
212	1883.800
442	1883.800
192	1883.900
502	1883.900
462	1884.000
12	1884.200
322	1884.200
422	1884.200
632	1884.200
312	1884.300
342	1884.300
492	1884.300
482	1884.400
402	1884.500
512	1884.500
522	1884.500
172	1884.600
222	1884.600
752	1884.600
82	1884.700
692	1884.700
702	1884.700
2	1884.800
332	1884.800
352	1884.800
412	1884.800
662	1884.800
132	1884.900
202	1884.900
232	1884.900
612	1884.900
642	1884.900
32	1885.000
622	1885.100
712	1885.100
112	1885.200
122	1885.200
152	1885.200
102	1885.300
772	1885.300
792	1885.300
62	1885.400
382	1885.500
762	1885.500
72	1885.800
262	1886.000
552	1886.000
472	1886.200
732	1886.200
92	1886.500
42	1886.600
282	1886.600
532	1886.700
592	1886.700
652	1887.200
452	1887.300
182	1887.500
672	1887.500
602	1887.700
292	1888.200
722	1888.400
782	1888.800
142	1889.000
52	1889.100
542	1889.200
582	1889.200
302	1889.400
252	1889.500
242	1889.600
742	1889.600
162	1889.800
272	1889.900
392	1889.900
362	1890.200
432	1890.200
562	1890.200
572	1890.200
442	1890.500
502	1890.500
22	1890.600
212	1890.800
372	1890.800
422	1890.800
462	1890.800
632	1890.800
682	1890.800
192	1890.900
492	1890.900
12	1891.000
342	1891.100
312	1891.200
702	1891.200
512	1891.300
172	1891.400
222	1891.400
322	1891.400
522	1891.400
82	1891.500
482	1891.500
692	1891.500
2	1891.600
642	1891.600
662	1891.600
32	1891.700
132	1891.700
202	1891.700
332	1891.700
352	1891.700
402	1891.700
412	1891.700
102	1891.800
232	1891.800
612	1891.800
772	1891.800
152	1891.900
752	1891.900
62	1892.000
112	1892.000
122	1892.000
622	1892.000
712	1892.000
382	1892.200
792	1892.200
762	1892.300
72	1892.400
262	1892.700
472	1892.800
552	1892.800
732	1892.900
42	1893.100
92	1893.100
532	1893.200
592	1893.200
282	1893.600
452	1893.900
182	1894.100
652	1894.200
672	1894.200
602	1894.400
292	1894.800
722	1895.100
782	1895.500
52	1895.600
542	1895.800
142	1896.000
582	1896.000
252	1896.200
302	1896.200
742	1896.200
272	1896.400
162	1896.500
242	1896.500
392	1896.700
432	1896.900
572	1896.900
362	1897.000
502	1897.200
562	1897.200
442	1897.300
462	1897.400
632	1897.400
22	1897.500
682	1897.500
342	1897.600
422	1897.600
492	1897.600
702	1897.600
12	1897.800
192	1897.800
312	1897.800
372	1897.800
212	1897.900
222	1898.000
512	1898.000
322	1898.100
2	1898.200
82	1898.200
172	1898.200
202	1898.200
522	1898.200
692	1898.200
32	1898.300
102	1898.300
662	1898.300
122	1898.400
232	1898.400
332	1898.400
412	1898.400
482	1898.400
642	1898.400
62	1898.500
352	1898.500
612	1898.500
772	1898.500
132	1898.600
402	1898.600
112	1898.700
622	1898.800
712	1898.800
152	1898.900
752	1898.900
382	1899.000
792	1899.000
72	1899.100
762	1899.100
472	1899.300
732	1899.400
262	1899.500
552	1899.500
532	1899.700
592	1899.700
42	1899.800
92	1899.800
282	1900.200
452	1900.400
182	1900.700
652	1900.800
602	1901.000
672	1901.100
292	1901.400
722	1901.800
52	1902.200
782	1902.200
542	1902.600
142	1902.800
272	1902.900
302	1902.900
252	1903.000
582	1903.000
742	1903.000
162	1903.100
392	1903.300
242	1903.400
432	1903.500
572	1903.700
502	1903.800
562	1903.800
442	1904.000
632	1904.000
462	1904.200
492	1904.200
702	1904.200
342	1904.300
682	1904.300
12	1904.400
22	1904.400
312	1904.400
362	1904.400
192	1904.700
222	1904.700
512	1904.700
692	1904.700
2	1904.800
522	1904.800
82	1904.900
102	1904.900
122	1904.900
202	1904.900
212	1904.900
332	1904.900
372	1904.900
422	1904.900
32	1905.000
62	1905.000
172	1905.000
322	1905.000
232	1905.100
352	1905.100
412	1905.100
482	1905.100
612	1905.100
642	1905.100
662	1905.100
402	1905.200
772	1905.200
622	1905.300
112	1905.400
132	1905.500
752	1905.600
762	1905.600
792	1905.600
72	1905.700
152	1905.700
382	1905.700
712	1905.700
472	1905.800
732	1905.900
262	1906.100
532	1906.100
552	1906.100
42	1906.300
592	1906.300
92	1906.500
282	1906.800
452	1906.900
182	1907.300
652	1907.300
602	1907.400
292	1907.900
672	1907.900
782	1908.400
722	1908.500
52	1908.800
542	1909.300
272	1909.400
302	1909.400
252	1909.500
582	1909.600
742	1909.600
142	1909.700
162	1909.900
242	1909.900
392	1909.900
432	1910.100
572	1910.200
442	1910.400
562	1910.500
502	1910.600
632	1910.600
462	1910.700
492	1910.700
312	1910.800
682	1910.800
12	1910.900
342	1911.000
22	1911.100
192	1911.200
512	1911.200
362	1911.300
522	1911.300
692	1911.300
2	1911.400
62	1911.400
222	1911.400
702	1911.400
102	1911.500
332	1911.500
32	1911.600
82	1911.600
122	1911.600
172	1911.600
202	1911.600
212	1911.600
232	1911.600
322	1911.600
372	1911.600
422	1911.600
642	1911.600
662	1911.600
412	1911.700
352	1911.800
482	1911.800
612	1911.800
402	1911.900
622	1911.900
112	1912.000
772	1912.000
132	1912.100
382	1912.100
752	1912.100
792	1912.100
712	1912.200
762	1912.200
72	1912.300
152	1912.300
732	1912.300
472	1912.400
532	1912.400
262	1912.500
592	1912.500
552	1912.600
42	1912.700
92	1913.000
282	1913.100
452	1913.200
652	1913.600
182	1913.800
602	1914.000
292	1914.300
672	1914.400
782	1914.700
722	1914.900
52	1915.100
302	1915.900
252	1916.000
272	1916.000
582	1916.000
742	1916.000
542	1916.100
142	1916.200
242	1916.200
392	1916.300
162	1916.500
572	1916.600
432	1916.800
442	1916.800
562	1916.900
632	1916.900
312	1917.100
492	1917.100
462	1917.200
12	1917.300
502	1917.300
682	1917.300
22	1917.400
192	1917.500
342	1917.500
222	1917.600
332	1917.700
522	1917.700
2	1917.800
62	1917.800
362	1917.800
102	1917.900
212	1917.900
512	1917.900
692	1917.900
82	1918.000
172	1918.000
202	1918.000
422	1918.000
642	1918.000
662	1918.000
122	1918.100
372	1918.100
412	1918.100
32	1918.200
232	1918.200
322	1918.200
482	1918.200
612	1918.200
702	1918.200
402	1918.300
622	1918.300
352	1918.400
382	1918.400
792	1918.400
112	1918.500
132	1918.500
772	1918.500
72	1918.600
712	1918.600
732	1918.600
752	1918.600
152	1918.700
592	1918.700
532	1918.800
762	1918.800
262	1918.900
552	1918.900
472	1919.000
42	1919.100
92	1919.300
282	1919.300
452	1919.500
652	1919.900
182	1920.000
602	1920.300
292	1920.600
672	1920.800
782	1921.000
722	1921.300
52	1921.400
302	1922.200
582	1922.200
272	1922.300
742	1922.400
242	1922.500
252	1922.500
392	1922.500
142	1922.600
542	1922.600
162	1922.800
572	1922.900
432	1923.200
442	1923.300
562	1923.300
632	1923.300
312	1923.500
462	1923.500
492	1923.500
22	1923.700
502	1923.700
682	1923.700
12	1923.800
192	1923.900
222	1923.900
342	1924.000
2	1924.100
62	1924.100
332	1924.100
362	1924.100
212	1924.200
522	1924.200
692	1924.200
662	1924.300
82	1924.400
172	1924.400
202	1924.400
422	1924.400
512	1924.400
642	1924.400
32	1924.500
102	1924.500
372	1924.500
122	1924.600
322	1924.600
402	1924.600
412	1924.600
482	1924.600
612	1924.600
382	1924.700
622	1924.700
702	1924.700
792	1924.700
132	1924.800
772	1924.800
72	1924.900
112	1924.900
232	1924.900
352	1924.900
732	1924.900
752	1924.900
592	1925.000
152	1925.100
532	1925.100
712	1925.100
762	1925.100
262	1925.200
42	1925.300
552	1925.300
472	1925.400
92	1925.500
282	1925.500
452	1925.700
652	1926.000
182	1926.200
602	1926.600
292	1926.800
672	1927.100
782	1927.300
722	1927.400
52	1927.600
302	1928.300
272	1928.500
582	1928.500
242	1928.700
252	1928.700
742	1928.700
142	1928.800
392	1928.900
542	1928.900
162	1929.100
572	1929.200
432	1929.400
442	1929.500
562	1929.500
632	1929.600
312	1929.800
462	1929.800
682	1929.800
492	1929.900
22	1930.000
502	1930.000
12	1930.100
222	1930.200
342	1930.200
2	1930.300
192	1930.300
362	1930.300
332	1930.400
522	1930.400
692	1930.400
62	1930.500
212	1930.500
662	1930.500
642	1930.600
172	1930.700
202	1930.700
372	1930.700
422	1930.700
512	1930.700
32	1930.800
82	1930.800
482	1930.800
102	1930.900
402	1930.900
412	1930.900
792	1930.900
322	1931.000
382	1931.000
612	1931.000
622	1931.000
702	1931.000
732	1931.000
772	1931.000
72	1931.100
112	1931.100
122	1931.100
132	1931.100
352	1931.100
752	1931.100
232	1931.200
592	1931.200
762	1931.200
152	1931.300
262	1931.300
532	1931.300
552	1931.400
42	1931.500
92	1931.500
472	1931.500
282	1931.600
712	1931.600
452	1931.800
652	1932.100
182	1932.300
602	1932.700
292	1932.900
672	1933.200
782	1933.300
722	1933.400
52	1933.800
302	1934.400
272	1934.700
742	1934.700
242	1934.800
252	1934.800
582	1934.800
542	1935.000
142	1935.100
392	1935.100
162	1935.300
572	1935.300
442	1935.500
432	1935.600
562	1935.600
632	1935.800
312	1935.900
682	1935.900
12	1936.000
462	1936.000
492	1936.000
22	1936.100
502	1936.100
222	1936.300
2	1936.400
192	1936.400
342	1936.400
362	1936.500
62	1936.600
212	1936.600
332	1936.600
522	1936.600
692	1936.600
642	1936.700
662	1936.700
82	1936.800
172	1936.900
202	1936.900
422	1936.900
482	1936.900
512	1936.900
32	1937.000
322	1937.000
372	1937.000
412	1937.000
622	1937.000
792	1937.000
102	1937.100
402	1937.100
702	1937.100
732	1937.100
772	1937.100
72	1937.200
112	1937.200
382	1937.200
592	1937.200
752	1937.200
132	1937.300
232	1937.300
262	1937.300
352	1937.300
532	1937.300
612	1937.300
762	1937.300
122	1937.400
152	1937.400
552	1937.400
92	1937.500
472	1937.500
42	1937.600
282	1937.700
712	1937.700
452	1937.800
652	1938.100
182	1938.300
602	1938.700
292	1938.900
672	1939.300
782	1939.300
722	1939.400
52	1939.900
302	1940.400
272	1940.700
252	1940.800
742	1940.800
582	1940.900
242	1941.000
142	1941.200
542	1941.200
392	1941.300
162	1941.400
572	1941.400
442	1941.500
432	1941.600
562	1941.700
312	1941.900
682	1941.900
12	1942.000
22	1942.000
632	1942.000
492	1942.100
462	1942.200
502	1942.200
192	1942.400
222	1942.400
362	1942.400
2	1942.500
212	1942.600
342	1942.600
662	1942.600
62	1942.700
332	1942.700
522	1942.700
642	1942.700
692	1942.700
82	1942.800
172	1942.800
202	1942.900
422	1942.900
512	1942.900
322	1943.000
372	1943.000
412	1943.000
482	1943.000
622	1943.000
32	1943.100
102	1943.100
112	1943.100
402	1943.100
702	1943.100
732	1943.100
772	1943.100
792	1943.100
72	1943.200
262	1943.200
382	1943.200
752	1943.200
762	1943.200
132	1943.300
232	1943.300
352	1943.300
592	1943.300
612	1943.300
472	1943.400
532	1943.400
552	1943.400
92	1943.500
122	1943.500
152	1943.500
42	1943.600
282	1943.700
452	1943.800
712	1943.800
652	1944.000
182	1944.200
602	1944.600
292	1944.800
782	1945.100
672	1945.200
722	1945.300
52	1945.900
302	1946.300
272	1946.500
252	1946.700
742	1946.800
582	1946.900
242	1947.000
142	1947.200
542	1947.200
162	1947.300
392	1947.300
572	1947.300
442	1947.400
562	1947.500
432	1947.600
12	1947.900
22	1947.900
312	1947.900
682	1947.900
632	1948.000
492	1948.100
462	1948.200
502	1948.200
362	1948.300
2	1948.400
192	1948.400
222	1948.400
662	1948.500
62	1948.600
212	1948.600
342	1948.600
642	1948.600
82	1948.700
172	1948.700
332	1948.700
692	1948.700
522	1948.800
202	1948.900
322	1948.900
412	1948.900
422	1948.900
482	1948.900
512	1948.900
622	1948.900
32	1949.000
102	1949.000
112	1949.000
702	1949.000
732	1949.000
772	1949.000
792	1949.000
72	1949.100
262	1949.100
372	1949.100
382	1949.100
402	1949.100
762	1949.100
132	1949.200
352	1949.200
752	1949.200
232	1949.300
472	1949.300
532	1949.300
592	1949.300
612	1949.300
152	1949.400
552	1949.400
42	1949.500
92	1949.500
122	1949.500
282	1949.600
452	1949.700
712	1949.700
652	1949.900
182	1950.100
602	1950.500
292	1950.700
672	1951.000
782	1951.000
722	1951.200
52	1951.800
302	1952.100
272	1952.400
252	1952.700
742	1952.700
582	1952.800
242	1952.900
142	1953.100
162	1953.200
542	1953.200
572	1953.200
392	1953.300
442	1953.300
432	1953.500
562	1953.500
12	1953.800
22	1953.800
312	1953.800
632	1953.900
682	1953.900
492	1954.000
502	1954.100
2	1954.200
362	1954.200
462	1954.200
192	1954.300
222	1954.300
62	1954.500
172	1954.500
642	1954.500
662	1954.500
82	1954.600
212	1954.600
332	1954.600
342	1954.600
692	1954.700
322	1954.800
412	1954.800
422	1954.800
482	1954.800
522	1954.800
622	1954.800
32	1954.900
72	1954.900
102	1954.900
112	1954.900
202	1954.900
262	1954.900
512	1954.900
702	1954.900
732	1954.900
772	1954.900
792	1954.900
372	1955.000
382	1955.000
402	1955.000
762	1955.000
132	1955.100
352	1955.100
472	1955.100
232	1955.200
532	1955.200
592	1955.200
612	1955.200
752	1955.200
152	1955.300
552	1955.300
42	1955.400
92	1955.400
122	1955.400
282	1955.500
452	1955.600
712	1955.600
652	1955.800
182	1955.900
602	1956.300
292	1956.600
672	1956.800
782	1956.800
722	1957.100
52	1957.700
302	1957.900
272	1958.200
742	1958.500
252	1958.600
582	1958.700
242	1958.800
142	1959.000
162	1959.100
442	1959.100
542	1959.100
572	1959.100
392	1959.200
432	1959.400
562	1959.400
12	1959.600
22	1959.600
312	1959.700
682	1959.800
492	1959.900
632	1959.900
2	1960.000
362	1960.000
502	1960.000
462	1960.100
192	1960.200
222	1960.200
172	1960.300
642	1960.300
662	1960.300
62	1960.400
82	1960.500
212	1960.500
332	1960.500
342	1960.500
412	1960.600
692	1960.600
32	1960.700
72	1960.700
112	1960.700
262	1960.700
322	1960.700
482	1960.700
522	1960.700
622	1960.700
732	1960.700
772	1960.700
792	1960.700
102	1960.800
202	1960.800
422	1960.800
512	1960.800
702	1960.800
132	1960.900
352	1960.900
382	1960.900
402	1960.900
472	1960.900
762	1960.900
372	1961.000
232	1961.100
532	1961.100
552	1961.100
592	1961.100
612	1961.100
752	1961.100
92	1961.200
122	1961.200
152	1961.200
42	1961.300
282	1961.400
712	1961.400
452	1961.500
652	1961.600
182	1961.700
602	1962.100
292	1962.400
782	1962.500
672	1962.600
722	1963.000
52	1963.600
302	1963.700
272	1963.900
742	1964.300
252	1964.400
582	1964.500
242	1964.600
142	1964.900
442	1964.900
162	1965.000
392	1965.000
542	1965.000
572	1965.000
562	1965.200
432	1965.300
12	1965.400
22	1965.400
312	1965.500
492	1965.700
682	1965.700
2	1965.800
362	1965.800
462	1965.900
632	1965.900
192	1966.000
502	1966.000
172	1966.100
222	1966.100
642	1966.100
662	1966.100
62	1966.300
82	1966.300
332	1966.300
212	1966.400
342	1966.400
412	1966.400
32	1966.500
72	1966.500
112	1966.500
262	1966.500
482	1966.500
692	1966.500
732	1966.500
772	1966.500
792	1966.500
102	1966.600
322	1966.600
422	1966.600
512	1966.600
522	1966.600
622	1966.600
702	1966.600
132	1966.700
202	1966.700
352	1966.700
382	1966.800
402	1966.800
472	1966.800
762	1966.800
372	1966.900
592	1966.900
92	1967.000
122	1967.000
232	1967.000
532	1967.000
552	1967.000
612	1967.000
752	1967.000
152	1967.100
42	1967.200
282	1967.200
712	1967.200
452	1967.300
652	1967.400
182	1967.500
602	1967.900
292	1968.200
782	1968.300
672	1968.400
722	1968.800
52	1969.500
302	1969.500
272	1969.600
742	1970.100
252	1970.200
242	1970.400
582	1970.400
142	1970.700
442	1970.700
162	1970.800
392	1970.800
542	1970.800
572	1970.800
562	1970.900
12	1971.100
432	1971.100
22	1971.200
312	1971.300
2	1971.500
492	1971.500
682	1971.600
362	1971.700
462	1971.700
192	1971.800
632	1971.800
172	1971.900
222	1971.900
502	1971.900
642	1971.900
662	1971.900
82	1972.100
332	1972.100
32	1972.200
62	1972.200
112	1972.200
342	1972.200
412	1972.200
732	1972.200
72	1972.300
212	1972.300
262	1972.300
482	1972.300
692	1972.300
772	1972.300
792	1972.300
102	1972.400
322	1972.400
422	1972.400
512	1972.400
522	1972.400
132	1972.500
352	1972.500
622	1972.500
702	1972.500
202	1972.600
382	1972.600
472	1972.600
762	1972.600
402	1972.700
592	1972.700
92	1972.800
122	1972.800
232	1972.800
372	1972.800
532	1972.800
552	1972.800
612	1972.800
752	1972.900
152	1973.000
282	1973.000
42	1973.100
452	1973.100
712	1973.100
652	1973.200
182	1973.300
602	1973.600
292	1974.000
782	1974.000
672	1974.200
722	1974.600
272	1975.300
302	1975.300
52	1975.400
252	1976.000
742	1976.000
242	1976.200
582	1976.200
442	1976.500
142	1976.600
162	1976.600
542	1976.600
572	1976.600
392	1976.700
562	1976.700
12	1976.800
432	1976.900
22	1977.000
312	1977.100
2	1977.200
492	1977.300
682	1977.400
192	1977.600
362	1977.600
462	1977.600
172	1977.700
222	1977.700
632	1977.700
642	1977.700
502	1977.800
662	1977.800
82	1977.900
332	1977.900
32	1978.000
62	1978.000
112	1978.000
342	1978.000
412	1978.000
732	1978.000
72	1978.100
262	1978.100
482	1978.100
692	1978.100
772	1978.100
792	1978.100
102	1978.200
212	1978.200
322	1978.200
422	1978.200
522	1978.200
132	1978.300
352	1978.300
512	1978.300
622	1978.300
202	1978.400
382	1978.400
472	1978.400
702	1978.400
762	1978.400
592	1978.500
92	1978.600
122	1978.600
232	1978.600
402	1978.600
532	1978.600
552	1978.600
612	1978.600
372	1978.700
752	1978.700
282	1978.800
152	1978.900
452	1978.900
712	1978.900
42	1979.000
652	1979.000
182	1979.100
602	1979.300
292	1979.800
782	1979.800
672	1979.900
722	1980.300
272	1981.000
302	1981.100
52	1981.200
252	1981.800
742	1981.800
242	1982.000
582	1982.000
442	1982.300
162	1982.400
12	1982.500
142	1982.500
542	1982.500
562	1982.500
572	1982.500
392	1982.600
432	1982.700
22	1982.800
312	1982.800
2	1982.900
492	1983.100
682	1983.200
192	1983.400
362	1983.400
172	1983.500
222	1983.500
462	1983.500
632	1983.500
642	1983.500
502	1983.600
662	1983.600
32	1983.700
82	1983.700
332	1983.700
732	1983.700
62	1983.800
112	1983.800
342	1983.800
412	1983.800
482	1983.800
72	1983.900
102	1983.900
262	1983.900
692	1983.900
772	1983.900
792	1983.900
322	1984.000
422	1984.000
522	1984.000
212	1984.100
352	1984.100
622	1984.100
132	1984.200
202	1984.200
382	1984.200
472	1984.200
512	1984.200
592	1984.200
702	1984.200
762	1984.200
92	1984.400
122	1984.400
232	1984.400
402	1984.400
532	1984.400
552	1984.400
612	1984.400
282	1984.500
372	1984.500
752	1984.500
712	1984.600
452	1984.700
42	1984.800
152	1984.800
182	1984.800
652	1984.800
602	1985.000
292	1985.500
782	1985.500
672	1985.600
722	1986.100
272	1986.700
302	1986.900
52	1987.000
252	1987.500
742	1987.600
242	1987.800
582	1987.800
442	1988.100
12	1988.200
162	1988.200
562	1988.200
142	1988.300
542	1988.300
392	1988.400
572	1988.400
22	1988.500
432	1988.500
2	1988.600
312	1988.600
492	1989.000
682	1989.000
172	1989.200
192	1989.200
362	1989.200
222	1989.300
462	1989.300
632	1989.300
642	1989.300
502	1989.400
662	1989.400
732	1989.400
32	1989.500
82	1989.500
112	1989.500
332	1989.500
62	1989.600
72	1989.600
342	1989.600
412	1989.600
482	1989.600
102	1989.700
262	1989.700
692	1989.700
772	1989.700
792	1989.700
322	1989.800
522	1989.800
212	1989.900
352	1989.900
422	1989.900
622	1989.900
202	1990.000
382	1990.000
472	1990.000
512	1990.000
592	1990.000
762	1990.000
132	1990.100
702	1990.100
92	1990.200
122	1990.200
232	1990.200
402	1990.200
532	1990.200
552	1990.200
612	1990.200
282	1990.300
372	1990.300
752	1990.300
712	1990.400
182	1990.500
452	1990.500
42	1990.600
152	1990.600
652	1990.600
602	1990.700
292	1991.200
782	1991.200
672	1991.300
722	1991.800
272	1992.400
302	1992.600
52	1992.800
252	1993.200
742	1993.400
242	1993.600
582	1993.600
12	1993.900
442	1993.900
562	1993.900
162	1994.000
142	1994.100
22	1994.200
392	1994.200
542	1994.200
572	1994.200
2	1994.300
432	1994.300
312	1994.400
492	1994.800
172	1994.900
682	1994.900
192	1995.000
362	1995.000
462	1995.100
642	1995.100
732	1995.100
112	1995.200
222	1995.200
632	1995.200
662	1995.200
32	1995.300
82	1995.300
332	1995.300
482	1995.300
502	1995.300
62	1995.400
72	1995.400
342	1995.400
412	1995.400
102	1995.500
262	1995.500
692	1995.500
772	1995.500
792	1995.500
322	1995.600
522	1995.600
212	1995.700
352	1995.700
422	1995.700
622	1995.700
202	1995.800
382	1995.800
472	1995.800
512	1995.800
592	1995.800
762	1995.800
702	1995.900
92	1996.000
122	1996.000
132	1996.000
232	1996.000
402	1996.000
532	1996.000
552	1996.000
612	1996.000
282	1996.100
372	1996.100
452	1996.200
712	1996.200
752	1996.200
182	1996.300
42	1996.400
652	1996.400
152	1996.500
602	1996.500
292	1996.900
782	1996.900
672	1997.000
722	1997.500
272	1998.100
302	1998.300
52	1998.600
252	1998.900
742	1999.200
242	1999.300
582	1999.300
12	1999.600
562	1999.600
442	1999.700
162	1999.800
22	1999.900
142	1999.900
2	2000.000
392	2000.000
572	2000.000
