# NEST version: UNKNOWN
# RecordingBackendASCII version: 2
sender	time_ms
179	0.100
689	0.300
619	1.100
759	4.700
19	8.800
739	103.000
349	264.700
199	279.300
769	286.500
619	390.600
149	423.400
399	480.300
589	494.800
409	501.200
9	502.400
739	507.000
299	515.700
789	575.800
429	1038.700
79	1040.800
269	1046.100
39	1049.800
719	1051.600
749	1051.800
349	1057.400
539	1057.400
469	1059.300
169	1060.100
149	1066.400
159	1069.200
419	1070.700
639	1077.400
709	1085.400
389	1484.700
649	1563.200
699	1563.300
259	1563.400
79	1563.500
209	1564.200
689	1564.200
799	1564.400
789	1564.500
169	1565.000
769	1565.000
759	1565.300
359	1565.400
249	1565.500
389	1565.600
479	1565.700
539	1565.700
509	1565.900
669	1565.900
569	1566.000
319	1566.100
589	1566.100
729	1566.200
19	1566.300
379	1566.400
609	1566.500
429	1566.600
459	1566.600
639	1566.800
49	1566.900
749	1567.100
529	1567.200
179	1567.300
439	1567.300
269	1567.400
329	1567.600
449	1567.600
399	1567.700
139	1567.800
299	1567.900
579	1567.900
99	1568.000
9	1568.200
149	1568.200
659	1568.200
349	1568.300
629	1568.400
89	1568.500
369	1568.500
779	1568.700
189	1568.800
239	1568.800
339	1568.800
119	1568.900
309	1568.900
599	1568.900
289	1569.000
109	1569.100
159	1569.100
199	1569.100
419	1569.100
679	1569.200
739	1569.200
279	1569.300
409	1569.400
489	1569.400
549	1569.400
719	1569.400
219	1569.500
59	1569.600
709	1569.600
29	1569.700
499	1569.800
469	1569.900
519	1569.900
559	1569.900
69	1570.000
229	1570.000
619	1570.000
129	1570.400
39	1571.400
259	1571.500
649	1571.600
699	1572.000
79	1572.600
799	1572.700
169	1572.800
689	1573.000
769	1573.200
209	1573.300
669	1573.900
249	1574.200
789	1574.200
19	1574.300
389	1574.300
569	1574.300
539	1574.400
509	1574.500
359	1574.600
479	1574.600
759	1574.700
609	1574.800
459	1575.100
379	1575.300
589	1575.300
639	1575.400
49	1575.700
319	1575.700
439	1575.800
749	1575.800
269	1576.200
449	1576.200
399	1576.300
729	1576.300
179	1576.600
579	1576.600
329	1576.900
149	1577.000
139	1577.200
9	1577.300
99	1577.400
299	1577.700
349	1577.700
89	1577.800
239	1577.900
159	1578.000
529	1578.000
739	1578.000
109	1578.100
659	1578.100
59	1578.200
499	1578.200
119	1578.300
189	1578.300
429	1578.300
419	1578.400
339	1578.700
679	1578.800
309	1578.900
409	1578.900
489	1578.900
549	1578.900
199	1579.000
599	1579.000
719	1579.000
779	1579.000
229	1579.100
629	1579.100
29	1579.200
129	1579.200
219	1579.300
369	1579.400
279	1579.600
559	1579.600
69	1580.000
519	1580.000
289	1580.200
619	1580.300
259	1580.400
469	1580.400
699	1580.400
709	1580.700
649	1580.800
39	1581.100
169	1581.100
799	1581.600
689	1581.900
209	1582.000
249	1582.400
79	1582.600
669	1582.800
19	1582.900
789	1583.800
359	1583.900
389	1584.300
479	1584.300
379	1584.400
509	1584.400
639	1584.400
759	1584.400
569	1584.500
609	1584.800
459	1584.900
399	1585.200
539	1585.200
769	1585.500
589	1585.700
749	1585.800
449	1586.100
49	1586.300
149	1586.300
269	1586.600
729	1586.800
439	1587.000
739	1587.000
239	1587.100
329	1587.300
139	1587.600
319	1587.800
159	1587.900
9	1588.000
579	1588.000
99	1588.100
299	1588.100
179	1588.400
499	1588.600
529	1588.800
349	1588.900
429	1589.100
719	1589.100
109	1589.200
309	1589.200
659	1589.800
119	1589.900
129	1589.900
229	1589.900
409	1590.200
419	1590.200
29	1590.300
69	1590.300
219	1590.300
649	1590.300
89	1590.400
169	1590.400
339	1590.400
259	1590.500
679	1590.500
59	1590.700
489	1590.900
629	1590.900
519	1591.000
189	1591.100
369	1591.100
279	1591.200
599	1591.300
549	1591.500
699	1591.900
619	1592.000
209	1592.100
249	1592.300
559	1592.300
669	1592.400
779	1592.400
199	1592.600
709	1592.700
689	1592.900
79	1593.600
289	1593.800
359	1594.000
39	1594.300
569	1594.300
789	1594.300
509	1594.400
609	1594.400
389	1594.800
379	1594.900
759	1595.000
589	1595.500
799	1595.500
149	1595.700
639	1595.800
19	1595.900
469	1595.900
769	1596.200
459	1596.300
539	1596.300
479	1596.800
329	1596.900
449	1596.900
729	1596.900
239	1597.400
739	1597.500
439	1597.600
49	1597.700
139	1597.800
749	1597.900
269	1598.300
99	1598.400
499	1598.800
719	1599.100
399	1599.300
429	1599.500
9	1599.600
159	1599.700
299	1599.700
179	1599.800
579	1599.800
319	1600.100
409	1600.300
659	1600.300
679	1600.600
349	1600.700
169	1600.800
339	1600.900
59	1601.300
109	1601.400
649	1601.400
419	1601.600
219	1601.800
599	1601.900
69	1602.000
89	1602.000
529	1602.000
209	1602.100
29	1602.300
129	1602.300
259	1602.300
189	1602.400
549	1602.500
119	1602.600
229	1602.600
489	1602.700
279	1602.800
309	1603.000
629	1603.000
199	1603.200
249	1603.300
559	1603.300
369	1603.400
689	1603.600
569	1603.900
609	1603.900
289	1604.200
669	1604.200
79	1604.300
709	1604.400
359	1604.600
509	1604.600
779	1604.700
589	1604.800
389	1604.900
759	1604.900
699	1605.000
539	1605.200
639	1605.200
39	1605.800
519	1605.800
469	1606.000
799	1606.000
149	1606.200
379	1606.200
329	1606.400
619	1606.500
789	1606.500
139	1606.700
459	1606.700
439	1606.800
49	1606.900
729	1607.000
19	1607.100
739	1607.100
449	1607.600
769	1608.000
239	1608.100
499	1608.100
99	1608.300
269	1608.500
749	1608.600
719	1609.000
429	1609.200
479	1609.200
9	1609.300
399	1609.300
579	1609.500
59	1610.300
159	1610.600
339	1610.700
299	1610.800
409	1610.900
349	1611.400
649	1611.700
189	1611.800
109	1611.900
659	1612.100
29	1612.200
169	1612.700
199	1612.800
179	1613.000
119	1613.100
219	1613.300
559	1613.400
679	1613.400
599	1613.600
229	1613.700
419	1613.900
69	1614.100
569	1614.500
629	1614.500
129	1614.600
509	1614.600
539	1614.600
319	1614.700
589	1614.700
279	1615.100
309	1615.100
89	1615.200
489	1615.200
209	1615.400
289	1615.400
529	1615.400
259	1615.500
359	1615.700
369	1615.800
79	1615.900
549	1616.000
249	1616.200
779	1616.300
39	1616.400
639	1616.400
459	1616.600
669	1616.600
609	1616.700
689	1616.700
709	1616.800
759	1616.800
389	1616.900
379	1617.000
519	1617.100
49	1617.400
469	1617.500
739	1617.500
329	1617.900
19	1618.000
449	1618.000
99	1618.100
619	1618.200
699	1618.300
439	1618.500
499	1618.500
149	1618.600
719	1618.700
9	1618.900
769	1618.900
789	1619.100
799	1619.100
399	1619.400
239	1619.700
269	1619.700
729	1619.700
139	1619.800
579	1619.800
479	1620.500
749	1620.500
159	1620.700
429	1621.200
59	1621.300
29	1621.400
649	1621.500
349	1621.700
409	1621.800
189	1621.900
299	1621.900
559	1622.400
119	1622.500
169	1622.800
219	1622.900
339	1622.900
659	1622.900
109	1623.100
599	1623.100
199	1623.400
539	1623.600
179	1623.800
589	1623.900
419	1624.000
509	1624.000
679	1624.300
69	1624.700
259	1624.800
569	1624.800
89	1624.900
549	1625.000
319	1625.100
359	1625.300
629	1625.300
129	1625.400
249	1625.700
309	1625.900
459	1625.900
489	1625.900
209	1626.000
529	1626.100
279	1626.400
639	1626.500
229	1626.600
379	1626.600
609	1626.600
79	1626.700
49	1626.900
519	1626.900
389	1627.000
449	1627.100
669	1627.100
709	1627.100
759	1627.100
779	1627.100
289	1627.300
469	1627.500
99	1627.900
9	1628.000
619	1628.000
739	1628.000
39	1628.200
329	1628.200
19	1628.300
399	1628.400
689	1628.400
149	1628.700
769	1628.800
789	1628.800
799	1629.100
499	1629.200
159	1629.300
719	1629.300
729	1629.300
699	1629.500
579	1629.700
439	1629.800
369	1629.900
29	1630.300
479	1630.600
349	1630.700
649	1630.700
749	1630.700
139	1630.800
59	1630.900
299	1630.900
239	1631.200
119	1631.400
189	1631.600
429	1631.600
409	1631.700
269	1631.900
219	1632.100
539	1632.400
169	1632.500
109	1632.600
509	1632.700
419	1632.900
659	1632.900
679	1632.900
259	1633.000
559	1633.100
549	1633.300
599	1633.500
339	1633.600
179	1633.700
69	1634.100
589	1634.200
89	1634.300
319	1634.300
359	1634.400
459	1634.500
199	1634.600
249	1634.900
569	1634.900
609	1634.900
489	1635.100
529	1635.200
309	1635.300
379	1635.300
629	1635.300
449	1635.400
229	1635.500
209	1635.600
279	1635.600
639	1635.700
49	1635.800
129	1635.800
519	1635.800
669	1635.900
79	1636.400
289	1636.700
9	1636.800
399	1636.800
389	1636.900
619	1637.000
469	1637.100
779	1637.100
149	1637.200
759	1637.200
789	1637.200
709	1637.500
39	1637.800
99	1637.800
329	1637.800
769	1637.800
579	1638.000
689	1638.000
729	1638.000
719	1638.100
739	1638.100
799	1638.200
699	1638.300
369	1638.400
439	1638.500
649	1638.500
19	1638.700
159	1638.700
499	1638.900
299	1639.200
139	1639.300
349	1639.300
119	1639.500
239	1639.600
479	1639.600
29	1639.700
59	1639.900
409	1640.200
749	1640.400
189	1640.600
429	1640.600
169	1641.000
269	1641.000
509	1641.000
539	1641.000
219	1641.300
659	1641.500
679	1641.600
109	1641.700
259	1641.700
419	1641.700
549	1641.700
559	1642.000
339	1642.100
599	1642.500
179	1642.700
589	1642.800
609	1642.800
319	1643.100
69	1643.300
249	1643.300
229	1643.500
309	1643.500
379	1643.500
89	1643.600
449	1643.600
459	1643.600
199	1643.700
359	1643.700
489	1643.700
569	1643.900
669	1644.000
129	1644.100
529	1644.300
279	1644.600
629	1644.600
49	1644.700
209	1644.700
639	1645.000
9	1645.200
519	1645.200
389	1645.300
469	1645.300
789	1645.400
79	1645.500
399	1645.500
149	1645.600
709	1645.700
289	1646.000
329	1646.100
759	1646.100
649	1646.300
779	1646.400
619	1646.500
99	1646.600
439	1646.600
729	1646.600
769	1646.600
19	1646.700
579	1646.700
719	1646.700
689	1646.800
39	1646.900
739	1646.900
799	1647.000
299	1647.100
159	1647.200
369	1647.200
699	1647.400
139	1647.500
239	1648.000
349	1648.200
499	1648.200
29	1648.300
119	1648.300
409	1648.300
429	1648.300
59	1648.400
749	1648.400
269	1648.700
189	1648.900
169	1649.000
479	1649.200
659	1649.300
419	1649.600
679	1649.600
509	1649.900
539	1649.900
549	1649.900
599	1649.900
219	1650.100
559	1650.400
109	1650.500
589	1650.600
609	1651.000
259	1651.200
309	1651.400
339	1651.400
449	1651.400
229	1651.500
249	1651.500
379	1651.500
459	1651.600
179	1651.700
319	1651.700
359	1651.700
199	1651.800
489	1651.800
669	1651.800
69	1651.900
89	1652.000
529	1652.200
129	1652.400
49	1652.500
569	1652.500
629	1652.500
789	1652.700
209	1652.800
519	1652.800
9	1653.000
639	1653.100
709	1653.300
149	1653.400
279	1653.400
389	1653.500
469	1653.600
79	1653.800
399	1653.800
759	1653.800
649	1654.200
289	1654.300
619	1654.400
19	1654.500
439	1654.500
579	1654.500
779	1654.500
99	1654.600
729	1654.700
769	1654.700
329	1654.800
689	1654.800
39	1654.900
799	1654.900
139	1655.000
299	1655.000
739	1655.200
719	1655.400
29	1655.500
159	1655.600
699	1655.600
749	1655.700
369	1655.800
239	1655.900
429	1655.900
499	1656.000
119	1656.200
269	1656.300
349	1656.300
169	1656.500
409	1656.500
189	1656.900
59	1657.000
479	1657.100
659	1657.300
599	1657.500
679	1657.500
549	1657.600
539	1657.700
509	1657.800
219	1657.900
419	1657.900
589	1658.000
559	1658.200
109	1658.300
609	1658.900
459	1659.000
449	1659.300
259	1659.400
359	1659.500
379	1659.600
489	1659.600
179	1659.700
229	1659.700
669	1659.700
89	1659.800
199	1659.800
249	1659.800
309	1659.800
339	1659.800
49	1659.900
69	1659.900
529	1660.000
519	1660.300
639	1660.300
129	1660.500
9	1660.600
319	1660.600
789	1660.600
209	1660.700
569	1660.900
629	1660.900
709	1661.000
149	1661.200
469	1661.300
389	1661.400
399	1661.500
759	1661.500
79	1661.600
19	1661.900
279	1661.900
289	1661.900
439	1662.000
579	1662.000
649	1662.000
799	1662.100
139	1662.200
769	1662.300
99	1662.500
329	1662.500
619	1662.500
729	1662.500
779	1662.500
689	1662.700
299	1662.800
39	1662.900
719	1662.900
29	1663.100
159	1663.200
349	1663.400
369	1663.400
239	1663.500
429	1663.500
499	1663.500
739	1663.600
119	1663.700
169	1663.800
749	1663.800
409	1663.900
699	1664.000
269	1664.100
189	1664.500
479	1664.700
59	1664.800
599	1664.900
659	1665.000
539	1665.100
509	1665.200
589	1665.200
549	1665.300
679	1665.300
419	1665.500
559	1665.600
219	1665.700
109	1665.900
459	1666.400
609	1666.400
259	1666.600
179	1666.900
359	1666.900
379	1667.100
489	1667.100
49	1667.200
89	1667.400
229	1667.400
309	1667.400
339	1667.500
529	1667.500
669	1667.700
449	1667.800
519	1667.800
249	1667.900
639	1667.900
9	1668.000
69	1668.000
209	1668.100
199	1668.200
129	1668.300
629	1668.300
149	1668.400
709	1668.400
319	1668.500
469	1668.500
789	1668.500
389	1668.600
759	1668.900
19	1669.100
569	1669.100
289	1669.200
439	1669.200
579	1669.300
139	1669.400
399	1669.400
649	1669.400
279	1669.700
769	1669.700
79	1669.900
329	1669.900
779	1670.000
619	1670.100
729	1670.100
799	1670.100
99	1670.200
299	1670.200
689	1670.200
719	1670.200
39	1670.300
29	1670.500
159	1670.500
349	1670.700
239	1670.800
369	1670.800
169	1671.000
499	1671.000
409	1671.100
739	1671.200
749	1671.200
119	1671.300
429	1671.300
699	1671.300
269	1671.400
599	1671.900
189	1672.000
59	1672.100
479	1672.200
539	1672.300
549	1672.500
659	1672.500
419	1672.600
509	1672.600
589	1672.600
559	1672.700
109	1673.000
679	1673.200
219	1673.400
459	1673.700
609	1673.700
259	1673.900
179	1674.000
379	1674.200
49	1674.300
359	1674.300
489	1674.300
89	1674.800
229	1674.800
309	1674.800
339	1674.800
529	1674.800
249	1674.900
669	1674.900
519	1675.300
9	1675.400
199	1675.400
319	1675.400
639	1675.400
69	1675.500
149	1675.500
449	1675.500
629	1675.500
129	1675.700
469	1675.700
209	1675.800
789	1675.800
759	1675.900
19	1676.000
389	1676.200
569	1676.200
399	1676.300
709	1676.300
139	1676.400
439	1676.600
649	1676.600
289	1676.800
579	1676.900
779	1676.900
619	1677.100
99	1677.200
279	1677.200
799	1677.200
299	1677.300
329	1677.300
729	1677.300
719	1677.400
79	1677.500
769	1677.500
689	1677.600
29	1677.700
159	1677.700
349	1677.700
39	1677.800
369	1677.800
239	1678.200
409	1678.200
169	1678.300
699	1678.300
739	1678.400
429	1678.500
499	1678.500
749	1678.500
269	1678.700
119	1678.900
599	1679.000
59	1679.200
189	1679.200
479	1679.300
549	1679.300
539	1679.400
419	1679.500
509	1680.000
659	1680.000
559	1680.200
589	1680.200
109	1680.300
679	1680.300
219	1680.400
609	1680.700
459	1680.800
179	1681.100
259	1681.100
379	1681.300
49	1681.500
489	1681.600
359	1681.800
89	1681.900
249	1681.900
309	1681.900
339	1681.900
529	1682.100
229	1682.200
669	1682.200
199	1682.300
519	1682.500
9	1682.600
69	1682.600
149	1682.600
319	1682.600
449	1682.600
469	1682.800
759	1682.900
789	1683.000
209	1683.100
629	1683.100
639	1683.100
129	1683.200
399	1683.300
19	1683.400
569	1683.400
389	1683.500
139	1683.600
649	1683.600
709	1683.800
439	1683.900
289	1684.000
779	1684.000
799	1684.100
329	1684.300
619	1684.300
99	1684.400
579	1684.400
719	1684.400
729	1684.500
159	1684.700
279	1684.700
349	1684.800
689	1684.800
769	1684.800
29	1684.900
39	1684.900
299	1684.900
79	1685.000
369	1685.200
409	1685.300
699	1685.300
739	1685.400
169	1685.500
239	1685.500
429	1685.700
599	1686.000
749	1686.000
119	1686.100
499	1686.200
59	1686.300
269	1686.300
549	1686.300
189	1686.400
479	1686.400
539	1686.600
419	1686.900
659	1687.000
219	1687.300
509	1687.300
589	1687.400
679	1687.400
109	1687.500
559	1687.700
609	1687.700
459	1688.000
179	1688.300
259	1688.500
379	1688.500
49	1688.600
489	1688.700
249	1688.800
89	1689.000
339	1689.000
529	1689.200
229	1689.300
359	1689.400
69	1689.500
199	1689.600
449	1689.600
309	1689.700
319	1689.700
669	1689.700
9	1689.800
149	1689.800
519	1689.800
469	1689.900
759	1690.100
789	1690.100
639	1690.300
399	1690.400
569	1690.400
629	1690.400
649	1690.400
209	1690.500
19	1690.600
129	1690.600
139	1690.700
389	1690.800
709	1691.000
289	1691.100
779	1691.100
799	1691.100
329	1691.300
619	1691.300
719	1691.300
439	1691.400
729	1691.400
99	1691.500
579	1691.700
689	1691.800
769	1691.800
29	1691.900
159	1691.900
349	1691.900
39	1692.000
79	1692.000
279	1692.000
299	1692.000
369	1692.300
699	1692.300
739	1692.300
409	1692.400
429	1692.700
239	1692.900
549	1692.900
599	1692.900
169	1693.000
499	1693.200
119	1693.400
59	1693.600
189	1693.600
749	1693.600
539	1693.800
269	1693.900
479	1693.900
219	1694.000
419	1694.200
509	1694.300
659	1694.300
589	1694.500
109	1694.600
679	1694.600
559	1694.700
459	1694.900
609	1695.200
179	1695.500
259	1695.600
489	1695.600
49	1695.800
379	1695.800
249	1696.000
339	1696.100
89	1696.200
529	1696.200
69	1696.300
229	1696.300
199	1696.400
319	1696.500
359	1696.500
449	1696.500
9	1696.800
469	1696.800
519	1696.800
149	1696.900
309	1697.100
669	1697.100
629	1697.200
569	1697.300
649	1697.300
789	1697.300
639	1697.400
759	1697.400
399	1697.500
139	1697.600
799	1697.600
129	1697.700
209	1697.700
389	1698.000
619	1698.000
709	1698.000
19	1698.100
719	1698.100
329	1698.200
289	1698.300
439	1698.400
779	1698.400
729	1698.500
79	1698.700
579	1698.700
689	1698.700
29	1698.900
99	1698.900
349	1698.900
769	1698.900
159	1699.000
39	1699.100
299	1699.200
739	1699.200
279	1699.300
369	1699.300
409	1699.300
699	1699.500
429	1699.600
549	1699.700
599	1700.000
169	1700.100
119	1700.200
499	1700.300
239	1700.400
189	1700.600
749	1700.700
59	1700.800
219	1700.800
539	1700.800
419	1701.100
479	1701.100
269	1701.300
659	1701.300
509	1701.500
109	1701.600
559	1701.600
589	1701.600
679	1701.900
459	1702.000
609	1702.000
179	1702.500
379	1702.600
489	1702.600
259	1702.900
49	1703.100
89	1703.200
69	1703.300
199	1703.300
249	1703.300
319	1703.300
339	1703.300
529	1703.300
229	1703.400
449	1703.600
359	1703.700
149	1703.800
519	1703.800
9	1703.900
469	1704.000
629	1704.000
789	1704.000
309	1704.200
649	1704.200
569	1704.300
799	1704.400
139	1704.500
129	1704.600
669	1704.700
209	1704.800
399	1704.800
709	1704.800
759	1704.800
329	1705.000
389	1705.000
639	1705.000
439	1705.200
619	1705.200
289	1705.300
779	1705.300
19	1705.400
719	1705.400
689	1705.500
79	1705.700
579	1705.800
729	1705.800
369	1706.000
29	1706.100
99	1706.200
159	1706.200
299	1706.200
349	1706.200
739	1706.200
769	1706.200
409	1706.300
429	1706.400
549	1706.400
699	1706.400
39	1706.600
279	1706.600
599	1706.800
169	1707.200
499	1707.300
749	1707.400
119	1707.500
59	1707.700
239	1707.700
539	1707.700
219	1707.800
189	1707.900
269	1708.100
419	1708.100
479	1708.100
659	1708.100
559	1708.400
509	1708.500
109	1708.700
589	1708.700
609	1708.700
459	1709.000
379	1709.200
679	1709.200
489	1709.300
179	1709.400
319	1709.900
69	1710.100
89	1710.100
249	1710.200
339	1710.200
49	1710.300
259	1710.300
529	1710.300
199	1710.400
229	1710.500
789	1710.500
149	1710.600
359	1710.600
449	1710.700
519	1710.700
9	1711.000
469	1711.000
629	1711.000
309	1711.100
139	1711.300
569	1711.300
649	1711.300
799	1711.300
129	1711.400
709	1711.400
329	1711.700
209	1711.800
389	1711.800
669	1711.800
619	1711.900
439	1712.000
759	1712.000
399	1712.100
639	1712.100
289	1712.200
779	1712.200
19	1712.300
579	1712.500
689	1712.600
719	1712.600
79	1712.800
299	1712.800
369	1712.800
729	1712.900
99	1713.000
699	1713.100
769	1713.100
29	1713.200
349	1713.300
409	1713.300
549	1713.300
739	1713.300
429	1713.500
159	1713.800
279	1713.800
39	1714.000
169	1714.000
499	1714.100
599	1714.100
749	1714.400
59	1714.500
119	1714.500
239	1714.700
269	1714.800
479	1714.800
539	1714.800
659	1714.800
189	1714.900
219	1714.900
419	1715.000
559	1715.300
609	1715.300
509	1715.500
589	1715.600
109	1715.700
459	1715.700
179	1716.200
379	1716.200
489	1716.200
679	1716.400
319	1716.700
69	1716.900
339	1716.900
249	1717.000
49	1717.100
259	1717.100
529	1717.100
89	1717.300
199	1717.300
229	1717.300
359	1717.400
789	1717.400
149	1717.500
519	1717.500
449	1717.700
629	1717.700
469	1717.900
9	1718.000
569	1718.100
139	1718.300
799	1718.300
129	1718.400
309	1718.400
709	1718.400
329	1718.500
649	1718.500
389	1718.600
669	1718.700
439	1718.800
619	1718.800
209	1718.900
759	1718.900
639	1719.000
19	1719.100
779	1719.100
579	1719.200
289	1719.300
399	1719.300
299	1719.600
369	1719.600
689	1719.600
719	1719.600
79	1719.700
99	1719.700
729	1720.000
29	1720.100
349	1720.100
549	1720.100
699	1720.200
769	1720.200
409	1720.400
739	1720.400
429	1720.600
159	1720.700
169	1720.800
39	1720.900
279	1721.000
499	1721.100
599	1721.100
749	1721.300
479	1721.400
59	1721.600
119	1721.600
239	1721.600
269	1721.600
659	1721.600
189	1721.800
219	1721.900
539	1721.900
419	1722.100
559	1722.100
609	1722.100
589	1722.200
509	1722.300
459	1722.400
109	1722.500
179	1722.900
379	1723.000
489	1723.000
319	1723.400
69	1723.500
679	1723.500
49	1723.700
249	1723.700
259	1723.800
339	1723.800
229	1724.100
789	1724.100
199	1724.200
359	1724.200
89	1724.300
149	1724.300
449	1724.300
529	1724.300
519	1724.400
629	1724.600
9	1724.800
569	1724.800
469	1724.900
799	1724.900
139	1725.000
129	1725.100
329	1725.300
709	1725.300
389	1725.500
309	1725.600
439	1725.600
639	1725.600
649	1725.600
759	1725.700
779	1725.700
619	1725.800
669	1725.800
19	1725.900
209	1725.900
289	1726.000
399	1726.200
369	1726.300
579	1726.300
719	1726.400
99	1726.500
689	1726.500
79	1726.600
299	1726.600
349	1726.700
729	1726.800
29	1726.900
409	1727.200
549	1727.200
739	1727.200
769	1727.200
699	1727.300
169	1727.400
429	1727.400
39	1727.700
159	1727.700
499	1727.800
599	1727.800
279	1728.100
479	1728.100
119	1728.200
659	1728.300
749	1728.400
269	1728.500
59	1728.600
189	1728.600
219	1728.600
239	1728.700
539	1728.700
559	1728.800
609	1728.800
419	1728.900
589	1728.900
459	1729.000
509	1729.100
109	1729.300
179	1729.500
379	1729.500
489	1729.700
319	1730.100
679	1730.100
49	1730.300
69	1730.300
249	1730.500
259	1730.600
339	1730.600
89	1730.900
199	1730.900
789	1730.900
229	1731.000
359	1731.000
449	1731.000
519	1731.000
529	1731.000
149	1731.200
629	1731.300
9	1731.400
569	1731.500
139	1731.600
799	1731.600
469	1731.700
709	1732.000
329	1732.100
129	1732.200
389	1732.200
779	1732.200
639	1732.300
439	1732.400
19	1732.600
309	1732.600
649	1732.600
209	1732.700
669	1732.700
759	1732.700
289	1732.800
619	1732.800
399	1733.000
579	1733.100
719	1733.100
99	1733.200
369	1733.200
689	1733.300
79	1733.400
299	1733.400
349	1733.400
729	1733.500
29	1733.700
409	1733.900
739	1733.900
699	1734.100
169	1734.200
549	1734.200
769	1734.200
39	1734.300
159	1734.400
429	1734.400
599	1734.400
499	1734.600
279	1734.700
119	1734.800
479	1734.800
659	1735.000
749	1735.200
269	1735.300
559	1735.300
189	1735.400
219	1735.400
59	1735.500
239	1735.500
539	1735.500
589	1735.500
609	1735.500
459	1735.700
509	1735.800
109	1735.900
419	1736.000
379	1736.100
179	1736.300
489	1736.400
259	1736.900
319	1736.900
679	1736.900
49	1737.000
339	1737.000
69	1737.100
249	1737.300
359	1737.600
449	1737.600
529	1737.600
229	1737.700
519	1737.700
789	1737.700
199	1737.800
89	1737.900
629	1737.900
139	1738.100
149	1738.100
9	1738.200
469	1738.300
569	1738.300
799	1738.300
639	1738.600
709	1738.700
329	1738.900
389	1738.900
439	1739.100
779	1739.100
19	1739.300
129	1739.300
669	1739.300
649	1739.400
209	1739.500
309	1739.500
619	1739.500
759	1739.500
289	1739.600
399	1739.700
99	1739.800
719	1739.800
79	1739.900
299	1739.900
579	1739.900
349	1740.000
689	1740.000
729	1740.000
369	1740.100
29	1740.300
739	1740.600
409	1740.800
699	1740.800
549	1740.900
769	1740.900
159	1741.000
169	1741.000
599	1741.000
39	1741.100
119	1741.300
429	1741.300
499	1741.300
279	1741.500
479	1741.800
749	1741.800
539	1741.900
659	1741.900
219	1742.000
269	1742.000
609	1742.000
189	1742.100
559	1742.100
589	1742.100
239	1742.200
459	1742.200
59	1742.300
109	1742.400
509	1742.600
379	1742.800
179	1742.900
419	1742.900
489	1743.200
259	1743.400
319	1743.500
679	1743.500
49	1743.600
339	1743.600
69	1743.700
249	1743.800
529	1744.100
519	1744.200
359	1744.300
199	1744.400
229	1744.400
449	1744.400
789	1744.400
89	1744.500
149	1744.500
629	1744.500
139	1744.700
9	1744.800
569	1744.900
799	1744.900
469	1745.100
639	1745.200
389	1745.500
329	1745.600
709	1745.600
439	1745.800
19	1745.900
129	1745.900
779	1745.900
619	1746.000
669	1746.000
759	1746.000
399	1746.100
649	1746.100
209	1746.200
309	1746.200
289	1746.300
719	1746.400
99	1746.500
729	1746.500
79	1746.600
369	1746.600
299	1746.700
349	1746.700
579	1746.700
689	1746.700
29	1746.800
739	1747.200
549	1747.500
599	1747.500
699	1747.500
769	1747.500
169	1747.600
409	1747.600
159	1747.700
429	1747.900
499	1747.900
39	1748.000
119	1748.100
279	1748.300
539	1748.300
749	1748.400
269	1748.600
479	1748.600
609	1748.600
189	1748.700
219	1748.700
459	1748.700
589	1748.700
659	1748.700
109	1748.900
239	1748.900
59	1749.000
509	1749.300
379	1749.400
559	1749.400
179	1749.500
419	1749.500
319	1749.800
259	1750.000
489	1750.000
49	1750.100
679	1750.100
69	1750.200
249	1750.200
339	1750.200
529	1750.600
519	1750.900
229	1751.000
359	1751.000
789	1751.000
149	1751.100
199	1751.100
629	1751.100
89	1751.200
139	1751.200
449	1751.200
799	1751.300
569	1751.400
9	1751.500
469	1751.800
639	1751.900
389	1752.200
329	1752.300
709	1752.400
129	1752.500
399	1752.500
619	1752.500
759	1752.500
439	1752.600
19	1752.700
309	1752.700
649	1752.700
779	1752.700
209	1752.800
669	1752.800
719	1753.000
729	1753.000
99	1753.100
289	1753.100
79	1753.200
369	1753.200
579	1753.300
299	1753.400
349	1753.400
689	1753.400
29	1753.600
739	1753.800
549	1754.000
599	1754.000
169	1754.200
699	1754.200
769	1754.200
429	1754.400
159	1754.500
409	1754.500
39	1754.700
499	1754.700
539	1755.000
119	1755.100
749	1755.100
279	1755.200
189	1755.300
659	1755.300
219	1755.400
239	1755.400
269	1755.400
479	1755.400
589	1755.400
609	1755.400
109	1755.500
459	1755.500
59	1755.900
509	1755.900
559	1756.000
419	1756.100
179	1756.200
379	1756.200
319	1756.400
259	1756.500
69	1756.700
249	1756.700
489	1756.700
679	1756.700
49	1756.900
339	1757.000
529	1757.100
229	1757.400
149	1757.600
359	1757.600
519	1757.600
89	1757.700
139	1757.700
629	1757.700
789	1757.700
449	1757.800
569	1757.800
799	1757.800
9	1758.000
199	1758.000
469	1758.400
639	1758.800
389	1758.900
709	1759.000
759	1759.000
329	1759.100
399	1759.100
309	1759.200
649	1759.200
129	1759.300
619	1759.300
209	1759.400
669	1759.400
719	1759.500
729	1759.500
19	1759.600
289	1759.600
439	1759.600
99	1759.700
779	1759.700
79	1759.900
369	1759.900
349	1760.000
579	1760.100
299	1760.300
599	1760.500
689	1760.500
29	1760.600
549	1760.600
739	1760.700
169	1760.800
769	1760.900
429	1761.000
699	1761.000
159	1761.200
39	1761.300
409	1761.400
499	1761.600
279	1761.700
539	1761.700
749	1761.700
119	1761.800
589	1761.900
659	1761.900
189	1762.000
239	1762.000
269	1762.000
459	1762.000
479	1762.000
609	1762.100
219	1762.200
109	1762.300
59	1762.600
419	1762.600
559	1762.600
509	1762.700
379	1762.900
319	1763.000
69	1763.100
179	1763.100
249	1763.100
679	1763.300
49	1763.400
259	1763.400
339	1763.500
489	1763.500
529	1763.600
229	1763.800
519	1763.900
149	1764.000
139	1764.100
359	1764.100
629	1764.200
799	1764.200
89	1764.300
449	1764.300
569	1764.300
789	1764.300
9	1764.700
199	1764.800
469	1765.100
389	1765.400
639	1765.500
649	1765.600
709	1765.600
759	1765.600
309	1765.700
399	1765.800
619	1765.800
129	1765.900
329	1765.900
209	1766.000
669	1766.000
729	1766.000
719	1766.200
99	1766.300
289	1766.300
439	1766.400
779	1766.400
19	1766.500
79	1766.600
349	1766.600
369	1766.600
299	1766.900
579	1767.000
599	1767.100
549	1767.200
689	1767.300
29	1767.400
169	1767.400
739	1767.500
429	1767.600
39	1767.700
699	1767.700
769	1767.700
159	1767.900
409	1768.000
539	1768.200
589	1768.300
749	1768.300
279	1768.400
499	1768.400
659	1768.400
239	1768.600
459	1768.600
119	1768.700
189	1768.700
269	1768.700
219	1768.800
479	1768.800
609	1768.800
109	1769.000
559	1769.100
59	1769.200
379	1769.300
419	1769.300
249	1769.500
509	1769.500
69	1769.600
319	1769.600
179	1769.900
49	1770.000
339	1770.100
489	1770.100
529	1770.200
679	1770.200
259	1770.300
519	1770.300
229	1770.400
139	1770.500
359	1770.500
149	1770.600
799	1770.600
789	1770.700
569	1770.800
629	1770.800
89	1770.900
449	1770.900
9	1771.200
199	1771.400
469	1771.900
389	1772.000
649	1772.100
709	1772.200
759	1772.200
329	1772.300
639	1772.300
309	1772.400
129	1772.500
399	1772.500
619	1772.500
729	1772.600
209	1772.800
99	1772.900
669	1772.900
19	1773.000
289	1773.000
779	1773.000
719	1773.100
439	1773.200
79	1773.300
369	1773.300
349	1773.400
579	1773.500
299	1773.700
549	1773.700
599	1773.900
689	1773.900
169	1774.000
29	1774.300
409	1774.300
429	1774.300
39	1774.400
699	1774.400
739	1774.400
769	1774.400
159	1774.500
749	1774.700
499	1774.800
279	1774.900
539	1774.900
239	1775.000
589	1775.000
659	1775.000
119	1775.200
479	1775.200
459	1775.300
189	1775.400
609	1775.400
219	1775.500
269	1775.500
109	1775.600
379	1775.700
59	1775.800
559	1775.800
419	1775.900
69	1776.100
509	1776.100
319	1776.300
249	1776.400
179	1776.500
339	1776.500
49	1776.600
489	1776.600
229	1776.700
529	1776.800
519	1776.900
679	1776.900
139	1777.000
359	1777.000
789	1777.100
799	1777.100
259	1777.200
569	1777.200
149	1777.300
89	1777.600
449	1777.600
629	1777.800
9	1777.900
199	1778.000
469	1778.500
389	1778.600
649	1778.700
709	1778.700
759	1779.000
329	1779.100
639	1779.100
129	1779.200
399	1779.200
729	1779.200
309	1779.300
209	1779.400
619	1779.400
779	1779.500
99	1779.600
669	1779.600
19	1779.700
289	1779.800
439	1779.900
719	1779.900
579	1780.100
79	1780.200
369	1780.200
299	1780.400
349	1780.400
549	1780.400
599	1780.600
169	1780.700
689	1780.700
409	1780.800
39	1780.900
29	1781.000
159	1781.100
739	1781.100
769	1781.100
429	1781.200
499	1781.200
699	1781.300
749	1781.300
119	1781.500
279	1781.500
659	1781.500
589	1781.600
479	1781.700
539	1781.700
239	1781.800
609	1781.900
189	1782.000
459	1782.100
109	1782.200
269	1782.200
379	1782.200
59	1782.300
219	1782.300
559	1782.300
419	1782.500
69	1782.600
509	1782.800
319	1782.900
249	1783.000
179	1783.100
339	1783.100
229	1783.300
49	1783.400
489	1783.400
519	1783.400
529	1783.500
799	1783.500
139	1783.600
359	1783.600
679	1783.600
789	1783.700
259	1783.800
569	1783.900
149	1784.100
449	1784.300
89	1784.400
629	1784.600
9	1784.700
199	1784.700
469	1785.200
389	1785.300
649	1785.300
709	1785.500
329	1785.700
399	1785.700
639	1785.700
729	1785.700
129	1785.800
759	1785.800
209	1785.900
309	1786.100
779	1786.100
619	1786.200
19	1786.300
99	1786.300
669	1786.300
289	1786.500
719	1786.600
579	1786.700
439	1786.800
369	1787.000
79	1787.200
299	1787.200
349	1787.200
549	1787.200
39	1787.300
169	1787.400
409	1787.400
599	1787.400
29	1787.500
689	1787.500
159	1787.700
739	1787.800
499	1787.900
769	1787.900
429	1788.000
749	1788.000
119	1788.100
279	1788.100
659	1788.100
699	1788.100
479	1788.200
589	1788.200
609	1788.400
239	1788.500
189	1788.600
539	1788.600
459	1788.700
109	1788.800
379	1788.800
219	1788.900
269	1789.000
559	1789.000
59	1789.100
69	1789.100
419	1789.400
509	1789.400
339	1789.600
249	1789.700
319	1789.700
179	1789.800
489	1789.800
49	1789.900
799	1789.900
229	1790.000
529	1790.100
359	1790.200
259	1790.300
679	1790.300
789	1790.300
139	1790.400
519	1790.400
569	1790.500
149	1790.800
89	1790.900
629	1791.100
449	1791.200
199	1791.300
9	1791.400
469	1791.800
389	1792.000
649	1792.000
639	1792.200
129	1792.300
209	1792.300
399	1792.300
709	1792.300
329	1792.500
729	1792.500
759	1792.500
779	1792.600
309	1792.700
99	1792.800
619	1792.800
289	1792.900
19	1793.000
669	1793.100
719	1793.200
579	1793.400
439	1793.500
369	1793.700
39	1793.800
349	1793.900
29	1794.000
299	1794.000
599	1794.000
409	1794.100
549	1794.100
689	1794.100
79	1794.200
169	1794.200
159	1794.300
739	1794.300
769	1794.500
429	1794.600
499	1794.700
699	1794.700
749	1794.700
119	1794.800
279	1794.800
479	1794.800
659	1794.800
589	1794.900
189	1795.200
539	1795.200
609	1795.200
239	1795.300
459	1795.400
379	1795.500
219	1795.600
559	1795.600
59	1795.700
69	1795.700
109	1795.700
269	1795.800
509	1796.000
419	1796.100
249	1796.300
339	1796.300
489	1796.300
179	1796.400
799	1796.400
49	1796.500
319	1796.500
139	1796.800
229	1796.800
259	1796.800
359	1796.800
529	1796.900
679	1797.100
789	1797.100
519	1797.200
569	1797.200
89	1797.500
149	1797.500
629	1797.700
9	1797.900
449	1798.000
199	1798.100
389	1798.500
469	1798.600
209	1798.700
639	1798.800
129	1798.900
399	1798.900
649	1798.900
709	1798.900
309	1799.100
329	1799.100
729	1799.100
759	1799.200
779	1799.300
99	1799.400
619	1799.400
19	1799.600
289	1799.800
719	1799.800
669	1799.900
579	1800.100
439	1800.300
29	1800.400
369	1800.400
599	1800.400
39	1800.500
299	1800.600
159	1800.800
349	1800.800
79	1800.900
549	1800.900
689	1800.900
169	1801.000
409	1801.000
739	1801.100
769	1801.100
119	1801.300
429	1801.400
659	1801.400
479	1801.500
499	1801.500
699	1801.500
279	1801.600
589	1801.600
749	1801.700
539	1801.800
609	1801.900
189	1802.000
239	1802.000
69	1802.200
459	1802.200
219	1802.300
379	1802.300
559	1802.300
109	1802.400
59	1802.500
419	1802.700
269	1802.800
489	1802.800
509	1802.800
49	1802.900
179	1802.900
249	1802.900
799	1802.900
319	1803.000
139	1803.200
339	1803.200
259	1803.300
359	1803.400
229	1803.500
529	1803.700
679	1803.800
519	1803.900
789	1803.900
149	1804.100
569	1804.100
89	1804.200
629	1804.300
9	1804.600
449	1804.700
199	1804.800
389	1805.100
469	1805.200
209	1805.300
639	1805.400
709	1805.400
129	1805.500
399	1805.500
329	1805.600
649	1805.600
729	1805.600
309	1805.800
759	1805.900
779	1806.000
99	1806.100
619	1806.100
19	1806.500
289	1806.500
719	1806.500
579	1806.700
669	1806.800
29	1806.900
369	1806.900
599	1806.900
439	1807.200
39	1807.400
159	1807.400
299	1807.500
79	1807.700
169	1807.700
549	1807.700
739	1807.700
409	1807.800
689	1807.800
769	1807.800
119	1807.900
349	1807.900
429	1808.000
659	1808.100
479	1808.200
499	1808.300
279	1808.400
539	1808.500
589	1808.500
699	1808.500
749	1808.500
609	1808.600
189	1808.800
239	1808.800
69	1808.900
219	1808.900
459	1808.900
559	1809.000
109	1809.100
379	1809.100
59	1809.400
419	1809.400
509	1809.400
49	1809.500
249	1809.500
489	1809.500
139	1809.600
179	1809.600
269	1809.600
799	1809.600
319	1809.800
339	1809.800
259	1810.000
359	1810.000
229	1810.200
679	1810.400
529	1810.500
789	1810.600
519	1810.800
569	1810.800
149	1811.000
629	1811.000
89	1811.100
9	1811.200
449	1811.200
199	1811.400
389	1811.800
469	1811.900
639	1811.900
709	1811.900
399	1812.000
129	1812.100
329	1812.100
649	1812.200
209	1812.300
729	1812.300
309	1812.400
759	1812.400
619	1812.700
99	1812.800
779	1812.800
719	1813.100
289	1813.300
29	1813.400
669	1813.400
19	1813.500
369	1813.500
599	1813.500
579	1813.600
439	1814.000
159	1814.300
119	1814.400
169	1814.400
299	1814.400
739	1814.400
769	1814.500
39	1814.600
79	1814.600
349	1814.600
409	1814.600
429	1814.600
549	1814.600
689	1814.600
659	1814.900
479	1815.100
499	1815.100
279	1815.200
749	1815.200
539	1815.300
589	1815.400
239	1815.500
609	1815.500
699	1815.500
69	1815.700
219	1815.700
459	1815.700
189	1815.800
379	1815.900
509	1816.000
559	1816.000
59	1816.100
109	1816.100
139	1816.100
249	1816.100
419	1816.100
179	1816.200
49	1816.300
489	1816.300
799	1816.300
269	1816.400
319	1816.400
339	1816.400
259	1816.700
359	1816.700
229	1816.900
679	1817.200
789	1817.200
529	1817.300
519	1817.500
569	1817.500
9	1817.700
89	1817.700
149	1817.700
449	1817.700
629	1817.700
199	1818.100
389	1818.400
639	1818.400
399	1818.500
469	1818.500
329	1818.600
709	1818.600
129	1818.800
729	1818.800
649	1818.900
309	1819.000
759	1819.000
209	1819.100
619	1819.300
99	1819.500
779	1819.700
719	1819.800
289	1820.000
599	1820.000
669	1820.000
29	1820.100
19	1820.300
369	1820.300
579	1820.300
439	1820.900
119	1821.000
79	1821.100
169	1821.100
429	1821.100
739	1821.100
159	1821.200
299	1821.200
349	1821.300
689	1821.300
409	1821.400
549	1821.400
769	1821.400
39	1821.500
499	1821.900
749	1821.900
279	1822.000
609	1822.000
479	1822.100
539	1822.100
659	1822.100
239	1822.200
699	1822.300
219	1822.400
589	1822.400
69	1822.500
459	1822.600
509	1822.600
139	1822.700
189	1822.700
559	1822.700
59	1822.800
109	1822.800
179	1822.800
249	1822.800
379	1822.800
419	1822.800
799	1822.800
319	1823.000
339	1823.000
49	1823.100
269	1823.100
489	1823.100
359	1823.400
259	1823.700
529	1823.700
789	1823.700
679	1823.800
229	1824.000
569	1824.100
519	1824.200
9	1824.300
149	1824.300
89	1824.400
449	1824.400
629	1824.400
199	1824.500
389	1824.900
639	1825.000
709	1825.000
399	1825.100
469	1825.100
729	1825.300
129	1825.400
329	1825.400
309	1825.600
649	1825.600
759	1825.600
209	1825.800
619	1826.100
99	1826.300
599	1826.400
719	1826.400
289	1826.600
669	1826.700
779	1826.700
29	1826.800
19	1826.900
579	1827.100
369	1827.300
169	1827.500
439	1827.500
79	1827.800
429	1827.800
739	1827.800
119	1827.900
549	1827.900
689	1827.900
349	1828.000
409	1828.000
299	1828.100
39	1828.200
159	1828.200
769	1828.200
609	1828.600
499	1828.700
749	1828.700
239	1828.800
279	1828.800
699	1828.800
479	1828.900
539	1828.900
589	1829.100
219	1829.200
659	1829.200
459	1829.300
509	1829.300
59	1829.400
69	1829.400
249	1829.400
559	1829.400
189	1829.500
419	1829.500
799	1829.500
179	1829.600
109	1829.700
269	1829.700
319	1829.700
339	1829.700
379	1829.800
139	1829.900
49	1830.000
489	1830.000
529	1830.100
359	1830.300
789	1830.300
229	1830.500
679	1830.500
259	1830.600
149	1830.700
569	1830.700
9	1830.900
519	1830.900
199	1831.000
629	1831.000
449	1831.200
89	1831.300
389	1831.500
709	1831.500
639	1831.600
469	1831.700
729	1831.700
399	1831.800
329	1831.900
129	1832.100
309	1832.200
649	1832.300
759	1832.300
209	1832.400
619	1832.700
99	1833.000
599	1833.000
289	1833.100
719	1833.100
669	1833.500
19	1833.600
779	1833.600
29	1833.700
579	1833.800
439	1833.900
169	1834.000
369	1834.100
429	1834.200
79	1834.400
549	1834.500
119	1834.700
349	1834.700
409	1834.700
739	1834.700
689	1834.800
609	1834.900
39	1835.000
159	1835.000
299	1835.000
769	1835.200
749	1835.300
239	1835.400
279	1835.400
499	1835.600
699	1835.600
479	1835.700
539	1835.700
589	1835.800
59	1835.900
219	1835.900
249	1835.900
659	1835.900
459	1836.000
509	1836.100
559	1836.100
69	1836.300
179	1836.300
189	1836.300
269	1836.300
319	1836.300
419	1836.300
109	1836.400
799	1836.400
339	1836.500
379	1836.600
489	1836.600
139	1836.700
49	1836.800
529	1836.900
359	1837.000
789	1837.000
229	1837.200
569	1837.200
9	1837.300
149	1837.300
259	1837.500
679	1837.500
519	1837.600
199	1837.700
89	1837.900
629	1837.900
709	1838.000
449	1838.100
389	1838.200
729	1838.200
329	1838.300
469	1838.300
639	1838.300
399	1838.500
129	1838.600
759	1838.800
309	1839.000
649	1839.100
209	1839.200
599	1839.500
619	1839.500
99	1839.700
719	1839.800
289	1840.000
19	1840.100
669	1840.300
779	1840.300
439	1840.400
29	1840.600
169	1840.600
579	1840.600
429	1840.700
369	1840.900
79	1841.200
349	1841.200
409	1841.300
549	1841.300
119	1841.500
609	1841.600
39	1841.700
159	1841.700
299	1841.800
689	1841.800
739	1841.800
239	1842.000
279	1842.000
499	1842.100
749	1842.200
479	1842.300
769	1842.300
539	1842.500
699	1842.500
59	1842.600
249	1842.600
659	1842.600
559	1842.800
189	1842.900
219	1842.900
319	1842.900
459	1842.900
509	1842.900
589	1842.900
69	1843.000
269	1843.000
799	1843.100
109	1843.200
179	1843.200
419	1843.200
339	1843.400
379	1843.400
49	1843.500
489	1843.500
789	1843.600
139	1843.700
529	1843.700
569	1843.700
359	1843.800
229	1843.900
9	1844.000
149	1844.100
519	1844.300
89	1844.400
259	1844.400
679	1844.400
199	1844.600
709	1844.600
329	1844.800
389	1844.800
449	1844.800
729	1844.900
469	1845.000
629	1845.000
129	1845.100
399	1845.100
639	1845.100
759	1845.400
309	1845.500
649	1845.700
209	1846.000
99	1846.300
599	1846.300
719	1846.300
619	1846.700
19	1846.800
669	1846.900
289	1847.000
439	1847.000
779	1847.100
169	1847.300
29	1847.400
579	1847.400
429	1847.500
369	1847.600
349	1847.800
79	1847.900
609	1848.100
409	1848.200
549	1848.200
39	1848.500
119	1848.500
689	1848.600
159	1848.700
239	1848.700
279	1848.700
299	1848.700
479	1848.700
499	1848.800
739	1848.800
59	1849.100
749	1849.100
769	1849.100
539	1849.200
659	1849.300
249	1849.400
699	1849.400
269	1849.500
319	1849.500
589	1849.500
69	1849.600
219	1849.600
459	1849.600
559	1849.600
189	1849.700
509	1849.700
109	1850.100
799	1850.100
179	1850.200
339	1850.200
419	1850.200
379	1850.300
49	1850.400
569	1850.400
789	1850.400
489	1850.500
529	1850.500
139	1850.600
359	1850.600
229	1850.700
149	1850.800
9	1851.000
89	1851.000
679	1851.000
259	1851.100
519	1851.100
709	1851.200
389	1851.400
449	1851.400
129	1851.600
199	1851.600
629	1851.600
729	1851.600
329	1851.700
399	1851.700
469	1851.700
639	1851.800
309	1852.100
759	1852.100
649	1852.200
209	1852.600
719	1852.900
99	1853.100
599	1853.100
619	1853.300
19	1853.400
669	1853.500
439	1853.700
779	1853.900
169	1854.000
429	1854.100
29	1854.200
289	1854.200
579	1854.300
349	1854.400
369	1854.500
79	1854.800
609	1854.800
409	1855.000
239	1855.200
479	1855.200
549	1855.200
119	1855.300
689	1855.300
39	1855.400
159	1855.400
499	1855.500
739	1855.500
59	1855.700
279	1855.700
299	1855.700
769	1855.900
559	1856.100
659	1856.100
699	1856.100
249	1856.200
319	1856.200
539	1856.200
589	1856.200
749	1856.200
219	1856.300
269	1856.300
459	1856.300
189	1856.500
509	1856.500
69	1856.700
109	1856.700
419	1856.900
339	1857.000
789	1857.000
799	1857.000
49	1857.100
179	1857.100
379	1857.100
529	1857.100
489	1857.300
569	1857.300
149	1857.500
229	1857.500
139	1857.600
359	1857.600
9	1857.700
89	1857.700
259	1857.700
679	1857.700
389	1857.900
449	1857.900
519	1857.900
709	1857.900
129	1858.000
629	1858.100
729	1858.200
329	1858.300
639	1858.300
469	1858.500
199	1858.600
399	1858.600
309	1858.800
649	1858.800
759	1858.800
209	1859.300
719	1859.500
599	1859.700
19	1859.900
99	1859.900
619	1860.000
669	1860.100
169	1860.400
439	1860.600
779	1860.800
29	1860.900
349	1860.900
579	1861.000
289	1861.100
429	1861.100
369	1861.300
79	1861.500
609	1861.600
119	1861.800
479	1861.800
409	1862.000
689	1862.000
159	1862.100
499	1862.100
239	1862.200
549	1862.200
39	1862.300
769	1862.400
59	1862.500
739	1862.500
279	1862.600
559	1862.800
659	1862.800
299	1862.900
749	1862.900
589	1863.000
699	1863.000
249	1863.100
539	1863.100
189	1863.200
219	1863.200
319	1863.200
269	1863.300
509	1863.300
109	1863.400
459	1863.400
69	1863.600
339	1863.800
49	1863.900
419	1863.900
529	1863.900
789	1863.900
179	1864.000
379	1864.000
799	1864.000
489	1864.100
139	1864.200
569	1864.200
89	1864.300
149	1864.300
259	1864.300
359	1864.400
679	1864.400
9	1864.500
449	1864.500
129	1864.600
229	1864.600
709	1864.600
519	1864.700
629	1864.700
389	1864.800
729	1864.900
639	1865.000
329	1865.100
469	1865.200
399	1865.300
199	1865.400
649	1865.400
759	1865.400
309	1865.600
209	1865.900
719	1866.000
19	1866.400
599	1866.600
99	1866.700
619	1866.700
669	1866.700
169	1866.800
349	1867.400
439	1867.400
779	1867.500
29	1867.600
579	1867.700
289	1868.100
369	1868.100
429	1868.100
79	1868.200
119	1868.300
609	1868.400
479	1868.500
409	1869.000
499	1869.000
549	1869.000
39	1869.100
159	1869.100
239	1869.100
689	1869.100
279	1869.200
769	1869.200
59	1869.300
739	1869.500
539	1869.700
299	1869.800
559	1869.800
589	1869.800
269	1869.900
699	1869.900
749	1869.900
189	1870.000
249	1870.000
659	1870.000
219	1870.300
509	1870.300
69	1870.400
319	1870.400
459	1870.400
109	1870.500
339	1870.500
49	1870.600
179	1870.700
379	1870.700
419	1870.800
799	1870.800
89	1870.900
489	1870.900
529	1870.900
789	1870.900
149	1871.000
259	1871.000
569	1871.100
9	1871.200
139	1871.200
679	1871.200
129	1871.300
359	1871.300
449	1871.300
229	1871.400
709	1871.400
639	1871.500
469	1871.700
629	1871.700
389	1871.800
519	1871.800
729	1871.800
649	1871.900
329	1872.000
399	1872.000
759	1872.100
199	1872.200
309	1872.300
209	1872.400
719	1872.600
19	1873.000
669	1873.100
599	1873.200
99	1873.300
169	1873.400
619	1873.400
349	1874.000
779	1874.000
439	1874.200
579	1874.400
29	1874.700
119	1874.800
369	1874.800
429	1874.800
79	1875.100
289	1875.200
479	1875.300
609	1875.300
549	1875.800
689	1875.800
39	1875.900
499	1876.000
59	1876.100
239	1876.100
279	1876.100
769	1876.100
159	1876.200
409	1876.200
539	1876.200
739	1876.200
299	1876.500
699	1876.600
749	1876.600
189	1876.700
559	1876.800
589	1876.800
659	1876.800
249	1877.000
269	1877.000
219	1877.100
509	1877.100
49	1877.200
69	1877.200
109	1877.200
179	1877.200
339	1877.200
459	1877.200
379	1877.400
149	1877.600
319	1877.600
799	1877.600
89	1877.700
259	1877.700
419	1877.800
489	1877.800
569	1877.800
679	1877.800
9	1877.900
529	1877.900
449	1878.000
639	1878.000
789	1878.000
129	1878.100
139	1878.100
229	1878.100
359	1878.200
709	1878.200
469	1878.300
729	1878.300
389	1878.600
519	1878.600
629	1878.600
329	1878.700
649	1878.700
399	1878.800
759	1878.800
199	1878.900
309	1879.000
209	1879.100
719	1879.400
669	1879.500
19	1879.700
619	1879.800
99	1879.900
599	1879.900
169	1880.000
779	1880.500
349	1880.700
439	1880.900
369	1881.300
429	1881.300
29	1881.400
579	1881.500
119	1881.600
289	1881.900
79	1882.000
479	1882.200
609	1882.200
549	1882.500
39	1882.600
689	1882.600
499	1882.700
539	1882.900
59	1883.000
239	1883.000
409	1883.000
769	1883.000
159	1883.100
279	1883.100
739	1883.100
299	1883.200
699	1883.300
749	1883.300
189	1883.400
589	1883.700
659	1883.700
179	1883.800
219	1883.900
559	1883.900
49	1884.000
109	1884.000
379	1884.000
509	1884.000
269	1884.100
339	1884.100
459	1884.100
69	1884.200
249	1884.200
679	1884.200
799	1884.300
89	1884.400
319	1884.400
489	1884.500
569	1884.500
529	1884.600
9	1884.700
149	1884.700
259	1884.700
419	1884.700
639	1884.700
449	1884.800
469	1884.800
129	1884.900
139	1884.900
729	1884.900
709	1885.000
789	1885.000
229	1885.100
359	1885.100
519	1885.100
389	1885.400
399	1885.400
629	1885.500
649	1885.500
199	1885.600
329	1885.600
759	1885.600
309	1885.700
209	1886.000
669	1886.000
719	1886.000
619	1886.200
599	1886.300
19	1886.400
99	1886.500
169	1887.100
349	1887.300
779	1887.300
439	1887.600
369	1887.900
29	1888.000
429	1888.100
579	1888.200
119	1888.400
289	1888.600
79	1888.700
609	1889.000
479	1889.200
549	1889.200
689	1889.200
39	1889.400
499	1889.400
409	1889.700
539	1889.700
59	1889.800
239	1889.800
159	1889.900
739	1890.000
769	1890.000
279	1890.100
749	1890.100
299	1890.200
699	1890.200
219	1890.400
179	1890.500
189	1890.500
589	1890.500
659	1890.600
49	1890.700
559	1890.700
109	1890.900
249	1890.900
269	1890.900
339	1890.900
459	1890.900
509	1890.900
799	1891.000
319	1891.100
489	1891.100
679	1891.100
69	1891.200
379	1891.200
529	1891.200
149	1891.300
569	1891.300
89	1891.400
419	1891.400
469	1891.500
639	1891.500
9	1891.600
449	1891.600
729	1891.600
129	1891.700
139	1891.700
259	1891.700
709	1891.800
789	1891.800
519	1891.900
229	1892.000
359	1892.000
389	1892.000
399	1892.000
199	1892.100
629	1892.200
759	1892.300
309	1892.400
329	1892.400
649	1892.400
719	1892.500
209	1892.700
599	1892.700
669	1892.700
619	1892.900
19	1893.000
99	1893.300
349	1893.700
779	1893.900
169	1894.000
439	1894.400
369	1894.700
429	1894.700
579	1894.700
29	1894.800
119	1895.200
79	1895.400
609	1895.800
289	1895.900
549	1895.900
689	1896.000
499	1896.100
539	1896.200
39	1896.300
59	1896.300
479	1896.300
409	1896.600
279	1896.700
239	1896.800
769	1896.800
739	1896.900
749	1896.900
159	1897.100
179	1897.100
219	1897.100
299	1897.100
659	1897.200
699	1897.200
49	1897.400
589	1897.400
189	1897.500
269	1897.600
459	1897.600
559	1897.600
249	1897.700
319	1897.700
509	1897.700
109	1897.800
529	1897.800
489	1897.900
679	1897.900
799	1897.900
149	1898.000
339	1898.000
379	1898.100
9	1898.200
69	1898.200
469	1898.200
569	1898.200
639	1898.200
89	1898.300
449	1898.300
129	1898.400
139	1898.400
259	1898.500
729	1898.500
359	1898.600
419	1898.600
519	1898.600
789	1898.600
389	1898.700
709	1898.700
199	1898.800
229	1898.800
399	1898.800
759	1898.900
629	1899.000
329	1899.100
599	1899.100
649	1899.100
309	1899.200
719	1899.200
209	1899.400
619	1899.400
669	1899.500
19	1899.600
99	1899.900
349	1900.200
169	1900.400
779	1900.500
579	1901.100
429	1901.200
439	1901.300
369	1901.400
29	1901.800
79	1902.100
119	1902.100
549	1902.500
539	1902.600
499	1902.700
609	1902.700
689	1902.700
59	1902.900
289	1903.000
479	1903.000
39	1903.200
409	1903.300
279	1903.400
769	1903.500
749	1903.600
239	1903.700
739	1903.700
299	1903.800
159	1903.900
179	1903.900
219	1903.900
659	1903.900
699	1904.000
49	1904.100
589	1904.100
189	1904.200
269	1904.200
509	1904.300
559	1904.300
109	1904.400
459	1904.400
249	1904.500
319	1904.500
9	1904.600
529	1904.600
799	1904.600
489	1904.700
149	1904.800
339	1904.800
129	1904.900
139	1904.900
379	1904.900
679	1904.900
89	1905.000
449	1905.000
469	1905.000
569	1905.000
69	1905.100
519	1905.100
639	1905.200
729	1905.200
359	1905.400
399	1905.400
419	1905.400
709	1905.400
259	1905.500
759	1905.500
789	1905.500
199	1905.600
329	1905.600
599	1905.600
629	1905.600
649	1905.600
229	1905.700
389	1905.700
619	1905.800
719	1905.900
309	1906.000
669	1906.000
209	1906.100
19	1906.200
99	1906.500
349	1906.700
169	1906.800
779	1907.100
579	1907.500
439	1907.700
369	1907.900
429	1907.900
29	1908.600
119	1908.800
79	1908.900
549	1909.100
59	1909.300
499	1909.300
539	1909.300
609	1909.400
689	1909.400
289	1909.700
479	1909.700
39	1909.800
279	1910.000
409	1910.000
749	1910.100
769	1910.200
299	1910.300
739	1910.300
239	1910.400
159	1910.500
219	1910.600
589	1910.600
659	1910.600
189	1910.700
699	1910.700
269	1910.800
559	1910.800
49	1910.900
109	1910.900
179	1910.900
509	1910.900
9	1911.000
459	1911.000
319	1911.200
489	1911.200
129	1911.300
249	1911.300
339	1911.300
529	1911.300
149	1911.400
799	1911.400
139	1911.500
449	1911.500
469	1911.500
679	1911.500
69	1911.600
89	1911.600
379	1911.600
519	1911.600
569	1911.800
639	1911.800
359	1911.900
399	1911.900
419	1911.900
709	1911.900
729	1911.900
599	1912.000
759	1912.000
259	1912.100
629	1912.100
649	1912.100
789	1912.100
199	1912.200
329	1912.200
389	1912.200
719	1912.300
619	1912.400
669	1912.400
209	1912.500
229	1912.500
309	1912.500
19	1912.700
99	1913.000
169	1913.100
349	1913.100
779	1913.300
579	1913.800
439	1914.000
429	1914.300
369	1914.500
29	1915.000
79	1915.400
119	1915.400
59	1915.600
499	1915.700
549	1915.700
539	1915.800
609	1915.800
689	1915.900
479	1916.100
39	1916.200
289	1916.200
749	1916.500
279	1916.600
769	1916.600
239	1916.800
299	1916.800
159	1916.900
409	1916.900
739	1916.900
589	1917.100
699	1917.100
109	1917.200
189	1917.200
269	1917.200
659	1917.200
9	1917.300
219	1917.300
49	1917.400
179	1917.400
509	1917.400
559	1917.400
129	1917.600
459	1917.600
489	1917.600
319	1917.700
339	1917.700
139	1917.800
149	1917.800
529	1917.800
799	1917.800
89	1917.900
249	1917.900
519	1917.900
449	1918.000
469	1918.000
679	1918.000
379	1918.100
69	1918.200
359	1918.200
569	1918.200
639	1918.300
759	1918.300
789	1918.300
389	1918.400
399	1918.400
419	1918.400
599	1918.400
649	1918.400
709	1918.400
259	1918.500
729	1918.500
329	1918.600
629	1918.600
669	1918.600
719	1918.700
199	1918.800
619	1918.800
209	1918.900
229	1918.900
309	1919.000
19	1919.200
169	1919.200
99	1919.300
349	1919.400
779	1919.500
579	1920.000
439	1920.300
429	1920.700
369	1920.900
29	1921.300
79	1921.800
119	1921.800
59	1921.900
499	1922.000
609	1922.200
539	1922.300
549	1922.300
689	1922.300
39	1922.600
479	1922.600
289	1922.800
279	1922.900
749	1923.000
769	1923.000
159	1923.200
239	1923.200
739	1923.300
109	1923.400
299	1923.400
589	1923.400
409	1923.500
699	1923.500
189	1923.600
269	1923.700
9	1923.800
659	1923.800
49	1923.900
129	1923.900
179	1923.900
219	1923.900
559	1923.900
339	1924.000
459	1924.000
489	1924.000
509	1924.000
319	1924.100
139	1924.200
519	1924.200
529	1924.200
799	1924.200
89	1924.300
149	1924.300
249	1924.300
469	1924.300
379	1924.400
449	1924.400
639	1924.400
789	1924.400
359	1924.500
679	1924.500
759	1924.500
69	1924.600
569	1924.600
649	1924.600
259	1924.700
389	1924.700
329	1924.800
419	1924.800
599	1924.800
709	1924.800
399	1924.900
629	1924.900
669	1924.900
719	1924.900
729	1924.900
619	1925.100
209	1925.200
229	1925.200
199	1925.300
309	1925.300
19	1925.500
169	1925.500
99	1925.600
349	1925.800
779	1925.800
579	1926.300
439	1926.500
429	1927.000
369	1927.200
29	1927.600
79	1928.000
119	1928.000
59	1928.200
499	1928.400
609	1928.500
539	1928.600
549	1928.600
689	1928.600
479	1928.700
39	1929.000
279	1929.200
289	1929.200
749	1929.300
159	1929.400
769	1929.400
299	1929.700
589	1929.700
699	1929.700
739	1929.700
109	1929.800
189	1929.800
239	1929.800
409	1929.800
9	1930.000
339	1930.100
509	1930.100
49	1930.200
459	1930.200
559	1930.200
129	1930.300
219	1930.300
269	1930.300
489	1930.300
659	1930.300
179	1930.400
319	1930.400
519	1930.400
799	1930.400
89	1930.500
139	1930.500
149	1930.500
249	1930.500
469	1930.500
529	1930.500
379	1930.600
639	1930.600
789	1930.600
449	1930.700
649	1930.700
759	1930.700
359	1930.800
679	1930.800
69	1930.900
259	1930.900
389	1930.900
569	1930.900
329	1931.000
419	1931.000
629	1931.000
399	1931.100
599	1931.100
669	1931.100
709	1931.100
719	1931.100
729	1931.100
209	1931.400
229	1931.400
619	1931.400
309	1931.500
199	1931.600
19	1931.700
99	1931.700
169	1931.700
349	1931.900
779	1932.100
579	1932.500
439	1932.600
429	1933.200
369	1933.300
29	1933.800
119	1934.100
79	1934.200
59	1934.400
609	1934.500
499	1934.600
539	1934.800
549	1934.800
689	1934.900
479	1935.000
39	1935.200
159	1935.400
279	1935.400
289	1935.500
749	1935.500
769	1935.500
739	1935.700
589	1935.800
239	1935.900
699	1935.900
189	1936.000
299	1936.000
409	1936.000
109	1936.100
9	1936.200
49	1936.300
339	1936.300
509	1936.300
459	1936.400
489	1936.400
129	1936.500
519	1936.500
559	1936.500
659	1936.500
139	1936.600
179	1936.600
219	1936.600
269	1936.600
319	1936.600
529	1936.600
639	1936.600
799	1936.600
149	1936.700
249	1936.700
379	1936.700
469	1936.700
649	1936.700
89	1936.800
449	1936.800
789	1936.800
679	1936.900
759	1936.900
359	1937.000
259	1937.100
389	1937.100
419	1937.100
569	1937.100
629	1937.100
69	1937.200
329	1937.200
399	1937.200
599	1937.200
669	1937.200
719	1937.200
729	1937.200
709	1937.300
619	1937.400
229	1937.500
209	1937.600
19	1937.700
99	1937.700
169	1937.700
309	1937.700
199	1937.800
349	1937.900
779	1938.100
579	1938.500
439	1938.700
369	1939.300
429	1939.300
29	1939.900
119	1940.100
79	1940.200
59	1940.500
609	1940.600
499	1940.700
539	1940.800
549	1940.800
689	1941.100
479	1941.300
39	1941.400
159	1941.500
279	1941.600
749	1941.600
769	1941.600
289	1941.700
739	1941.800
589	1941.900
239	1942.000
409	1942.000
699	1942.000
299	1942.100
9	1942.200
189	1942.200
509	1942.200
109	1942.300
49	1942.400
339	1942.400
459	1942.400
489	1942.400
519	1942.500
129	1942.600
139	1942.600
179	1942.600
219	1942.600
269	1942.600
559	1942.600
639	1942.600
149	1942.700
249	1942.700
319	1942.700
379	1942.700
469	1942.700
529	1942.700
649	1942.700
659	1942.700
449	1942.800
799	1942.800
89	1942.900
679	1942.900
759	1942.900
789	1942.900
329	1943.100
359	1943.100
389	1943.100
419	1943.100
569	1943.100
729	1943.100
69	1943.200
259	1943.200
399	1943.200
599	1943.200
669	1943.200
719	1943.200
629	1943.300
709	1943.300
229	1943.500
619	1943.500
19	1943.600
99	1943.600
209	1943.600
169	1943.700
309	1943.700
199	1943.800
349	1943.800
779	1944.100
579	1944.500
439	1944.700
369	1945.200
429	1945.400
29	1945.900
79	1946.100
119	1946.100
59	1946.400
609	1946.600
499	1946.700
549	1946.700
539	1946.800
689	1947.000
39	1947.400
159	1947.400
479	1947.400
749	1947.600
769	1947.600
279	1947.700
739	1947.700
289	1947.800
589	1947.800
239	1947.900
699	1947.900
409	1948.000
9	1948.100
509	1948.100
189	1948.200
299	1948.200
109	1948.300
489	1948.300
49	1948.400
339	1948.400
459	1948.400
639	1948.400
139	1948.500
519	1948.500
149	1948.600
179	1948.600
219	1948.600
249	1948.600
269	1948.600
379	1948.600
529	1948.600
559	1948.600
649	1948.600
129	1948.700
319	1948.700
469	1948.700
449	1948.800
659	1948.800
679	1948.800
799	1948.800
89	1948.900
759	1948.900
789	1948.900
359	1949.000
419	1949.000
729	1949.000
329	1949.100
389	1949.100
399	1949.100
569	1949.100
599	1949.100
669	1949.100
719	1949.100
259	1949.200
709	1949.200
69	1949.300
629	1949.300
19	1949.400
619	1949.400
99	1949.500
169	1949.500
209	1949.500
229	1949.500
199	1949.700
309	1949.700
349	1949.700
779	1950.000
579	1950.400
439	1950.600
369	1951.100
429	1951.300
29	1951.800
79	1952.000
119	1952.000
59	1952.300
499	1952.500
549	1952.500
609	1952.500
539	1952.600
689	1952.900
39	1953.300
159	1953.400
479	1953.400
739	1953.500
769	1953.500
749	1953.600
279	1953.700
589	1953.700
239	1953.800
699	1953.800
9	1953.900
289	1953.900
409	1953.900
509	1954.000
189	1954.100
299	1954.200
459	1954.200
489	1954.200
639	1954.200
49	1954.300
109	1954.300
339	1954.300
139	1954.400
379	1954.400
519	1954.400
149	1954.500
179	1954.500
249	1954.500
269	1954.500
529	1954.500
649	1954.500
219	1954.600
319	1954.600
469	1954.600
559	1954.600
129	1954.700
449	1954.700
679	1954.700
759	1954.700
799	1954.700
89	1954.800
659	1954.800
359	1954.900
419	1954.900
669	1954.900
719	1954.900
789	1954.900
329	1955.000
389	1955.000
399	1955.000
569	1955.000
729	1955.000
259	1955.100
599	1955.100
709	1955.100
19	1955.200
69	1955.200
629	1955.200
99	1955.300
169	1955.300
209	1955.300
619	1955.300
229	1955.400
309	1955.500
349	1955.500
199	1955.600
779	1955.800
579	1956.200
439	1956.500
369	1957.000
429	1957.200
29	1957.600
79	1957.800
119	1957.900
59	1958.200
499	1958.300
539	1958.400
549	1958.400
609	1958.400
689	1958.800
39	1959.200
159	1959.300
479	1959.300
739	1959.400
769	1959.400
749	1959.500
239	1959.600
279	1959.600
589	1959.600
699	1959.700
9	1959.800
409	1959.800
509	1959.800
289	1959.900
189	1960.000
459	1960.000
489	1960.000
639	1960.000
299	1960.100
49	1960.200
339	1960.200
109	1960.300
139	1960.300
249	1960.300
379	1960.300
519	1960.300
529	1960.300
649	1960.300
149	1960.400
179	1960.400
269	1960.400
219	1960.500
319	1960.500
469	1960.500
559	1960.500
759	1960.500
449	1960.600
679	1960.600
799	1960.600
89	1960.700
129	1960.700
419	1960.700
659	1960.700
669	1960.700
719	1960.700
359	1960.800
789	1960.800
329	1960.900
389	1960.900
399	1960.900
569	1960.900
729	1960.900
19	1961.000
259	1961.000
599	1961.000
69	1961.100
99	1961.100
169	1961.100
709	1961.100
209	1961.200
229	1961.200
619	1961.200
629	1961.200
309	1961.300
349	1961.300
199	1961.500
779	1961.600
579	1962.000
439	1962.300
369	1962.900
429	1963.000
29	1963.500
79	1963.600
119	1963.800
59	1964.100
499	1964.100
539	1964.200
549	1964.200
609	1964.300
689	1964.700
39	1965.100
159	1965.200
479	1965.200
739	1965.200
749	1965.300
769	1965.300
239	1965.400
279	1965.400
589	1965.500
9	1965.600
409	1965.600
509	1965.600
639	1965.700
699	1965.700
489	1965.800
189	1965.900
289	1965.900
459	1965.900
49	1966.000
299	1966.000
139	1966.100
249	1966.100
339	1966.100
379	1966.100
529	1966.100
649	1966.100
149	1966.200
519	1966.200
109	1966.300
269	1966.300
759	1966.300
179	1966.400
219	1966.400
319	1966.400
469	1966.400
559	1966.400
419	1966.500
449	1966.500
669	1966.500
679	1966.500
719	1966.500
799	1966.500
89	1966.600
129	1966.600
659	1966.600
789	1966.600
329	1966.700
359	1966.700
389	1966.700
399	1966.700
569	1966.700
729	1966.700
19	1966.800
259	1966.800
69	1966.900
99	1966.900
169	1966.900
599	1966.900
229	1967.000
619	1967.000
709	1967.000
209	1967.100
309	1967.100
349	1967.100
629	1967.200
199	1967.300
779	1967.400
579	1967.900
439	1968.100
369	1968.700
429	1968.800
29	1969.400
79	1969.400
119	1969.600
499	1969.900
59	1970.000
539	1970.000
549	1970.000
609	1970.100
689	1970.500
159	1971.000
39	1971.100
239	1971.100
479	1971.100
739	1971.100
749	1971.100
769	1971.200
279	1971.300
9	1971.400
509	1971.400
589	1971.400
409	1971.500
639	1971.500
699	1971.600
189	1971.700
459	1971.700
489	1971.700
49	1971.800
289	1971.800
299	1971.800
139	1971.900
249	1971.900
339	1971.900
379	1971.900
529	1971.900
649	1971.900
149	1972.000
519	1972.000
269	1972.100
759	1972.100
109	1972.200
559	1972.200
219	1972.300
319	1972.300
419	1972.300
449	1972.300
469	1972.300
669	1972.300
719	1972.300
89	1972.400
179	1972.400
569	1972.400
679	1972.400
789	1972.400
799	1972.400
129	1972.500
329	1972.500
359	1972.500
389	1972.500
399	1972.500
659	1972.500
729	1972.500
19	1972.600
69	1972.700
99	1972.700
169	1972.700
259	1972.700
599	1972.700
229	1972.800
619	1972.800
209	1972.900
309	1972.900
349	1972.900
709	1972.900
199	1973.100
629	1973.100
779	1973.200
579	1973.800
439	1973.900
369	1974.500
429	1974.600
79	1975.200
29	1975.300
119	1975.500
499	1975.700
59	1975.800
539	1975.800
549	1975.800
609	1975.900
689	1976.300
159	1976.800
239	1976.800
749	1976.900
39	1977.000
479	1977.000
739	1977.000
769	1977.100
9	1977.200
279	1977.200
509	1977.200
589	1977.200
639	1977.300
409	1977.400
459	1977.400
189	1977.500
489	1977.500
49	1977.600
299	1977.600
699	1977.600
139	1977.700
149	1977.700
249	1977.700
289	1977.700
339	1977.700
379	1977.700
529	1977.700
649	1977.700
519	1977.800
269	1977.900
759	1977.900
109	1978.000
559	1978.000
319	1978.100
419	1978.100
449	1978.100
669	1978.100
719	1978.100
89	1978.200
219	1978.200
469	1978.200
569	1978.200
679	1978.200
789	1978.200
799	1978.200
179	1978.300
329	1978.300
359	1978.300
389	1978.300
399	1978.300
729	1978.300
19	1978.400
129	1978.400
169	1978.400
659	1978.400
69	1978.500
99	1978.500
229	1978.500
259	1978.500
599	1978.500
619	1978.500
209	1978.700
309	1978.700
349	1978.700
709	1978.700
199	1978.900
779	1978.900
629	1979.000
579	1979.600
439	1979.700
369	1980.300
429	1980.400
79	1981.000
29	1981.100
119	1981.400
499	1981.500
539	1981.500
549	1981.500
59	1981.600
609	1981.700
689	1982.100
159	1982.600
239	1982.600
739	1982.800
749	1982.800
39	1982.900
479	1982.900
9	1983.000
509	1983.000
769	1983.000
279	1983.100
589	1983.100
639	1983.100
459	1983.200
489	1983.200
49	1983.300
409	1983.300
189	1983.400
649	1983.400
139	1983.500
149	1983.500
249	1983.500
299	1983.500
339	1983.500
379	1983.500
699	1983.500
289	1983.600
519	1983.600
529	1983.600
269	1983.700
759	1983.700
109	1983.800
559	1983.800
319	1983.900
419	1983.900
449	1983.900
669	1983.900
719	1983.900
89	1984.000
569	1984.000
679	1984.000
789	1984.000
799	1984.000
219	1984.100
329	1984.100
359	1984.100
389	1984.100
399	1984.100
469	1984.100
729	1984.100
19	1984.200
99	1984.200
169	1984.200
179	1984.200
229	1984.200
129	1984.300
259	1984.300
599	1984.300
619	1984.300
659	1984.300
69	1984.400
309	1984.400
209	1984.500
349	1984.500
709	1984.600
199	1984.700
779	1984.700
629	1984.900
579	1985.300
439	1985.400
369	1986.100
429	1986.300
79	1986.800
29	1986.900
539	1987.200
549	1987.200
119	1987.300
499	1987.300
59	1987.400
609	1987.500
689	1987.900
239	1988.400
159	1988.500
739	1988.500
749	1988.600
39	1988.700
479	1988.700
9	1988.800
509	1988.800
639	1988.800
769	1988.800
589	1988.900
279	1989.000
459	1989.000
489	1989.000
49	1989.100
649	1989.100
189	1989.200
409	1989.200
139	1989.300
149	1989.300
249	1989.300
299	1989.300
339	1989.300
379	1989.300
699	1989.300
519	1989.400
529	1989.400
269	1989.500
289	1989.500
759	1989.500
109	1989.700
419	1989.700
449	1989.700
559	1989.700
669	1989.700
719	1989.700
89	1989.800
319	1989.800
569	1989.800
789	1989.800
799	1989.800
219	1989.900
329	1989.900
359	1989.900
389	1989.900
399	1989.900
679	1989.900
729	1989.900
19	1990.000
99	1990.000
169	1990.000
229	1990.000
469	1990.000
129	1990.100
179	1990.100
259	1990.100
599	1990.100
619	1990.100
309	1990.200
349	1990.200
659	1990.200
69	1990.300
209	1990.300
709	1990.400
199	1990.500
779	1990.500
629	1990.700
439	1991.100
579	1991.100
369	1991.900
429	1992.100
79	1992.600
29	1992.700
539	1993.000
549	1993.000
499	1993.100
59	1993.200
119	1993.200
609	1993.300
689	1993.700
239	1994.100
159	1994.300
739	1994.300
749	1994.400
9	1994.500
39	1994.500
479	1994.500
639	1994.500
509	1994.600
769	1994.600
589	1994.700
279	1994.800
459	1994.800
489	1994.800
49	1994.900
649	1994.900
379	1995.000
409	1995.000
139	1995.100
149	1995.100
189	1995.100
249	1995.100
299	1995.100
339	1995.100
699	1995.100
519	1995.200
529	1995.200
759	1995.200
269	1995.300
289	1995.300
109	1995.500
419	1995.500
449	1995.500
559	1995.500
669	1995.500
719	1995.500
789	1995.500
89	1995.600
569	1995.600
219	1995.700
319	1995.700
329	1995.700
359	1995.700
389	1995.700
399	1995.700
679	1995.700
799	1995.700
19	1995.800
99	1995.800
169	1995.800
229	1995.800
729	1995.800
129	1995.900
259	1995.900
349	1995.900
469	1995.900
599	1995.900
619	1995.900
179	1996.000
309	1996.000
659	1996.000
69	1996.100
209	1996.100
709	1996.200
199	1996.300
779	1996.300
629	1996.600
439	1996.900
579	1996.900
369	1997.700
429	1997.900
79	1998.400
29	1998.500
539	1998.800
549	1998.800
59	1998.900
499	1998.900
119	1999.000
609	1999.000
689	1999.500
239	1999.900
