# NEST version: UNKNOWN
# RecordingBackendASCII version: 2
sender	time_ms	V_m
10	1.000	-73.993
10	2.000	-73.876
10	3.000	-73.727
10	4.000	-73.554
10	5.000	-73.364
10	6.000	-73.162
10	7.000	-72.952
10	8.000	-72.737
10	9.000	-72.520
10	10.000	-72.302
10	11.000	-72.086
10	12.000	-71.872
10	13.000	-71.662
10	14.000	-71.456
10	15.000	-71.255
10	16.000	-71.060
10	17.000	-70.872
10	18.000	-70.689
10	19.000	-70.512
10	20.000	-70.342
10	21.000	-70.179
10	22.000	-70.022
10	23.000	-69.871
10	24.000	-69.726
10	25.000	-69.587
10	26.000	-69.454
10	27.000	-69.327
10	28.000	-69.206
10	29.000	-69.089
10	30.000	-68.978
10	31.000	-68.872
10	32.000	-68.771
10	33.000	-68.674
10	34.000	-68.390
10	35.000	-68.044
10	36.000	-67.465
10	37.000	-66.854
10	38.000	-66.243
10	39.000	-65.775
10	40.000	-65.421
10	41.000	-65.159
10	42.000	-64.672
10	43.000	-64.041
10	44.000	-63.578
10	45.000	-63.248
10	46.000	-63.023
10	47.000	-62.882
10	48.000	-62.805
10	49.000	-62.780
10	50.000	-62.795
10	51.000	-62.721
10	52.000	-62.541
10	53.000	-62.238
10	54.000	-61.968
10	55.000	-61.800
10	56.000	-61.713
10	57.000	-61.689
10	58.000	-61.714
10	59.000	-61.776
10	60.000	-61.868
10	61.000	-61.981
10	62.000	-61.911
10	63.000	-61.823
10	64.000	-61.798
10	65.000	-61.820
10	66.000	-61.790
10	67.000	-61.627
10	68.000	-61.543
10	69.000	-61.523
10	70.000	-61.522
10	71.000	-61.325
10	72.000	-61.219
10	73.000	-61.068
10	74.000	-60.703
10	75.000	-60.349
10	76.000	-60.130
10	77.000	-60.018
10	78.000	-59.988
10	79.000	-60.023
10	80.000	-60.107
10	81.000	-59.965
10	82.000	-59.912
10	83.000	-59.930
10	84.000	-60.002
10	85.000	-59.850
10	86.000	-59.792
10	87.000	-59.591
10	88.000	-59.448
10	89.000	-59.400
10	90.000	-59.426
10	91.000	-59.508
10	92.000	-59.633
10	93.000	-59.790
10	94.000	-59.972
10	95.000	-60.170
10	96.000	-60.380
10	97.000	-60.597
10	98.000	-60.623
10	99.000	-60.622
10	100.000	-60.672
10	101.000	-60.762
10	102.000	-60.713
10	103.000	-60.627
10	104.000	-60.345
10	105.000	-60.094
10	106.000	-59.778
10	107.000	-59.348
10	108.000	-59.177
10	109.000	-59.191
10	110.000	-59.265
10	111.000	-59.384
10	112.000	-59.536
10	113.000	-59.713
10	114.000	-59.907
10	115.000	-60.114
10	116.000	-60.330
10	117.000	-60.550
10	118.000	-60.771
10	119.000	-60.993
10	120.000	-61.212
10	121.000	-61.428
10	122.000	-61.639
10	123.000	-61.845
10	124.000	-62.045
10	125.000	-62.239
10	126.000	-62.426
10	127.000	-62.516
10	128.000	-62.435
10	129.000	-62.131
10	130.000	-61.934
10	131.000	-61.820
10	132.000	-61.772
10	133.000	-61.774
10	134.000	-61.672
10	135.000	-61.506
10	136.000	-61.420
10	137.000	-61.397
10	138.000	-61.200
10	139.000	-60.985
10	140.000	-60.657
10	141.000	-60.453
10	142.000	-60.347
10	143.000	-60.318
10	144.000	-60.347
10	145.000	-60.423
10	146.000	-60.474
10	147.000	-60.357
10	148.000	-60.319
10	149.000	-60.342
10	150.000	-60.412
10	151.000	-60.276
10	152.000	-60.199
10	153.000	-60.001
10	154.000	-59.801
10	155.000	-59.469
10	156.000	-59.274
10	157.000	-59.184
10	158.000	-59.176
10	159.000	-59.232
10	160.000	-59.338
10	161.000	-59.480
10	162.000	-59.651
10	163.000	-59.841
10	164.000	-60.045
10	165.000	-60.258
10	166.000	-60.477
10	167.000	-60.582
10	168.000	-60.343
10	169.000	-60.162
10	170.000	-60.075
10	171.000	-60.061
10	172.000	-59.913
10	173.000	-59.781
10	174.000	-59.735
10	175.000	-59.536
10	176.000	-59.137
10	177.000	-58.892
10	178.000	-58.766
10	179.000	-58.649
10	180.000	-58.451
10	181.000	-58.230
10	182.000	-58.008
10	183.000	-57.654
10	184.000	-57.456
10	185.000	-57.379
10	186.000	-57.213
10	187.000	-56.866
10	188.000	-56.657
10	189.000	-56.398
10	190.000	-55.941
10	191.000	-55.461
10	192.000	-55.185
10	193.000	-55.067
10	194.000	-54.830
10	195.000	-54.745
10	196.000	-54.777
10	197.000	-54.901
10	198.000	-55.095
10	199.000	-55.341
10	200.000	-55.627
10	201.000	-55.941
10	202.000	-56.274
10	203.000	-56.619
10	204.000	-56.971
10	205.000	-57.325
10	206.000	-57.678
10	207.000	-58.027
10	208.000	-58.369
10	209.000	-58.704
10	210.000	-59.029
10	211.000	-59.345
10	212.000	-59.388
10	213.000	-59.241
10	214.000	-59.165
10	215.000	-59.166
10	216.000	-59.228
10	217.000	-59.336
10	218.000	-59.479
10	219.000	-59.648
10	220.000	-59.573
10	221.000	-59.571
10	222.000	-59.627
10	223.000	-59.511
10	224.000	-59.432
10	225.000	-59.428
10	226.000	-59.483
10	227.000	-59.584
10	228.000	-59.718
10	229.000	-59.687
10	230.000	-59.646
10	231.000	-59.671
10	232.000	-59.746
10	233.000	-59.859
10	234.000	-60.001
10	235.000	-60.164
10	236.000	-60.175
10	237.000	-60.136
10	238.000	-60.158
10	239.000	-60.226
10	240.000	-60.329
10	241.000	-60.460
10	242.000	-60.391
10	243.000	-60.339
10	244.000	-60.348
10	245.000	-60.405
10	246.000	-60.498
10	247.000	-60.362
10	248.000	-60.030
10	249.000	-59.826
10	250.000	-59.722
10	251.000	-59.266
10	252.000	-58.692
10	253.000	-57.613
10	254.000	-56.482
10	255.000	-55.502
10	256.000	-54.775
10	257.000	-54.102
10	258.000	-53.687
10	259.000	-53.274
10	260.000	-52.791
10	261.000	-52.529
10	262.000	-52.439
10	263.000	-52.483
10	264.000	-52.631
10	265.000	-52.691
10	266.000	-52.786
10	267.000	-52.682
10	268.000	-52.537
10	269.000	-52.537
10	270.000	-52.624
10	271.000	-52.598
10	272.000	-52.691
10	273.000	-52.876
10	274.000	-53.131
10	275.000	-53.440
10	276.000	-53.789
10	277.000	-54.166
10	278.000	-54.284
10	279.000	-54.247
10	280.000	-54.107
10	281.000	-54.099
10	282.000	-54.195
10	283.000	-54.371
10	284.000	-54.607
10	285.000	-54.861
10	286.000	-54.939
10	287.000	-54.990
10	288.000	-54.986
10	289.000	-55.077
10	290.000	-55.242
10	291.000	-55.462
10	292.000	-55.723
10	293.000	-56.015
10	294.000	-56.328
10	295.000	-56.655
10	296.000	-56.990
10	297.000	-57.328
10	298.000	-57.666
10	299.000	-58.001
10	300.000	-58.331
10	301.000	-58.542
10	302.000	-58.623
10	303.000	-58.749
10	304.000	-58.908
10	305.000	-59.093
10	306.000	-59.035
10	307.000	-58.886
10	308.000	-58.736
10	309.000	-58.681
10	310.000	-58.490
10	311.000	-58.359
10	312.000	-58.324
10	313.000	-58.200
10	314.000	-58.019
10	315.000	-57.749
10	316.000	-57.611
10	317.000	-57.575
10	318.000	-57.620
10	319.000	-57.726
10	320.000	-57.879
10	321.000	-58.067
10	322.000	-58.280
10	323.000	-58.455
10	324.000	-58.292
10	325.000	-58.136
10	326.000	-58.083
10	327.000	-58.109
10	328.000	-58.196
10	329.000	-58.330
10	330.000	-58.499
10	331.000	-58.694
10	332.000	-58.908
10	333.000	-58.921
10	334.000	-58.944
10	335.000	-59.021
10	336.000	-59.140
10	337.000	-59.291
10	338.000	-59.464
10	339.000	-59.654
10	340.000	-59.855
10	341.000	-59.823
10	342.000	-59.826
10	343.000	-59.714
10	344.000	-59.582
10	345.000	-59.534
10	346.000	-59.174
10	347.000	-58.808
10	348.000	-58.587
10	349.000	-58.267
10	350.000	-58.040
10	351.000	-57.931
10	352.000	-57.730
10	353.000	-57.575
10	354.000	-57.526
10	355.000	-57.560
10	356.000	-57.657
10	357.000	-57.803
10	358.000	-57.985
10	359.000	-58.195
10	360.000	-58.423
10	361.000	-58.664
10	362.000	-58.856
10	363.000	-58.617
10	364.000	-58.224
10	365.000	-57.986
10	366.000	-57.870
10	367.000	-57.848
10	368.000	-57.899
10	369.000	-58.007
10	370.000	-58.158
10	371.000	-58.179
10	372.000	-58.166
10	373.000	-58.221
10	374.000	-58.193
10	375.000	-58.116
10	376.000	-58.123
10	377.000	-58.193
10	378.000	-58.314
10	379.000	-58.471
10	380.000	-58.657
10	381.000	-58.699
10	382.000	-58.696
10	383.000	-58.510
10	384.000	-58.158
10	385.000	-57.817
10	386.000	-57.420
10	387.000	-56.834
10	388.000	-56.393
10	389.000	-56.134
10	390.000	-56.016
10	391.000	-56.009
10	392.000	-56.087
10	393.000	-55.978
10	394.000	-55.582
10	395.000	-55.274
10	396.000	-55.126
10	397.000	-55.103
10	398.000	-55.175
10	399.000	-55.322
10	400.000	-55.172
10	401.000	-55.012
10	402.000	-54.981
10	403.000	-54.806
10	404.000	-54.765
10	405.000	-54.546
10	406.000	-54.193
10	407.000	-53.806
10	408.000	-53.272
10	409.000	-52.648
10	410.000	-52.225
10	411.000	-51.828
10	412.000	-51.633
10	413.000	-51.596
10	414.000	-51.683
10	415.000	-51.867
10	416.000	-52.126
10	417.000	-52.443
10	418.000	-52.804
10	419.000	-53.196
10	420.000	-53.608
10	421.000	-53.809
10	422.000	-53.644
10	423.000	-53.553
10	424.000	-53.507
10	425.000	-53.150
10	426.000	-52.776
10	427.000	-52.594
10	428.000	-52.562
10	429.000	-52.647
10	430.000	-52.822
10	431.000	-53.068
10	432.000	-53.367
10	433.000	-53.704
10	434.000	-54.070
10	435.000	-54.376
10	436.000	-54.549
10	437.000	-54.779
10	438.000	-55.051
10	439.000	-55.110
10	440.000	-55.247
10	441.000	-55.442
10	442.000	-55.681
10	443.000	-55.953
10	444.000	-56.248
10	445.000	-56.558
10	446.000	-56.878
10	447.000	-57.203
10	448.000	-57.528
10	449.000	-57.851
10	450.000	-58.170
10	451.000	-58.483
10	452.000	-58.788
10	453.000	-59.084
10	454.000	-59.371
10	455.000	-59.648
10	456.000	-59.724
10	457.000	-59.761
10	458.000	-59.840
10	459.000	-59.951
10	460.000	-60.085
10	461.000	-60.237
10	462.000	-60.208
10	463.000	-60.159
10	464.000	-60.167
10	465.000	-60.133
10	466.000	-59.889
10	467.000	-59.432
10	468.000	-58.635
10	469.000	-57.943
10	470.000	-57.478
10	471.000	-57.190
10	472.000	-57.039
10	473.000	-56.863
10	474.000	-56.685
10	475.000	-56.374
10	476.000	-56.214
10	477.000	-56.171
10	478.000	-56.218
10	479.000	-56.253
10	480.000	-56.194
10	481.000	-56.122
10	482.000	-55.901
10	483.000	-55.384
10	484.000	-54.633
10	485.000	-54.151
10	486.000	-53.876
10	487.000	-53.590
10	488.000	-53.406
10	489.000	-53.366
10	490.000	-53.437
10	491.000	-53.596
10	492.000	-53.821
10	493.000	-53.923
10	494.000	-53.799
10	495.000	-53.802
10	496.000	-53.904
10	497.000	-54.082
10	498.000	-54.319
10	499.000	-54.599
10	500.000	-54.911
10	501.000	-55.245
10	502.000	-55.594
10	503.000	-55.504
10	504.000	-55.477
10	505.000	-55.364
10	506.000	-55.076
10	507.000	-54.746
10	508.000	-54.320
10	509.000	-53.634
10	510.000	-53.143
10	511.000	-52.767
10	512.000	-52.450
10	513.000	-52.137
10	514.000	-51.718
10	515.000	-51.504
10	516.000	-51.286
10	517.000	-51.167
10	518.000	-51.189
10	519.000	-51.323
10	520.000	-51.545
10	521.000	-51.835
10	522.000	-52.178
10	523.000	-52.390
10	524.000	-52.602
10	525.000	-52.877
10	526.000	-53.198
10	527.000	-53.554
10	528.000	-53.934
10	529.000	-54.329
10	530.000	-54.733
10	531.000	-55.141
10	532.000	-55.548
10	533.000	-55.951
10	534.000	-56.347
10	535.000	-56.735
10	536.000	-57.057
10	537.000	-57.183
10	538.000	-57.353
10	539.000	-57.554
10	540.000	-57.779
10	541.000	-58.020
10	542.000	-58.272
10	543.000	-58.530
10	544.000	-58.678
10	545.000	-58.705
10	546.000	-58.783
10	547.000	-58.901
10	548.000	-59.049
10	549.000	-59.219
10	550.000	-59.405
10	551.000	-59.340
10	552.000	-59.341
10	553.000	-59.395
10	554.000	-59.459
10	555.000	-59.214
10	556.000	-58.931
10	557.000	-58.768
10	558.000	-58.699
10	559.000	-58.703
10	560.000	-58.764
10	561.000	-58.869
10	562.000	-59.007
10	563.000	-59.169
10	564.000	-59.349
10	565.000	-59.541
10	566.000	-59.741
10	567.000	-59.491
10	568.000	-59.277
10	569.000	-59.164
10	570.000	-58.870
10	571.000	-58.642
10	572.000	-58.324
10	573.000	-58.139
10	574.000	-57.922
10	575.000	-57.540
10	576.000	-56.968
10	577.000	-56.493
10	578.000	-56.036
10	579.000	-55.547
10	580.000	-55.255
10	581.000	-55.116
10	582.000	-55.043
10	583.000	-54.887
10	584.000	-54.855
10	585.000	-54.921
10	586.000	-55.062
10	587.000	-55.259
10	588.000	-55.346
10	589.000	-55.409
10	590.000	-55.544
10	591.000	-55.733
10	592.000	-55.963
10	593.000	-56.222
10	594.000	-56.299
10	595.000	-56.286
10	596.000	-56.212
10	597.000	-56.126
10	598.000	-55.999
10	599.000	-55.981
10	600.000	-56.048
10	601.000	-56.180
10	602.000	-56.122
10	603.000	-55.677
10	604.000	-55.395
10	605.000	-55.263
10	606.000	-55.248
10	607.000	-55.322
10	608.000	-55.466
10	609.000	-55.663
10	610.000	-55.899
10	611.000	-56.164
10	612.000	-56.450
10	613.000	-56.748
10	614.000	-56.616
10	615.000	-56.279
10	616.000	-56.096
10	617.000	-56.035
10	618.000	-55.888
10	619.000	-55.788
10	620.000	-55.793
10	621.000	-55.772
10	622.000	-55.698
10	623.000	-55.643
10	624.000	-55.439
10	625.000	-55.026
10	626.000	-54.729
10	627.000	-54.590
10	628.000	-54.574
10	629.000	-54.654
10	630.000	-54.754
10	631.000	-54.733
10	632.000	-54.808
10	633.000	-54.956
10	634.000	-55.160
10	635.000	-55.406
10	636.000	-55.459
10	637.000	-55.563
10	638.000	-55.647
10	639.000	-55.630
10	640.000	-55.700
10	641.000	-55.837
10	642.000	-55.997
10	643.000	-55.803
10	644.000	-55.537
10	645.000	-55.301
10	646.000	-54.983
10	647.000	-54.676
10	648.000	-54.417
10	649.000	-54.310
10	650.000	-54.320
10	651.000	-54.422
10	652.000	-54.594
10	653.000	-54.819
10	654.000	-54.885
10	655.000	-54.982
10	656.000	-54.993
10	657.000	-54.999
10	658.000	-55.092
10	659.000	-55.252
10	660.000	-55.462
10	661.000	-55.505
10	662.000	-55.116
10	663.000	-54.881
10	664.000	-54.789
10	665.000	-54.807
10	666.000	-54.910
10	667.000	-55.080
10	668.000	-55.219
10	669.000	-55.249
10	670.000	-55.359
10	671.000	-55.529
10	672.000	-55.544
10	673.000	-55.594
10	674.000	-55.717
10	675.000	-55.894
10	676.000	-56.112
10	677.000	-56.360
10	678.000	-56.630
10	679.000	-56.915
10	680.000	-57.208
10	681.000	-57.506
10	682.000	-57.805
10	683.000	-58.101
10	684.000	-58.138
10	685.000	-58.227
10	686.000	-58.357
10	687.000	-58.517
10	688.000	-58.699
10	689.000	-58.897
10	690.000	-59.106
10	691.000	-59.321
10	692.000	-59.540
10	693.000	-59.759
10	694.000	-59.976
10	695.000	-60.191
10	696.000	-60.401
10	697.000	-60.606
10	698.000	-60.806
10	699.000	-60.999
10	700.000	-61.185
10	701.000	-61.365
10	702.000	-61.538
10	703.000	-61.559
10	704.000	-61.479
10	705.000	-61.449
10	706.000	-61.458
10	707.000	-61.496
10	708.000	-61.558
10	709.000	-61.637
10	710.000	-61.531
10	711.000	-61.406
10	712.000	-61.342
10	713.000	-61.324
10	714.000	-61.344
10	715.000	-61.392
10	716.000	-61.046
10	717.000	-60.690
10	718.000	-60.366
10	719.000	-59.980
10	720.000	-59.139
10	721.000	-58.351
10	722.000	-57.645
10	723.000	-57.076
10	724.000	-56.708
10	725.000	-56.365
10	726.000	-56.061
10	727.000	-55.904
10	728.000	-55.863
10	729.000	-55.911
10	730.000	-55.873
10	731.000	-55.832
10	732.000	-55.775
10	733.000	-55.672
10	734.000	-55.473
10	735.000	-55.358
10	736.000	-55.354
10	737.000	-55.234
10	738.000	-55.184
10	739.000	-55.230
10	740.000	-55.351
10	741.000	-55.530
10	742.000	-55.752
10	743.000	-55.850
10	744.000	-55.915
10	745.000	-55.991
10	746.000	-55.757
10	747.000	-55.591
10	748.000	-55.414
10	749.000	-55.246
10	750.000	-55.025
10	751.000	-54.875
10	752.000	-54.847
10	753.000	-54.913
10	754.000	-54.877
10	755.000	-54.870
10	756.000	-54.755
10	757.000	-54.711
10	758.000	-54.766
10	759.000	-54.898
10	760.000	-55.089
10	761.000	-55.323
10	762.000	-55.590
10	763.000	-55.702
10	764.000	-55.803
10	765.000	-55.880
10	766.000	-55.699
10	767.000	-55.550
10	768.000	-55.517
10	769.000	-55.574
10	770.000	-55.620
10	771.000	-55.467
10	772.000	-55.188
10	773.000	-54.699
10	774.000	-54.391
10	775.000	-54.244
10	776.000	-54.223
10	777.000	-54.273
10	778.000	-54.019
10	779.000	-53.852
10	780.000	-53.581
10	781.000	-53.469
10	782.000	-53.481
10	783.000	-53.589
10	784.000	-53.771
10	785.000	-54.010
10	786.000	-54.095
10	787.000	-54.109
10	788.000	-54.078
10	789.000	-54.148
10	790.000	-54.296
10	791.000	-54.206
10	792.000	-54.048
10	793.000	-54.020
10	794.000	-54.093
10	795.000	-54.243
10	796.000	-54.453
10	797.000	-54.708
10	798.000	-54.996
10	799.000	-55.307
10	800.000	-55.634
10	801.000	-55.970
10	802.000	-56.311
10	803.000	-56.652
10	804.000	-56.991
10	805.000	-57.326
10	806.000	-57.597
10	807.000	-57.675
10	808.000	-57.800
10	809.000	-57.824
10	810.000	-57.577
10	811.000	-57.406
10	812.000	-57.339
10	813.000	-57.355
10	814.000	-57.434
10	815.000	-57.561
10	816.000	-57.725
10	817.000	-57.661
10	818.000	-57.541
10	819.000	-57.366
10	820.000	-57.073
10	821.000	-56.917
10	822.000	-56.866
10	823.000	-56.764
10	824.000	-56.640
10	825.000	-56.616
10	826.000	-56.671
10	827.000	-56.786
10	828.000	-56.947
10	829.000	-57.142
10	830.000	-57.363
10	831.000	-57.601
10	832.000	-57.850
10	833.000	-58.107
10	834.000	-58.367
10	835.000	-58.543
10	836.000	-58.562
10	837.000	-58.522
10	838.000	-58.400
10	839.000	-58.363
10	840.000	-58.392
10	841.000	-58.473
10	842.000	-58.592
10	843.000	-58.741
10	844.000	-58.911
10	845.000	-59.096
10	846.000	-59.291
10	847.000	-59.493
10	848.000	-59.699
10	849.000	-59.904
10	850.000	-60.109
10	851.000	-60.311
10	852.000	-60.509
10	853.000	-60.702
10	854.000	-60.890
10	855.000	-61.072
10	856.000	-61.104
10	857.000	-61.036
10	858.000	-61.018
10	859.000	-61.038
10	860.000	-61.058
10	861.000	-60.869
10	862.000	-60.758
10	863.000	-60.566
10	864.000	-60.066
10	865.000	-59.508
10	866.000	-59.078
10	867.000	-58.799
10	868.000	-58.637
10	869.000	-58.566
10	870.000	-58.568
10	871.000	-58.437
10	872.000	-58.322
10	873.000	-58.291
10	874.000	-58.215
10	875.000	-58.068
10	876.000	-57.959
10	877.000	-57.736
10	878.000	-57.544
10	879.000	-57.127
10	880.000	-56.454
10	881.000	-55.845
10	882.000	-55.456
10	883.000	-55.085
10	884.000	-54.795
10	885.000	-54.658
10	886.000	-54.641
10	887.000	-54.717
10	888.000	-54.864
10	889.000	-55.065
10	890.000	-55.308
10	891.000	-55.580
10	892.000	-55.874
10	893.000	-56.181
10	894.000	-56.293
10	895.000	-56.410
10	896.000	-56.494
10	897.000	-56.465
10	898.000	-56.516
10	899.000	-56.629
10	900.000	-56.789
10	901.000	-56.984
10	902.000	-57.205
10	903.000	-57.445
10	904.000	-57.561
10	905.000	-57.462
10	906.000	-57.332
10	907.000	-57.297
10	908.000	-57.178
10	909.000	-57.060
10	910.000	-57.037
10	911.000	-57.088
10	912.000	-57.196
10	913.000	-57.347
10	914.000	-57.531
10	915.000	-57.738
10	916.000	-57.962
10	917.000	-58.197
10	918.000	-58.439
10	919.000	-58.684
10	920.000	-58.929
10	921.000	-59.172
10	922.000	-59.412
10	923.000	-59.647
10	924.000	-59.876
10	925.000	-60.098
10	926.000	-60.313
10	927.000	-60.521
10	928.000	-60.722
10	929.000	-60.914
10	930.000	-61.099
10	931.000	-61.133
10	932.000	-61.066
10	933.000	-60.959
10	934.000	-60.700
10	935.000	-60.158
10	936.000	-59.629
10	937.000	-59.036
10	938.000	-58.632
10	939.000	-58.212
10	940.000	-57.853
10	941.000	-57.637
10	942.000	-57.534
10	943.000	-57.518
10	944.000	-57.570
10	945.000	-57.674
10	946.000	-57.819
10	947.000	-57.992
10	948.000	-58.188
10	949.000	-58.314
10	950.000	-58.297
10	951.000	-58.341
10	952.000	-58.432
10	953.000	-58.560
10	954.000	-58.714
10	955.000	-58.725
10	956.000	-58.691
10	957.000	-58.719
10	958.000	-58.737
10	959.000	-58.604
10	960.000	-58.555
10	961.000	-58.573
10	962.000	-58.641
10	963.000	-58.749
10	964.000	-58.699
10	965.000	-58.642
10	966.000	-58.653
10	967.000	-58.716
10	968.000	-58.819
10	969.000	-58.952
10	970.000	-59.107
10	971.000	-59.278
10	972.000	-59.460
10	973.000	-59.649
10	974.000	-59.842
10	975.000	-60.036
10	976.000	-60.230
10	977.000	-60.362
10	978.000	-60.297
10	979.000	-60.145
10	980.000	-59.945
10	981.000	-59.833
10	982.000	-59.790
10	983.000	-59.538
10	984.000	-59.390
10	985.000	-59.323
10	986.000	-59.180
10	987.000	-58.998
10	988.000	-58.908
10	989.000	-58.890
10	990.000	-58.843
10	991.000	-58.686
10	992.000	-58.344
10	993.000	-57.664
10	994.000	-57.183
10	995.000	-56.698
10	996.000	-56.327
10	997.000	-55.960
10	998.000	-55.663
10	999.000	-55.514
10	1000.000	-55.479
10	1001.000	-55.534
10	1002.000	-55.657
10	1003.000	-55.752
10	1004.000	-55.739
10	1005.000	-55.809
10	1006.000	-55.941
10	1007.000	-56.121
10	1008.000	-56.338
10	1009.000	-56.580
10	1010.000	-56.841
10	1011.000	-57.114
10	1012.000	-57.394
10	1013.000	-57.517
10	1014.000	-57.582
10	1015.000	-57.697
10	1016.000	-57.848
10	1017.000	-58.027
10	1018.000	-58.225
10	1019.000	-58.438
10	1020.000	-58.659
10	1021.000	-58.856
10	1022.000	-58.694
10	1023.000	-58.500
10	1024.000	-58.406
10	1025.000	-58.390
10	1026.000	-58.433
10	1027.000	-58.523
10	1028.000	-58.648
10	1029.000	-58.714
10	1030.000	-58.508
10	1031.000	-58.283
10	1032.000	-58.166
10	1033.000	-58.134
10	1034.000	-58.167
10	1035.000	-58.252
10	1036.000	-58.375
10	1037.000	-58.527
10	1038.000	-58.700
10	1039.000	-58.889
10	1040.000	-59.087
10	1041.000	-59.292
10	1042.000	-59.442
10	1043.000	-59.163
10	1044.000	-58.974
10	1045.000	-58.879
10	1046.000	-58.857
10	1047.000	-58.755
10	1048.000	-58.607
10	1049.000	-58.547
10	1050.000	-58.555
10	1051.000	-58.617
10	1052.000	-58.719
10	1053.000	-58.851
10	1054.000	-59.006
10	1055.000	-59.178
10	1056.000	-59.361
10	1057.000	-59.522
10	1058.000	-59.460
10	1059.000	-59.244
10	1060.000	-59.079
10	1061.000	-59.001
10	1062.000	-58.992
10	1063.000	-59.036
10	1064.000	-59.120
10	1065.000	-59.046
10	1066.000	-58.968
10	1067.000	-58.746
10	1068.000	-58.369
10	1069.000	-58.088
10	1070.000	-57.930
10	1071.000	-57.868
10	1072.000	-57.881
10	1073.000	-57.867
10	1074.000	-57.746
10	1075.000	-57.714
10	1076.000	-57.751
10	1077.000	-57.841
10	1078.000	-57.972
10	1079.000	-58.134
10	1080.000	-58.318
10	1081.000	-58.517
10	1082.000	-58.728
10	1083.000	-58.945
10	1084.000	-59.165
10	1085.000	-59.386
10	1086.000	-59.605
10	1087.000	-59.763
10	1088.000	-59.725
10	1089.000	-59.739
10	1090.000	-59.795
10	1091.000	-59.882
10	1092.000	-59.993
10	1093.000	-59.856
10	1094.000	-59.707
10	1095.000	-59.460
10	1096.000	-59.315
10	1097.000	-58.873
10	1098.000	-58.443
10	1099.000	-58.166
10	1100.000	-58.010
10	1101.000	-57.949
10	1102.000	-57.961
10	1103.000	-58.030
10	1104.000	-58.143
10	1105.000	-58.289
10	1106.000	-58.459
10	1107.000	-58.647
10	1108.000	-58.847
10	1109.000	-59.055
10	1110.000	-59.266
10	1111.000	-59.289
10	1112.000	-59.284
10	1113.000	-59.327
10	1114.000	-59.409
10	1115.000	-59.520
10	1116.000	-59.652
10	1117.000	-59.799
10	1118.000	-59.958
10	1119.000	-60.123
10	1120.000	-60.293
10	1121.000	-60.465
10	1122.000	-60.636
10	1123.000	-60.604
10	1124.000	-60.090
10	1125.000	-59.662
10	1126.000	-59.378
10	1127.000	-58.944
10	1128.000	-58.661
10	1129.000	-58.467
10	1130.000	-58.144
10	1131.000	-57.953
10	1132.000	-57.864
10	1133.000	-57.856
10	1134.000	-57.910
10	1135.000	-58.013
10	1136.000	-58.151
10	1137.000	-58.316
10	1138.000	-58.502
10	1139.000	-58.701
10	1140.000	-58.532
10	1141.000	-57.435
10	1142.000	-56.525
10	1143.000	-55.902
10	1144.000	-55.499
10	1145.000	-55.270
10	1146.000	-55.174
10	1147.000	-55.130
10	1148.000	-54.990
10	1149.000	-54.745
10	1150.000	-54.621
10	1151.000	-54.613
10	1152.000	-54.694
10	1153.000	-54.844
10	1154.000	-55.047
10	1155.000	-55.289
10	1156.000	-55.559
10	1157.000	-55.850
10	1158.000	-56.154
10	1159.000	-56.466
10	1160.000	-56.782
10	1161.000	-56.891
10	1162.000	-57.000
10	1163.000	-57.152
10	1164.000	-57.336
10	1165.000	-57.545
10	1166.000	-57.770
10	1167.000	-58.006
10	1168.000	-58.249
10	1169.000	-58.496
10	1170.000	-58.742
10	1171.000	-58.750
10	1172.000	-58.786
10	1173.000	-58.866
10	1174.000	-58.980
10	1175.000	-58.980
10	1176.000	-58.880
10	1177.000	-58.366
10	1178.000	-58.027
10	1179.000	-57.823
10	1180.000	-57.726
10	1181.000	-57.713
10	1182.000	-57.572
10	1183.000	-56.982
10	1184.000	-56.573
10	1185.000	-56.329
10	1186.000	-56.214
10	1187.000	-56.200
10	1188.000	-56.131
10	1189.000	-56.037
10	1190.000	-56.040
10	1191.000	-55.962
10	1192.000	-55.887
10	1193.000	-55.905
10	1194.000	-55.969
10	1195.000	-55.848
10	1196.000	-55.614
10	1197.000	-55.512
10	1198.000	-55.513
10	1199.000	-55.595
10	1200.000	-55.737
10	1201.000	-55.771
10	1202.000	-55.784
10	1203.000	-55.872
10	1204.000	-56.017
10	1205.000	-56.206
10	1206.000	-56.092
10	1207.000	-55.919
10	1208.000	-55.862
10	1209.000	-55.840
10	1210.000	-55.709
10	1211.000	-55.686
10	1212.000	-55.568
10	1213.000	-55.490
10	1214.000	-55.509
10	1215.000	-55.577
10	1216.000	-55.386
10	1217.000	-55.181
10	1218.000	-55.105
10	1219.000	-55.129
10	1220.000	-55.231
10	1221.000	-55.239
10	1222.000	-55.238
10	1223.000	-55.319
10	1224.000	-55.463
10	1225.000	-55.656
10	1226.000	-55.640
10	1227.000	-55.706
10	1228.000	-55.835
10	1229.000	-56.013
10	1230.000	-56.228
10	1231.000	-56.469
10	1232.000	-56.728
10	1233.000	-57.000
10	1234.000	-57.279
10	1235.000	-57.562
10	1236.000	-57.845
10	1237.000	-58.125
10	1238.000	-58.402
10	1239.000	-58.672
10	1240.000	-58.936
10	1241.000	-59.192
10	1242.000	-59.440
10	1243.000	-59.680
10	1244.000	-59.911
10	1245.000	-60.133
10	1246.000	-60.346
10	1247.000	-60.551
10	1248.000	-60.578
10	1249.000	-60.293
10	1250.000	-60.088
10	1251.000	-59.541
10	1252.000	-59.068
10	1253.000	-58.753
10	1254.000	-58.562
10	1255.000	-58.468
10	1256.000	-58.450
10	1257.000	-58.491
10	1258.000	-58.577
10	1259.000	-58.697
10	1260.000	-58.608
10	1261.000	-58.569
10	1262.000	-58.536
10	1263.000	-58.363
10	1264.000	-58.123
10	1265.000	-57.647
10	1266.000	-57.341
10	1267.000	-57.170
10	1268.000	-56.920
10	1269.000	-56.727
10	1270.000	-56.647
10	1271.000	-56.656
10	1272.000	-56.733
10	1273.000	-56.612
10	1274.000	-56.589
10	1275.000	-56.642
10	1276.000	-56.754
10	1277.000	-56.910
10	1278.000	-57.099
10	1279.000	-57.313
10	1280.000	-57.409
10	1281.000	-57.429
10	1282.000	-57.508
10	1283.000	-57.424
10	1284.000	-57.377
10	1285.000	-57.153
10	1286.000	-57.045
10	1287.000	-57.029
10	1288.000	-57.083
10	1289.000	-57.191
10	1290.000	-57.341
10	1291.000	-57.387
10	1292.000	-57.260
10	1293.000	-57.082
10	1294.000	-56.829
10	1295.000	-56.634
10	1296.000	-56.553
10	1297.000	-56.562
10	1298.000	-56.584
10	1299.000	-56.346
10	1300.000	-56.118
10	1301.000	-56.017
10	1302.000	-56.014
10	1303.000	-56.088
10	1304.000	-56.220
10	1305.000	-56.396
10	1306.000	-56.606
10	1307.000	-56.839
10	1308.000	-57.090
10	1309.000	-57.351
10	1310.000	-57.388
10	1311.000	-57.349
10	1312.000	-57.239
10	1313.000	-57.219
10	1314.000	-57.269
10	1315.000	-57.372
10	1316.000	-57.517
10	1317.000	-57.556
10	1318.000	-57.531
10	1319.000	-57.573
10	1320.000	-57.669
10	1321.000	-57.804
10	1322.000	-57.970
10	1323.000	-58.157
10	1324.000	-58.360
10	1325.000	-58.574
10	1326.000	-58.794
10	1327.000	-58.987
10	1328.000	-58.845
10	1329.000	-58.638
10	1330.000	-58.531
10	1331.000	-58.502
10	1332.000	-58.534
10	1333.000	-58.612
10	1334.000	-58.726
10	1335.000	-58.867
10	1336.000	-59.028
10	1337.000	-59.203
10	1338.000	-59.386
10	1339.000	-59.576
10	1340.000	-59.768
10	1341.000	-59.961
10	1342.000	-60.153
10	1343.000	-60.342
10	1344.000	-60.527
10	1345.000	-60.708
10	1346.000	-60.883
10	1347.000	-60.965
10	1348.000	-60.880
10	1349.000	-60.848
10	1350.000	-60.856
10	1351.000	-60.808
10	1352.000	-60.625
10	1353.000	-60.518
10	1354.000	-60.442
10	1355.000	-60.184
10	1356.000	-60.023
10	1357.000	-59.800
10	1358.000	-59.546
10	1359.000	-59.394
10	1360.000	-59.324
10	1361.000	-59.315
10	1362.000	-59.356
10	1363.000	-59.434
10	1364.000	-59.541
10	1365.000	-59.556
10	1366.000	-59.463
10	1367.000	-59.175
10	1368.000	-58.741
10	1369.000	-58.458
10	1370.000	-58.210
10	1371.000	-57.903
10	1372.000	-57.725
10	1373.000	-57.648
10	1374.000	-57.396
10	1375.000	-57.266
10	1376.000	-56.944
10	1377.000	-56.547
10	1378.000	-56.311
10	1379.000	-56.202
10	1380.000	-55.944
10	1381.000	-55.821
10	1382.000	-55.775
10	1383.000	-55.599
10	1384.000	-55.383
10	1385.000	-54.688
10	1386.000	-54.039
10	1387.000	-53.630
10	1388.000	-53.409
10	1389.000	-53.333
10	1390.000	-53.371
10	1391.000	-53.497
10	1392.000	-53.691
10	1393.000	-53.937
10	1394.000	-53.982
10	1395.000	-54.109
10	1396.000	-54.299
10	1397.000	-54.536
10	1398.000	-54.809
10	1399.000	-55.107
10	1400.000	-55.268
10	1401.000	-55.385
10	1402.000	-55.556
10	1403.000	-55.563
10	1404.000	-55.363
10	1405.000	-55.289
10	1406.000	-55.313
10	1407.000	-55.412
10	1408.000	-55.570
10	1409.000	-55.772
10	1410.000	-56.006
10	1411.000	-56.264
10	1412.000	-56.538
10	1413.000	-56.822
10	1414.000	-56.906
10	1415.000	-56.994
10	1416.000	-57.129
10	1417.000	-57.299
10	1418.000	-57.496
10	1419.000	-57.684
10	1420.000	-57.664
10	1421.000	-57.711
10	1422.000	-57.623
10	1423.000	-57.546
10	1424.000	-57.549
10	1425.000	-57.383
10	1426.000	-57.295
10	1427.000	-57.040
10	1428.000	-56.909
10	1429.000	-56.330
10	1430.000	-55.511
10	1431.000	-54.964
10	1432.000	-54.626
10	1433.000	-54.452
10	1434.000	-54.254
10	1435.000	-54.102
10	1436.000	-54.074
10	1437.000	-54.144
10	1438.000	-54.289
10	1439.000	-54.491
10	1440.000	-54.736
10	1441.000	-55.013
10	1442.000	-55.313
10	1443.000	-55.627
10	1444.000	-55.951
10	1445.000	-56.280
10	1446.000	-56.609
10	1447.000	-56.935
10	1448.000	-57.257
10	1449.000	-57.573
10	1450.000	-57.881
10	1451.000	-58.180
10	1452.000	-58.470
10	1453.000	-58.750
10	1454.000	-59.020
10	1455.000	-59.280
10	1456.000	-59.078
10	1457.000	-58.687
10	1458.000	-58.391
10	1459.000	-58.217
10	1460.000	-57.883
10	1461.000	-57.684
10	1462.000	-57.592
10	1463.000	-57.582
10	1464.000	-57.636
10	1465.000	-57.683
10	1466.000	-57.582
10	1467.000	-57.431
10	1468.000	-56.795
10	1469.000	-56.089
10	1470.000	-55.377
10	1471.000	-54.911
10	1472.000	-54.636
10	1473.000	-54.431
10	1474.000	-54.199
10	1475.000	-54.110
10	1476.000	-54.131
10	1477.000	-54.238
10	1478.000	-54.411
10	1479.000	-54.634
10	1480.000	-54.765
10	1481.000	-54.840
10	1482.000	-54.741
10	1483.000	-54.749
10	1484.000	-54.622
10	1485.000	-54.588
10	1486.000	-54.649
10	1487.000	-54.599
10	1488.000	-54.349
10	1489.000	-54.244
10	1490.000	-54.056
10	1491.000	-53.959
10	1492.000	-53.974
10	1493.000	-54.078
10	1494.000	-54.250
10	1495.000	-54.474
10	1496.000	-54.657
10	1497.000	-54.571
10	1498.000	-54.263
10	1499.000	-54.114
10	1500.000	-54.089
10	1501.000	-54.160
10	1502.000	-54.305
10	1503.000	-54.508
10	1504.000	-54.601
10	1505.000	-54.671
10	1506.000	-54.812
10	1507.000	-55.006
10	1508.000	-55.241
10	1509.000	-55.505
10	1510.000	-55.790
10	1511.000	-56.090
10	1512.000	-56.398
10	1513.000	-56.709
10	1514.000	-57.021
10	1515.000	-57.275
10	1516.000	-57.014
10	1517.000	-56.272
10	1518.000	-55.708
10	1519.000	-55.352
10	1520.000	-55.158
10	1521.000	-55.089
10	1522.000	-55.119
10	1523.000	-55.003
10	1524.000	-54.948
10	1525.000	-54.775
10	1526.000	-54.725
10	1527.000	-54.694
10	1528.000	-54.353
10	1529.000	-54.178
10	1530.000	-54.132
10	1531.000	-54.187
10	1532.000	-54.123
10	1533.000	-53.883
10	1534.000	-53.687
10	1535.000	-53.494
10	1536.000	-53.439
10	1537.000	-53.492
10	1538.000	-53.628
10	1539.000	-53.829
10	1540.000	-54.079
10	1541.000	-54.364
10	1542.000	-54.676
10	1543.000	-55.005
10	1544.000	-55.345
10	1545.000	-55.691
10	1546.000	-56.039
10	1547.000	-56.385
10	1548.000	-56.365
10	1549.000	-56.074
10	1550.000	-55.641
10	1551.000	-55.386
10	1552.000	-55.269
10	1553.000	-55.259
10	1554.000	-55.333
10	1555.000	-55.471
10	1556.000	-55.657
10	1557.000	-55.881
10	1558.000	-55.975
10	1559.000	-55.830
10	1560.000	-55.749
10	1561.000	-55.764
10	1562.000	-55.853
10	1563.000	-55.752
10	1564.000	-55.751
10	1565.000	-55.827
10	1566.000	-55.739
10	1567.000	-55.726
10	1568.000	-55.793
10	1569.000	-55.676
10	1570.000	-55.663
10	1571.000	-55.731
10	1572.000	-55.861
10	1573.000	-56.038
10	1574.000	-56.251
10	1575.000	-56.490
10	1576.000	-56.746
10	1577.000	-57.015
10	1578.000	-57.290
10	1579.000	-57.569
10	1580.000	-57.299
10	1581.000	-56.944
10	1582.000	-56.737
10	1583.000	-56.645
10	1584.000	-56.644
10	1585.000	-56.713
10	1586.000	-56.835
10	1587.000	-56.816
10	1588.000	-56.800
10	1589.000	-56.856
10	1590.000	-56.968
10	1591.000	-57.121
10	1592.000	-57.306
10	1593.000	-57.514
10	1594.000	-57.737
10	1595.000	-57.972
10	1596.000	-58.212
10	1597.000	-58.221
10	1598.000	-58.262
10	1599.000	-58.348
10	1600.000	-58.471
10	1601.000	-58.620
10	1602.000	-58.788
10	1603.000	-58.734
10	1604.000	-58.720
10	1605.000	-58.761
10	1606.000	-58.844
10	1607.000	-58.960
10	1608.000	-59.099
10	1609.000	-59.091
10	1610.000	-59.036
10	1611.000	-59.043
10	1612.000	-59.097
10	1613.000	-59.188
10	1614.000	-59.305
10	1615.000	-59.444
10	1616.000	-59.596
10	1617.000	-59.759
10	1618.000	-59.929
10	1619.000	-59.961
10	1620.000	-59.736
10	1621.000	-59.507
10	1622.000	-59.375
10	1623.000	-59.129
10	1624.000	-58.916
10	1625.000	-58.800
10	1626.000	-58.762
10	1627.000	-58.783
10	1628.000	-58.688
10	1629.000	-58.570
10	1630.000	-58.531
10	1631.000	-58.555
10	1632.000	-58.626
10	1633.000	-58.734
10	1634.000	-58.757
10	1635.000	-58.679
10	1636.000	-58.670
10	1637.000	-58.716
10	1638.000	-58.590
10	1639.000	-58.499
10	1640.000	-58.345
10	1641.000	-58.161
10	1642.000	-58.074
10	1643.000	-58.064
10	1644.000	-58.114
10	1645.000	-58.209
10	1646.000	-58.283
10	1647.000	-58.195
10	1648.000	-57.997
10	1649.000	-57.831
10	1650.000	-57.763
10	1651.000	-57.585
10	1652.000	-57.255
10	1653.000	-56.746
10	1654.000	-56.422
10	1655.000	-56.244
10	1656.000	-56.179
10	1657.000	-56.202
10	1658.000	-56.238
10	1659.000	-55.921
10	1660.000	-55.729
10	1661.000	-55.659
10	1662.000	-55.682
10	1663.000	-55.777
10	1664.000	-55.928
10	1665.000	-56.121
10	1666.000	-56.097
10	1667.000	-56.153
10	1668.000	-56.269
10	1669.000	-56.219
10	1670.000	-55.971
10	1671.000	-55.855
10	1672.000	-55.840
10	1673.000	-55.905
10	1674.000	-56.032
10	1675.000	-56.205
10	1676.000	-56.412
10	1677.000	-56.238
10	1678.000	-56.086
10	1679.000	-56.042
10	1680.000	-55.924
10	1681.000	-55.575
10	1682.000	-55.384
10	1683.000	-55.316
10	1684.000	-55.344
10	1685.000	-55.446
10	1686.000	-55.604
10	1687.000	-55.806
10	1688.000	-56.039
10	1689.000	-56.296
10	1690.000	-56.568
10	1691.000	-56.850
10	1692.000	-57.137
10	1693.000	-57.426
10	1694.000	-57.554
10	1695.000	-57.592
10	1696.000	-57.458
10	1697.000	-57.417
10	1698.000	-57.391
10	1699.000	-57.008
10	1700.000	-56.675
10	1701.000	-56.320
10	1702.000	-56.118
10	1703.000	-56.035
10	1704.000	-56.046
10	1705.000	-56.129
10	1706.000	-56.135
10	1707.000	-56.098
10	1708.000	-56.142
10	1709.000	-56.251
10	1710.000	-56.408
10	1711.000	-56.601
10	1712.000	-56.822
10	1713.000	-56.832
10	1714.000	-56.636
10	1715.000	-56.554
10	1716.000	-56.356
10	1717.000	-56.230
10	1718.000	-56.206
10	1719.000	-56.260
10	1720.000	-56.374
10	1721.000	-56.535
10	1722.000	-56.730
10	1723.000	-56.667
10	1724.000	-56.443
10	1725.000	-56.040
10	1726.000	-55.584
10	1727.000	-54.946
10	1728.000	-54.321
10	1729.000	-53.841
10	1730.000	-53.562
10	1731.000	-53.441
10	1732.000	-53.442
10	1733.000	-53.537
10	1734.000	-53.513
10	1735.000	-53.374
10	1736.000	-53.298
10	1737.000	-53.334
10	1738.000	-53.459
10	1739.000	-53.652
10	1740.000	-53.701
10	1741.000	-53.790
10	1742.000	-53.952
10	1743.000	-54.170
10	1744.000	-54.351
10	1745.000	-54.419
10	1746.000	-54.559
10	1747.000	-54.755
10	1748.000	-54.840
10	1749.000	-54.901
10	1750.000	-54.790
10	1751.000	-54.548
10	1752.000	-54.447
10	1753.000	-54.305
10	1754.000	-54.195
10	1755.000	-54.199
10	1756.000	-54.189
10	1757.000	-54.134
10	1758.000	-54.181
10	1759.000	-54.308
10	1760.000	-54.495
10	1761.000	-54.728
10	1762.000	-54.995
10	1763.000	-55.286
10	1764.000	-55.594
10	1765.000	-55.912
10	1766.000	-56.236
10	1767.000	-56.561
10	1768.000	-56.884
10	1769.000	-57.204
10	1770.000	-57.058
10	1771.000	-56.965
10	1772.000	-56.960
10	1773.000	-56.995
10	1774.000	-56.865
10	1775.000	-56.627
10	1776.000	-56.467
10	1777.000	-56.415
10	1778.000	-56.242
10	1779.000	-56.136
10	1780.000	-56.127
10	1781.000	-56.194
10	1782.000	-56.319
10	1783.000	-56.262
10	1784.000	-56.269
10	1785.000	-56.346
10	1786.000	-56.230
10	1787.000	-56.212
10	1788.000	-56.272
10	1789.000	-56.390
10	1790.000	-56.554
10	1791.000	-56.570
10	1792.000	-56.584
10	1793.000	-56.664
10	1794.000	-56.796
10	1795.000	-56.966
10	1796.000	-57.165
10	1797.000	-57.077
10	1798.000	-56.650
10	1799.000	-56.288
10	1800.000	-55.808
10	1801.000	-55.375
10	1802.000	-55.122
10	1803.000	-55.008
10	1804.000	-54.761
10	1805.000	-54.654
10	1806.000	-54.658
10	1807.000	-54.618
10	1808.000	-54.363
10	1809.000	-54.210
10	1810.000	-54.182
10	1811.000	-54.249
10	1812.000	-54.390
10	1813.000	-54.509
10	1814.000	-54.375
10	1815.000	-54.271
10	1816.000	-54.279
10	1817.000	-54.373
10	1818.000	-54.535
10	1819.000	-54.274
10	1820.000	-53.915
10	1821.000	-53.729
10	1822.000	-53.677
10	1823.000	-53.537
10	1824.000	-53.479
10	1825.000	-53.529
10	1826.000	-53.663
10	1827.000	-53.861
10	1828.000	-54.107
10	1829.000	-54.216
10	1830.000	-54.324
10	1831.000	-54.496
10	1832.000	-54.718
10	1833.000	-54.743
10	1834.000	-54.597
10	1835.000	-54.569
10	1836.000	-54.555
10	1837.000	-54.102
10	1838.000	-53.732
10	1839.000	-53.538
10	1840.000	-53.483
10	1841.000	-53.482
10	1842.000	-53.392
10	1843.000	-53.417
10	1844.000	-53.533
10	1845.000	-53.591
10	1846.000	-53.620
10	1847.000	-53.736
10	1848.000	-53.919
10	1849.000	-53.915
10	1850.000	-54.004
10	1851.000	-54.014
10	1852.000	-54.024
10	1853.000	-54.122
10	1854.000	-54.289
10	1855.000	-54.507
10	1856.000	-54.765
10	1857.000	-54.946
10	1858.000	-54.879
10	1859.000	-54.821
10	1860.000	-54.861
10	1861.000	-54.976
10	1862.000	-55.095
10	1863.000	-55.026
10	1864.000	-54.867
10	1865.000	-54.827
10	1866.000	-54.828
10	1867.000	-54.724
10	1868.000	-54.728
10	1869.000	-54.713
10	1870.000	-54.649
10	1871.000	-54.685
10	1872.000	-54.798
10	1873.000	-54.818
10	1874.000	-54.829
10	1875.000	-54.921
10	1876.000	-55.077
10	1877.000	-55.280
10	1878.000	-55.519
10	1879.000	-55.784
10	1880.000	-56.067
10	1881.000	-56.361
10	1882.000	-56.662
10	1883.000	-56.966
10	1884.000	-57.269
10	1885.000	-57.569
10	1886.000	-57.864
10	1887.000	-58.153
10	1888.000	-58.434
10	1889.000	-58.707
10	1890.000	-58.833
10	1891.000	-58.859
10	1892.000	-58.901
10	1893.000	-58.517
10	1894.000	-58.251
10	1895.000	-58.100
10	1896.000	-58.041
10	1897.000	-58.051
10	1898.000	-58.117
10	1899.000	-58.167
10	1900.000	-58.063
10	1901.000	-57.830
10	1902.000	-57.662
10	1903.000	-57.593
10	1904.000	-57.601
10	1905.000	-57.639
10	1906.000	-57.504
10	1907.000	-57.461
10	1908.000	-57.490
10	1909.000	-57.574
10	1910.000	-57.470
10	1911.000	-57.428
10	1912.000	-57.459
10	1913.000	-57.544
10	1914.000	-57.537
10	1915.000	-57.418
10	1916.000	-57.192
10	1917.000	-57.082
10	1918.000	-57.061
10	1919.000	-57.111
10	1920.000	-57.215
10	1921.000	-57.360
10	1922.000	-57.536
10	1923.000	-57.734
10	1924.000	-57.948
10	1925.000	-58.173
10	1926.000	-58.404
10	1927.000	-58.637
10	1928.000	-58.871
10	1929.000	-59.104
10	1930.000	-59.332
10	1931.000	-59.556
10	1932.000	-59.775
10	1933.000	-59.987
10	1934.000	-60.193
10	1935.000	-60.391
10	1936.000	-60.583
10	1937.000	-60.767
10	1938.000	-60.883
10	1939.000	-60.530
10	1940.000	-60.292
10	1941.000	-60.146
10	1942.000	-60.071
10	1943.000	-59.886
10	1944.000	-59.686
10	1945.000	-59.573
10	1946.000	-59.530
10	1947.000	-59.541
10	1948.000	-59.165
10	1949.000	-58.827
10	1950.000	-58.454
10	1951.000	-58.125
10	1952.000	-57.927
10	1953.000	-57.832
10	1954.000	-57.657
10	1955.000	-57.488
10	1956.000	-57.310
10	1957.000	-57.092
10	1958.000	-56.989
10	1959.000	-56.975
10	1960.000	-57.031
10	1961.000	-57.006
10	1962.000	-56.935
10	1963.000	-56.947
10	1964.000	-57.022
10	1965.000	-56.941
10	1966.000	-56.871
10	1967.000	-56.661
10	1968.000	-56.568
10	1969.000	-56.566
10	1970.000	-56.634
10	1971.000	-56.756
10	1972.000	-56.837
10	1973.000	-56.799
10	1974.000	-56.837
10	1975.000	-56.769
10	1976.000	-56.449
10	1977.000	-56.273
10	1978.000	-56.209
10	1979.000	-56.232
10	1980.000	-56.322
10	1981.000	-56.409
10	1982.000	-56.354
10	1983.000	-56.383
10	1984.000	-56.477
10	1985.000	-56.620
10	1986.000	-56.719
10	1987.000	-56.695
10	1988.000	-56.746
10	1989.000	-56.798
10	1990.000	-56.711
10	1991.000	-56.555
10	1992.000	-56.412
10	1993.000	-56.216
10	1994.000	-56.045
10	1995.000	-55.881
10	1996.000	-55.689
10	1997.000	-55.618
10	1998.000	-55.510
10	1999.000	-55.169
10	2000.000	-54.886
