# NEST version: UNKNOWN
# RecordingBackendASCII version: 2
sender	time_ms	V_m
803	1.000	-55.992
803	2.000	-56.425
803	3.000	-56.829
803	4.000	-57.208
803	5.000	-57.566
803	6.000	-57.906
803	7.000	-58.231
803	8.000	-58.541
803	9.000	-58.579
803	10.000	-58.666
803	11.000	-58.788
803	12.000	-58.937
803	13.000	-59.106
803	14.000	-59.289
803	15.000	-59.482
803	16.000	-59.680
803	17.000	-59.881
803	18.000	-60.082
803	19.000	-60.282
803	20.000	-60.479
803	21.000	-60.673
803	22.000	-60.861
803	23.000	-61.045
803	24.000	-61.222
803	25.000	-61.394
803	26.000	-61.560
803	27.000	-61.719
803	28.000	-61.872
803	29.000	-61.770
803	30.000	-61.695
803	31.000	-61.666
803	32.000	-61.673
803	33.000	-61.392
803	34.000	-60.981
803	35.000	-60.698
803	36.000	-60.518
803	37.000	-60.418
803	38.000	-60.381
803	39.000	-60.393
803	40.000	-60.442
803	41.000	-60.521
803	42.000	-60.622
803	43.000	-60.429
803	44.000	-60.097
803	45.000	-59.683
803	46.000	-59.087
803	47.000	-58.681
803	48.000	-58.423
803	49.000	-58.283
803	50.000	-58.233
803	51.000	-58.118
803	52.000	-57.969
803	53.000	-57.917
803	54.000	-57.939
803	55.000	-58.018
803	56.000	-58.141
803	57.000	-58.297
803	58.000	-58.477
803	59.000	-58.618
803	60.000	-58.347
803	61.000	-58.174
803	62.000	-58.100
803	63.000	-58.020
803	64.000	-57.848
803	65.000	-57.778
803	66.000	-57.732
803	67.000	-57.562
803	68.000	-57.496
803	69.000	-57.511
803	70.000	-57.589
803	71.000	-57.715
803	72.000	-57.877
803	73.000	-58.065
803	74.000	-58.273
803	75.000	-58.494
803	76.000	-58.723
803	77.000	-58.957
803	78.000	-58.932
803	79.000	-58.966
803	80.000	-58.988
803	81.000	-58.856
803	82.000	-58.808
803	83.000	-58.825
803	84.000	-58.729
803	85.000	-58.615
803	86.000	-58.348
803	87.000	-58.178
803	88.000	-57.945
803	89.000	-57.734
803	90.000	-57.635
803	91.000	-57.623
803	92.000	-57.595
803	93.000	-57.469
803	94.000	-57.437
803	95.000	-57.480
803	96.000	-57.579
803	97.000	-57.721
803	98.000	-57.896
803	99.000	-58.094
803	100.000	-58.310
803	101.000	-58.536
803	102.000	-58.769
803	103.000	-58.920
803	104.000	-58.657
803	105.000	-58.510
803	106.000	-58.454
803	107.000	-58.468
803	108.000	-58.374
803	109.000	-58.265
803	110.000	-58.239
803	111.000	-58.279
803	112.000	-58.370
803	113.000	-58.498
803	114.000	-58.518
803	115.000	-58.470
803	116.000	-58.490
803	117.000	-58.563
803	118.000	-58.677
803	119.000	-58.821
803	120.000	-58.958
803	121.000	-58.887
803	122.000	-58.886
803	123.000	-58.939
803	124.000	-59.034
803	125.000	-59.160
803	126.000	-59.049
803	127.000	-58.779
803	128.000	-58.602
803	129.000	-58.465
803	130.000	-58.132
803	131.000	-57.765
803	132.000	-57.546
803	133.000	-57.442
803	134.000	-57.429
803	135.000	-57.485
803	136.000	-57.539
803	137.000	-57.196
803	138.000	-56.819
803	139.000	-56.533
803	140.000	-56.207
803	141.000	-55.966
803	142.000	-55.860
803	143.000	-55.858
803	144.000	-55.938
803	145.000	-55.877
803	146.000	-55.866
803	147.000	-55.939
803	148.000	-55.895
803	149.000	-55.874
803	150.000	-55.939
803	151.000	-56.069
803	152.000	-56.248
803	153.000	-56.308
803	154.000	-56.311
803	155.000	-56.170
803	156.000	-56.139
803	157.000	-56.193
803	158.000	-56.313
803	159.000	-56.325
803	160.000	-56.320
803	161.000	-56.364
803	162.000	-56.148
803	163.000	-55.918
803	164.000	-55.822
803	165.000	-55.828
803	166.000	-55.913
803	167.000	-56.032
803	168.000	-55.984
803	169.000	-56.026
803	170.000	-56.110
803	171.000	-55.954
803	172.000	-55.747
803	173.000	-55.270
803	174.000	-54.901
803	175.000	-54.707
803	176.000	-54.595
803	177.000	-54.414
803	178.000	-54.367
803	179.000	-54.425
803	180.000	-54.562
803	181.000	-54.657
803	182.000	-54.684
803	183.000	-54.796
803	184.000	-54.973
803	185.000	-55.198
803	186.000	-55.329
803	187.000	-55.402
803	188.000	-55.543
803	189.000	-55.735
803	190.000	-55.966
803	191.000	-56.225
803	192.000	-56.504
803	193.000	-56.795
803	194.000	-57.094
803	195.000	-57.237
803	196.000	-57.323
803	197.000	-57.458
803	198.000	-57.628
803	199.000	-57.595
803	200.000	-57.403
803	201.000	-57.277
803	202.000	-57.065
803	203.000	-56.902
803	204.000	-56.848
803	205.000	-56.796
803	206.000	-56.660
803	207.000	-56.628
803	208.000	-56.677
803	209.000	-56.789
803	210.000	-56.948
803	211.000	-57.142
803	212.000	-57.362
803	213.000	-57.573
803	214.000	-57.576
803	215.000	-57.644
803	216.000	-57.761
803	217.000	-57.780
803	218.000	-57.740
803	219.000	-57.772
803	220.000	-57.861
803	221.000	-57.994
803	222.000	-58.158
803	223.000	-58.346
803	224.000	-58.551
803	225.000	-58.767
803	226.000	-58.990
803	227.000	-59.078
803	228.000	-59.076
803	229.000	-59.015
803	230.000	-58.872
803	231.000	-58.628
803	232.000	-58.425
803	233.000	-58.070
803	234.000	-57.747
803	235.000	-57.362
803	236.000	-56.938
803	237.000	-56.682
803	238.000	-56.503
803	239.000	-56.115
803	240.000	-55.780
803	241.000	-55.549
803	242.000	-55.265
803	243.000	-55.132
803	244.000	-55.116
803	245.000	-54.949
803	246.000	-54.855
803	247.000	-54.580
803	248.000	-54.325
803	249.000	-54.222
803	250.000	-54.238
803	251.000	-54.019
803	252.000	-53.561
803	253.000	-52.845
803	254.000	-51.739
803	255.000	-50.998
803	256.000	-50.553
803	257.000	-50.335
803	258.000	-50.291
803	259.000	-50.386
803	260.000	-50.800
803	261.000	-51.672
803	262.000	-52.352
803	263.000	-52.849
803	264.000	-53.335
803	265.000	-53.809
803	266.000	-54.271
803	267.000	-54.617
803	268.000	-54.838
803	269.000	-55.098
803	270.000	-55.618
803	271.000	-56.399
803	272.000	-57.067
803	273.000	-57.646
803	274.000	-58.154
803	275.000	-58.306
803	276.000	-57.948
803	277.000	-57.548
803	278.000	-57.309
803	279.000	-57.193
803	280.000	-57.173
803	281.000	-57.226
803	282.000	-57.335
803	283.000	-57.487
803	284.000	-57.671
803	285.000	-57.718
803	286.000	-57.516
803	287.000	-57.151
803	288.000	-56.918
803	289.000	-56.809
803	290.000	-56.797
803	291.000	-56.860
803	292.000	-56.981
803	293.000	-57.145
803	294.000	-57.342
803	295.000	-57.562
803	296.000	-57.799
803	297.000	-58.046
803	298.000	-58.300
803	299.000	-58.557
803	300.000	-58.813
803	301.000	-59.067
803	302.000	-59.057
803	303.000	-58.963
803	304.000	-58.822
803	305.000	-58.767
803	306.000	-58.779
803	307.000	-58.844
803	308.000	-58.891
803	309.000	-58.521
803	310.000	-58.293
803	311.000	-58.039
803	312.000	-57.577
803	313.000	-57.013
803	314.000	-56.627
803	315.000	-56.405
803	316.000	-56.309
803	317.000	-56.312
803	318.000	-56.390
803	319.000	-57.040
803	320.000	-57.603
803	321.000	-58.097
803	322.000	-58.536
803	323.000	-58.930
803	324.000	-59.073
803	325.000	-58.695
803	326.000	-58.439
803	327.000	-58.300
803	328.000	-58.168
803	329.000	-57.493
803	330.000	-56.816
803	331.000	-56.304
803	332.000	-55.989
803	333.000	-55.826
803	334.000	-55.781
803	335.000	-55.673
803	336.000	-55.581
803	337.000	-55.593
803	338.000	-55.685
803	339.000	-55.839
803	340.000	-56.039
803	341.000	-56.062
803	342.000	-55.875
803	343.000	-55.812
803	344.000	-55.844
803	345.000	-55.949
803	346.000	-56.111
803	347.000	-56.314
803	348.000	-56.549
803	349.000	-56.578
803	350.000	-56.653
803	351.000	-56.702
803	352.000	-56.153
803	353.000	-55.560
803	354.000	-55.189
803	355.000	-54.991
803	356.000	-54.926
803	357.000	-54.965
803	358.000	-55.083
803	359.000	-55.262
803	360.000	-55.486
803	361.000	-55.745
803	362.000	-55.895
803	363.000	-55.977
803	364.000	-56.120
803	365.000	-56.309
803	366.000	-56.328
803	367.000	-56.375
803	368.000	-56.488
803	369.000	-56.650
803	370.000	-56.849
803	371.000	-57.076
803	372.000	-57.322
803	373.000	-57.498
803	374.000	-57.116
803	375.000	-56.801
803	376.000	-56.549
803	377.000	-56.262
803	378.000	-56.118
803	379.000	-56.086
803	380.000	-56.139
803	381.000	-56.258
803	382.000	-56.428
803	383.000	-56.635
803	384.000	-56.869
803	385.000	-57.068
803	386.000	-57.096
803	387.000	-57.158
803	388.000	-57.053
803	389.000	-56.883
803	390.000	-56.731
803	391.000	-56.687
803	392.000	-56.725
803	393.000	-56.828
803	394.000	-56.667
803	395.000	-56.430
803	396.000	-56.322
803	397.000	-56.315
803	398.000	-56.280
803	399.000	-55.963
803	400.000	-55.777
803	401.000	-55.515
803	402.000	-55.352
803	403.000	-55.182
803	404.000	-54.848
803	405.000	-54.588
803	406.000	-54.268
803	407.000	-54.116
803	408.000	-54.095
803	409.000	-54.175
803	410.000	-54.093
803	411.000	-54.127
803	412.000	-54.248
803	413.000	-54.358
803	414.000	-54.376
803	415.000	-54.245
803	416.000	-54.238
803	417.000	-54.328
803	418.000	-54.491
803	419.000	-54.710
803	420.000	-54.971
803	421.000	-55.019
803	422.000	-54.902
803	423.000	-54.901
803	424.000	-54.989
803	425.000	-55.146
803	426.000	-55.354
803	427.000	-55.446
803	428.000	-55.511
803	429.000	-55.645
803	430.000	-55.831
803	431.000	-56.057
803	432.000	-56.204
803	433.000	-56.254
803	434.000	-56.370
803	435.000	-56.536
803	436.000	-56.739
803	437.000	-56.710
803	438.000	-56.520
803	439.000	-56.293
803	440.000	-56.102
803	441.000	-55.832
803	442.000	-55.660
803	443.000	-55.505
803	444.000	-55.330
803	445.000	-55.280
803	446.000	-55.327
803	447.000	-55.172
803	448.000	-54.689
803	449.000	-54.410
803	450.000	-54.288
803	451.000	-54.288
803	452.000	-54.383
803	453.000	-54.550
803	454.000	-54.619
803	455.000	-54.675
803	456.000	-54.706
803	457.000	-54.683
803	458.000	-54.677
803	459.000	-54.602
803	460.000	-54.635
803	461.000	-54.648
803	462.000	-54.613
803	463.000	-54.677
803	464.000	-54.818
803	465.000	-55.016
803	466.000	-55.105
803	467.000	-55.018
803	468.000	-54.949
803	469.000	-54.985
803	470.000	-54.880
803	471.000	-54.685
803	472.000	-54.327
803	473.000	-53.996
803	474.000	-53.752
803	475.000	-53.662
803	476.000	-53.693
803	477.000	-53.764
803	478.000	-53.734
803	479.000	-53.810
803	480.000	-53.967
803	481.000	-54.185
803	482.000	-54.450
803	483.000	-54.749
803	484.000	-55.071
803	485.000	-55.303
803	486.000	-55.430
803	487.000	-55.358
803	488.000	-55.155
803	489.000	-54.909
803	490.000	-54.689
803	491.000	-54.424
803	492.000	-54.313
803	493.000	-54.148
803	494.000	-54.052
803	495.000	-54.074
803	496.000	-54.134
803	497.000	-53.854
803	498.000	-53.522
803	499.000	-53.347
803	500.000	-53.315
803	501.000	-53.393
803	502.000	-53.556
803	503.000	-53.783
803	504.000	-54.057
803	505.000	-54.313
803	506.000	-54.419
803	507.000	-54.595
803	508.000	-54.718
803	509.000	-54.767
803	510.000	-54.895
803	511.000	-55.083
803	512.000	-55.074
803	513.000	-55.154
803	514.000	-55.126
803	515.000	-55.125
803	516.000	-55.212
803	517.000	-55.365
803	518.000	-55.568
803	519.000	-55.598
803	520.000	-55.655
803	521.000	-55.570
803	522.000	-55.375
803	523.000	-55.312
803	524.000	-55.348
803	525.000	-55.461
803	526.000	-55.630
803	527.000	-55.788
803	528.000	-55.623
803	529.000	-55.511
803	530.000	-55.287
803	531.000	-55.180
803	532.000	-55.129
803	533.000	-54.989
803	534.000	-54.969
803	535.000	-54.718
803	536.000	-54.458
803	537.000	-54.351
803	538.000	-54.363
803	539.000	-54.465
803	540.000	-54.463
803	541.000	-54.384
803	542.000	-54.229
803	543.000	-54.019
803	544.000	-53.954
803	545.000	-54.001
803	546.000	-54.107
803	547.000	-54.074
803	548.000	-54.144
803	549.000	-54.121
803	550.000	-54.134
803	551.000	-54.240
803	552.000	-54.416
803	553.000	-54.646
803	554.000	-54.915
803	555.000	-55.080
803	556.000	-54.943
803	557.000	-54.926
803	558.000	-55.002
803	559.000	-55.148
803	560.000	-55.349
803	561.000	-55.509
803	562.000	-55.552
803	563.000	-55.669
803	564.000	-55.841
803	565.000	-55.925
803	566.000	-55.954
803	567.000	-55.877
803	568.000	-55.831
803	569.000	-55.876
803	570.000	-55.991
803	571.000	-56.160
803	572.000	-56.369
803	573.000	-56.607
803	574.000	-56.616
803	575.000	-56.698
803	576.000	-56.584
803	577.000	-56.438
803	578.000	-56.285
803	579.000	-56.243
803	580.000	-56.288
803	581.000	-56.400
803	582.000	-56.562
803	583.000	-56.762
803	584.000	-56.991
803	585.000	-57.239
803	586.000	-57.500
803	587.000	-57.769
803	588.000	-57.810
803	589.000	-57.722
803	590.000	-57.623
803	591.000	-57.613
803	592.000	-57.669
803	593.000	-57.778
803	594.000	-57.926
803	595.000	-58.103
803	596.000	-58.302
803	597.000	-58.516
803	598.000	-58.739
803	599.000	-58.731
803	600.000	-58.546
803	601.000	-58.413
803	602.000	-58.340
803	603.000	-58.114
803	604.000	-58.000
803	605.000	-57.813
803	606.000	-57.638
803	607.000	-57.484
803	608.000	-57.178
803	609.000	-56.512
803	610.000	-55.911
803	611.000	-55.531
803	612.000	-55.322
803	613.000	-55.246
803	614.000	-55.273
803	615.000	-55.203
803	616.000	-55.169
803	617.000	-54.987
803	618.000	-54.881
803	619.000	-54.597
803	620.000	-54.335
803	621.000	-54.226
803	622.000	-54.238
803	623.000	-54.341
803	624.000	-54.515
803	625.000	-54.742
803	626.000	-54.681
803	627.000	-54.570
803	628.000	-54.402
803	629.000	-54.063
803	630.000	-53.898
803	631.000	-53.869
803	632.000	-53.945
803	633.000	-53.670
803	634.000	-53.516
803	635.000	-53.498
803	636.000	-53.586
803	637.000	-53.754
803	638.000	-53.956
803	639.000	-54.000
803	640.000	-54.130
803	641.000	-54.326
803	642.000	-54.572
803	643.000	-54.855
803	644.000	-55.164
803	645.000	-55.491
803	646.000	-55.829
803	647.000	-56.172
803	648.000	-56.385
803	649.000	-56.400
803	650.000	-56.101
803	651.000	-55.894
803	652.000	-55.494
803	653.000	-55.157
803	654.000	-54.984
803	655.000	-54.834
803	656.000	-54.672
803	657.000	-54.398
803	658.000	-54.130
803	659.000	-53.932
803	660.000	-53.662
803	661.000	-53.533
803	662.000	-53.535
803	663.000	-53.637
803	664.000	-53.816
803	665.000	-54.027
803	666.000	-54.075
803	667.000	-54.208
803	668.000	-54.407
803	669.000	-54.654
803	670.000	-54.936
803	671.000	-55.245
803	672.000	-55.570
803	673.000	-55.906
803	674.000	-56.248
803	675.000	-56.591
803	676.000	-56.931
803	677.000	-57.268
803	678.000	-57.598
803	679.000	-57.837
803	680.000	-57.778
803	681.000	-57.677
803	682.000	-57.664
803	683.000	-57.718
803	684.000	-57.824
803	685.000	-57.970
803	686.000	-58.145
803	687.000	-58.342
803	688.000	-58.553
803	689.000	-58.775
803	690.000	-59.002
803	691.000	-59.232
803	692.000	-59.082
803	693.000	-58.713
803	694.000	-58.388
803	695.000	-58.195
803	696.000	-57.897
803	697.000	-57.500
803	698.000	-57.191
803	699.000	-57.021
803	700.000	-56.961
803	701.000	-56.985
803	702.000	-57.074
803	703.000	-57.214
803	704.000	-57.390
803	705.000	-57.595
803	706.000	-57.819
803	707.000	-57.871
803	708.000	-57.794
803	709.000	-57.653
803	710.000	-57.475
803	711.000	-57.284
803	712.000	-57.206
803	713.000	-57.213
803	714.000	-57.288
803	715.000	-57.414
803	716.000	-57.579
803	717.000	-57.772
803	718.000	-57.794
803	719.000	-57.557
803	720.000	-57.233
803	721.000	-57.006
803	722.000	-56.902
803	723.000	-56.892
803	724.000	-56.957
803	725.000	-57.077
803	726.000	-57.158
803	727.000	-57.121
803	728.000	-57.161
803	729.000	-57.261
803	730.000	-57.407
803	731.000	-57.588
803	732.000	-57.793
803	733.000	-57.988
803	734.000	-57.974
803	735.000	-58.025
803	736.000	-57.965
803	737.000	-57.886
803	738.000	-57.887
803	739.000	-57.951
803	740.000	-58.063
803	741.000	-58.211
803	742.000	-58.129
803	743.000	-58.127
803	744.000	-58.185
803	745.000	-58.291
803	746.000	-58.432
803	747.000	-58.599
803	748.000	-58.786
803	749.000	-58.874
803	750.000	-58.848
803	751.000	-58.798
803	752.000	-58.639
803	753.000	-58.573
803	754.000	-58.493
803	755.000	-58.316
803	756.000	-58.238
803	757.000	-58.051
803	758.000	-57.657
803	759.000	-57.124
803	760.000	-56.336
803	761.000	-55.789
803	762.000	-55.273
803	763.000	-54.721
803	764.000	-54.324
803	765.000	-54.113
803	766.000	-54.047
803	767.000	-54.092
803	768.000	-54.223
803	769.000	-54.419
803	770.000	-54.664
803	771.000	-54.946
803	772.000	-55.253
803	773.000	-55.577
803	774.000	-55.912
803	775.000	-56.253
803	776.000	-56.595
803	777.000	-56.936
803	778.000	-57.272
803	779.000	-57.602
803	780.000	-57.924
803	781.000	-58.237
803	782.000	-58.283
803	783.000	-58.378
803	784.000	-58.454
803	785.000	-58.369
803	786.000	-58.200
803	787.000	-58.035
803	788.000	-57.968
803	789.000	-57.770
803	790.000	-57.381
803	791.000	-56.899
803	792.000	-56.599
803	793.000	-56.442
803	794.000	-56.396
803	795.000	-56.437
803	796.000	-56.295
803	797.000	-56.263
803	798.000	-56.315
803	799.000	-56.206
803	800.000	-56.177
803	801.000	-56.233
803	802.000	-56.353
803	803.000	-56.522
803	804.000	-56.728
803	805.000	-56.962
803	806.000	-57.214
803	807.000	-57.478
803	808.000	-57.615
803	809.000	-57.667
803	810.000	-57.637
803	811.000	-57.560
803	812.000	-57.565
803	813.000	-57.552
803	814.000	-57.437
803	815.000	-57.415
803	816.000	-57.465
803	817.000	-57.570
803	818.000	-57.717
803	819.000	-57.895
803	820.000	-58.096
803	821.000	-58.314
803	822.000	-58.542
803	823.000	-58.776
803	824.000	-58.824
803	825.000	-58.846
803	826.000	-58.916
803	827.000	-58.940
803	828.000	-58.836
803	829.000	-58.811
803	830.000	-58.846
803	831.000	-58.927
803	832.000	-59.044
803	833.000	-59.187
803	834.000	-59.349
803	835.000	-59.526
803	836.000	-59.711
803	837.000	-59.902
803	838.000	-59.855
803	839.000	-59.674
803	840.000	-59.484
803	841.000	-59.386
803	842.000	-59.359
803	843.000	-59.174
803	844.000	-59.035
803	845.000	-58.980
803	846.000	-58.991
803	847.000	-59.023
803	848.000	-58.870
803	849.000	-58.805
803	850.000	-58.810
803	851.000	-58.868
803	852.000	-58.967
803	853.000	-59.013
803	854.000	-58.925
803	855.000	-58.911
803	856.000	-58.718
803	857.000	-58.601
803	858.000	-58.567
803	859.000	-58.597
803	860.000	-58.514
803	861.000	-58.412
803	862.000	-58.391
803	863.000	-58.349
803	864.000	-58.202
803	865.000	-58.148
803	866.000	-57.789
803	867.000	-57.108
803	868.000	-56.489
803	869.000	-56.089
803	870.000	-55.833
803	871.000	-55.499
803	872.000	-55.326
803	873.000	-55.198
803	874.000	-55.022
803	875.000	-54.975
803	876.000	-55.026
803	877.000	-55.154
803	878.000	-55.340
803	879.000	-55.569
803	880.000	-55.830
803	881.000	-56.114
803	882.000	-56.412
803	883.000	-56.720
803	884.000	-57.033
803	885.000	-57.346
803	886.000	-57.658
803	887.000	-57.965
803	888.000	-58.208
803	889.000	-58.002
803	890.000	-57.905
803	891.000	-57.892
803	892.000	-57.759
803	893.000	-57.651
803	894.000	-57.632
803	895.000	-57.683
803	896.000	-57.786
803	897.000	-57.698
803	898.000	-57.672
803	899.000	-57.688
803	900.000	-57.404
803	901.000	-57.134
803	902.000	-56.996
803	903.000	-56.959
803	904.000	-56.752
803	905.000	-56.556
803	906.000	-56.339
803	907.000	-56.247
803	908.000	-56.254
803	909.000	-56.336
803	910.000	-56.476
803	911.000	-56.660
803	912.000	-56.876
803	913.000	-57.060
803	914.000	-57.076
803	915.000	-57.131
803	916.000	-57.019
803	917.000	-57.003
803	918.000	-57.061
803	919.000	-57.176
803	920.000	-57.335
803	921.000	-57.272
803	922.000	-57.292
803	923.000	-57.376
803	924.000	-57.425
803	925.000	-57.359
803	926.000	-57.376
803	927.000	-57.456
803	928.000	-57.585
803	929.000	-57.750
803	930.000	-57.942
803	931.000	-58.154
803	932.000	-58.379
803	933.000	-58.612
803	934.000	-58.687
803	935.000	-58.705
803	936.000	-58.774
803	937.000	-58.883
803	938.000	-59.021
803	939.000	-59.182
803	940.000	-59.358
803	941.000	-59.544
803	942.000	-59.738
803	943.000	-59.935
803	944.000	-59.868
803	945.000	-59.862
803	946.000	-59.902
803	947.000	-59.979
803	948.000	-60.024
803	949.000	-59.897
803	950.000	-59.843
803	951.000	-59.847
803	952.000	-59.782
803	953.000	-59.628
803	954.000	-59.365
803	955.000	-59.111
803	956.000	-58.737
803	957.000	-58.246
803	958.000	-57.658
803	959.000	-57.035
803	960.000	-56.423
803	961.000	-55.985
803	962.000	-55.728
803	963.000	-55.611
803	964.000	-55.360
803	965.000	-55.122
803	966.000	-54.913
803	967.000	-54.841
803	968.000	-54.874
803	969.000	-54.989
803	970.000	-55.087
803	971.000	-55.087
803	972.000	-55.174
803	973.000	-55.085
803	974.000	-55.104
803	975.000	-55.206
803	976.000	-55.371
803	977.000	-55.557
803	978.000	-55.566
803	979.000	-55.629
803	980.000	-55.543
803	981.000	-55.560
803	982.000	-55.526
803	983.000	-55.468
803	984.000	-55.308
803	985.000	-55.226
803	986.000	-55.249
803	987.000	-55.353
803	988.000	-55.341
803	989.000	-55.350
803	990.000	-55.442
803	991.000	-55.597
803	992.000	-55.800
803	993.000	-55.933
803	994.000	-55.975
803	995.000	-56.087
803	996.000	-56.253
803	997.000	-56.403
803	998.000	-56.023
803	999.000	-55.695
803	1000.000	-55.524
803	1001.000	-55.371
803	1002.000	-55.199
803	1003.000	-55.153
803	1004.000	-55.099
803	1005.000	-55.007
803	1006.000	-55.024
803	1007.000	-55.125
803	1008.000	-55.290
803	1009.000	-55.374
803	1010.000	-55.409
803	1011.000	-55.299
803	1012.000	-55.278
803	1013.000	-55.319
803	1014.000	-54.979
803	1015.000	-54.805
803	1016.000	-54.761
803	1017.000	-54.577
803	1018.000	-54.288
803	1019.000	-54.160
803	1020.000	-53.983
803	1021.000	-53.880
803	1022.000	-53.898
803	1023.000	-54.010
803	1024.000	-54.020
803	1025.000	-54.060
803	1026.000	-54.030
803	1027.000	-53.785
803	1028.000	-53.570
803	1029.000	-53.395
803	1030.000	-53.362
803	1031.000	-53.440
803	1032.000	-53.496
803	1033.000	-54.087
803	1034.000	-54.243
803	1035.000	-54.367
803	1036.000	-54.168
803	1037.000	-54.025
803	1038.000	-53.829
803	1039.000	-53.257
803	1040.000	-52.927
803	1041.000	-52.781
803	1042.000	-52.776
803	1043.000	-52.880
803	1044.000	-52.964
803	1045.000	-52.772
803	1046.000	-52.732
803	1047.000	-52.810
803	1048.000	-52.976
803	1049.000	-53.211
803	1050.000	-53.496
803	1051.000	-53.818
803	1052.000	-54.167
803	1053.000	-54.336
803	1054.000	-54.279
803	1055.000	-54.329
803	1056.000	-54.462
803	1057.000	-54.658
803	1058.000	-54.901
803	1059.000	-55.178
803	1060.000	-55.246
803	1061.000	-55.131
803	1062.000	-55.130
803	1063.000	-55.215
803	1064.000	-55.368
803	1065.000	-55.417
803	1066.000	-55.449
803	1067.000	-55.504
803	1068.000	-55.440
803	1069.000	-55.474
803	1070.000	-55.585
803	1071.000	-55.754
803	1072.000	-55.966
803	1073.000	-56.210
803	1074.000	-56.478
803	1075.000	-56.761
803	1076.000	-57.053
803	1077.000	-57.168
803	1078.000	-57.122
803	1079.000	-57.039
803	1080.000	-57.045
803	1081.000	-57.119
803	1082.000	-57.246
803	1083.000	-57.331
803	1084.000	-57.064
803	1085.000	-56.906
803	1086.000	-56.856
803	1087.000	-56.889
803	1088.000	-56.930
803	1089.000	-56.633
803	1090.000	-56.433
803	1091.000	-56.354
803	1092.000	-56.370
803	1093.000	-56.458
803	1094.000	-56.601
803	1095.000	-56.786
803	1096.000	-56.820
803	1097.000	-56.850
803	1098.000	-56.740
803	1099.000	-56.655
803	1100.000	-56.442
803	1101.000	-56.352
803	1102.000	-56.360
803	1103.000	-56.441
803	1104.000	-56.580
803	1105.000	-56.513
803	1106.000	-56.536
803	1107.000	-56.628
803	1108.000	-56.773
803	1109.000	-56.708
803	1110.000	-56.731
803	1111.000	-56.822
803	1112.000	-56.856
803	1113.000	-56.730
803	1114.000	-56.538
803	1115.000	-56.464
803	1116.000	-56.482
803	1117.000	-56.516
803	1118.000	-56.423
803	1119.000	-56.427
803	1120.000	-56.506
803	1121.000	-56.461
803	1122.000	-56.433
803	1123.000	-56.487
803	1124.000	-56.604
803	1125.000	-56.687
803	1126.000	-56.656
803	1127.000	-56.706
803	1128.000	-56.818
803	1129.000	-56.976
803	1130.000	-56.942
803	1131.000	-56.963
803	1132.000	-57.051
803	1133.000	-57.133
803	1134.000	-57.070
803	1135.000	-56.827
803	1136.000	-56.476
803	1137.000	-56.055
803	1138.000	-55.789
803	1139.000	-55.665
803	1140.000	-55.651
803	1141.000	-55.723
803	1142.000	-55.861
803	1143.000	-56.048
803	1144.000	-56.047
803	1145.000	-56.103
803	1146.000	-56.225
803	1147.000	-56.396
803	1148.000	-56.606
803	1149.000	-56.842
803	1150.000	-56.915
803	1151.000	-56.841
803	1152.000	-56.489
803	1153.000	-56.239
803	1154.000	-55.931
803	1155.000	-55.774
803	1156.000	-55.734
803	1157.000	-55.784
803	1158.000	-55.750
803	1159.000	-55.714
803	1160.000	-55.637
803	1161.000	-55.546
803	1162.000	-55.559
803	1163.000	-55.474
803	1164.000	-55.426
803	1165.000	-55.393
803	1166.000	-55.289
803	1167.000	-55.294
803	1168.000	-55.383
803	1169.000	-55.536
803	1170.000	-55.739
803	1171.000	-55.978
803	1172.000	-56.243
803	1173.000	-56.526
803	1174.000	-56.821
803	1175.000	-57.122
803	1176.000	-57.426
803	1177.000	-57.729
803	1178.000	-58.030
803	1179.000	-58.325
803	1180.000	-58.613
803	1181.000	-58.895
803	1182.000	-59.167
803	1183.000	-59.373
803	1184.000	-59.379
803	1185.000	-59.433
803	1186.000	-59.524
803	1187.000	-59.453
803	1188.000	-59.261
803	1189.000	-59.016
803	1190.000	-58.741
803	1191.000	-58.463
803	1192.000	-58.306
803	1193.000	-58.034
803	1194.000	-57.839
803	1195.000	-57.752
803	1196.000	-57.692
803	1197.000	-57.295
803	1198.000	-56.771
803	1199.000	-56.441
803	1200.000	-56.263
803	1201.000	-56.202
803	1202.000	-56.233
803	1203.000	-56.334
803	1204.000	-56.489
803	1205.000	-56.684
803	1206.000	-56.908
803	1207.000	-57.154
803	1208.000	-57.415
803	1209.000	-57.601
803	1210.000	-57.640
803	1211.000	-57.734
803	1212.000	-57.737
803	1213.000	-57.683
803	1214.000	-57.623
803	1215.000	-57.471
803	1216.000	-57.420
803	1217.000	-57.447
803	1218.000	-57.535
803	1219.000	-57.669
803	1220.000	-57.494
803	1221.000	-57.055
803	1222.000	-56.742
803	1223.000	-56.574
803	1224.000	-56.518
803	1225.000	-56.417
803	1226.000	-56.299
803	1227.000	-56.257
803	1228.000	-56.081
803	1229.000	-55.800
803	1230.000	-55.589
803	1231.000	-55.077
803	1232.000	-54.771
803	1233.000	-54.626
803	1234.000	-54.553
803	1235.000	-54.401
803	1236.000	-54.378
803	1237.000	-54.453
803	1238.000	-54.605
803	1239.000	-54.813
803	1240.000	-55.065
803	1241.000	-55.348
803	1242.000	-55.652
803	1243.000	-55.972
803	1244.000	-56.299
803	1245.000	-56.631
803	1246.000	-56.963
803	1247.000	-57.292
803	1248.000	-57.560
803	1249.000	-57.636
803	1250.000	-57.760
803	1251.000	-57.920
803	1252.000	-58.106
803	1253.000	-58.312
803	1254.000	-58.531
803	1255.000	-58.759
803	1256.000	-58.853
803	1257.000	-58.388
803	1258.000	-58.043
803	1259.000	-57.606
803	1260.000	-57.313
803	1261.000	-57.155
803	1262.000	-57.101
803	1263.000	-57.130
803	1264.000	-57.221
803	1265.000	-57.361
803	1266.000	-57.537
803	1267.000	-57.739
803	1268.000	-57.960
803	1269.000	-58.084
803	1270.000	-58.095
803	1271.000	-58.164
803	1272.000	-58.278
803	1273.000	-58.426
803	1274.000	-58.388
803	1275.000	-58.183
803	1276.000	-58.016
803	1277.000	-57.947
803	1278.000	-57.957
803	1279.000	-58.026
803	1280.000	-58.142
803	1281.000	-58.207
803	1282.000	-58.146
803	1283.000	-58.159
803	1284.000	-58.229
803	1285.000	-58.343
803	1286.000	-58.491
803	1287.000	-58.662
803	1288.000	-58.852
803	1289.000	-59.054
803	1290.000	-59.263
803	1291.000	-59.364
803	1292.000	-59.284
803	1293.000	-59.070
803	1294.000	-58.928
803	1295.000	-58.641
803	1296.000	-58.339
803	1297.000	-57.884
803	1298.000	-57.503
803	1299.000	-57.275
803	1300.000	-57.167
803	1301.000	-57.153
803	1302.000	-57.211
803	1303.000	-57.325
803	1304.000	-57.481
803	1305.000	-57.669
803	1306.000	-57.879
803	1307.000	-58.105
803	1308.000	-58.342
803	1309.000	-58.350
803	1310.000	-58.136
803	1311.000	-58.031
803	1312.000	-58.011
803	1313.000	-58.057
803	1314.000	-58.154
803	1315.000	-58.056
803	1316.000	-58.019
803	1317.000	-58.052
803	1318.000	-58.139
803	1319.000	-58.266
803	1320.000	-58.425
803	1321.000	-58.469
803	1322.000	-57.788
803	1323.000	-57.215
803	1324.000	-56.844
803	1325.000	-56.630
803	1326.000	-56.538
803	1327.000	-56.435
803	1328.000	-56.289
803	1329.000	-56.074
803	1330.000	-55.919
803	1331.000	-55.880
803	1332.000	-55.930
803	1333.000	-55.802
803	1334.000	-55.785
803	1335.000	-55.652
803	1336.000	-55.587
803	1337.000	-55.312
803	1338.000	-55.007
803	1339.000	-54.859
803	1340.000	-54.835
803	1341.000	-54.731
803	1342.000	-54.675
803	1343.000	-54.642
803	1344.000	-54.309
803	1345.000	-54.147
803	1346.000	-54.118
803	1347.000	-54.191
803	1348.000	-54.343
803	1349.000	-54.554
803	1350.000	-54.810
803	1351.000	-55.098
803	1352.000	-55.409
803	1353.000	-55.736
803	1354.000	-56.071
803	1355.000	-56.411
803	1356.000	-56.750
803	1357.000	-57.060
803	1358.000	-57.146
803	1359.000	-57.124
803	1360.000	-57.054
803	1361.000	-56.715
803	1362.000	-56.410
803	1363.000	-56.095
803	1364.000	-55.813
803	1365.000	-55.459
803	1366.000	-55.029
803	1367.000	-54.786
803	1368.000	-54.689
803	1369.000	-54.705
803	1370.000	-54.808
803	1371.000	-54.978
803	1372.000	-55.198
803	1373.000	-55.325
803	1374.000	-55.394
803	1375.000	-55.533
803	1376.000	-55.723
803	1377.000	-55.953
803	1378.000	-56.211
803	1379.000	-56.407
803	1380.000	-56.468
803	1381.000	-56.161
803	1382.000	-55.936
803	1383.000	-55.842
803	1384.000	-55.823
803	1385.000	-55.671
803	1386.000	-55.636
803	1387.000	-55.491
803	1388.000	-55.419
803	1389.000	-55.367
803	1390.000	-55.249
803	1391.000	-55.164
803	1392.000	-54.846
803	1393.000	-54.625
803	1394.000	-54.546
803	1395.000	-54.578
803	1396.000	-54.640
803	1397.000	-54.593
803	1398.000	-54.648
803	1399.000	-54.782
803	1400.000	-54.975
803	1401.000	-55.160
803	1402.000	-55.200
803	1403.000	-55.318
803	1404.000	-55.494
803	1405.000	-55.714
803	1406.000	-55.967
803	1407.000	-56.216
803	1408.000	-56.110
803	1409.000	-56.015
803	1410.000	-56.021
803	1411.000	-55.925
803	1412.000	-55.619
803	1413.000	-55.466
803	1414.000	-55.432
803	1415.000	-55.490
803	1416.000	-55.153
803	1417.000	-54.959
803	1418.000	-54.898
803	1419.000	-54.940
803	1420.000	-54.932
803	1421.000	-54.902
803	1422.000	-54.940
803	1423.000	-54.844
803	1424.000	-54.582
803	1425.000	-54.269
803	1426.000	-54.123
803	1427.000	-54.003
803	1428.000	-53.873
803	1429.000	-53.871
803	1430.000	-53.967
803	1431.000	-53.839
803	1432.000	-53.664
803	1433.000	-53.359
803	1434.000	-52.564
803	1435.000	-52.068
803	1436.000	-51.803
803	1437.000	-51.715
803	1438.000	-51.764
803	1439.000	-51.918
803	1440.000	-52.153
803	1441.000	-52.447
803	1442.000	-52.786
803	1443.000	-53.032
803	1444.000	-53.218
803	1445.000	-53.466
803	1446.000	-53.567
803	1447.000	-53.702
803	1448.000	-53.907
803	1449.000	-54.060
803	1450.000	-54.139
803	1451.000	-54.297
803	1452.000	-54.512
803	1453.000	-54.772
803	1454.000	-54.911
803	1455.000	-55.018
803	1456.000	-55.189
803	1457.000	-55.408
803	1458.000	-55.662
803	1459.000	-55.836
803	1460.000	-55.911
803	1461.000	-55.870
803	1462.000	-55.852
803	1463.000	-55.763
803	1464.000	-55.686
803	1465.000	-55.530
803	1466.000	-55.426
803	1467.000	-55.430
803	1468.000	-55.518
803	1469.000	-55.669
803	1470.000	-55.869
803	1471.000	-56.104
803	1472.000	-56.366
803	1473.000	-56.563
803	1474.000	-56.595
803	1475.000	-56.472
803	1476.000	-56.227
803	1477.000	-56.093
803	1478.000	-56.068
803	1479.000	-56.128
803	1480.000	-56.252
803	1481.000	-56.425
803	1482.000	-56.635
803	1483.000	-56.872
803	1484.000	-57.128
803	1485.000	-57.396
803	1486.000	-57.616
803	1487.000	-57.654
803	1488.000	-57.587
803	1489.000	-57.507
803	1490.000	-57.352
803	1491.000	-57.206
803	1492.000	-57.163
803	1493.000	-57.198
803	1494.000	-57.294
803	1495.000	-57.436
803	1496.000	-57.613
803	1497.000	-57.760
803	1498.000	-57.629
803	1499.000	-57.449
803	1500.000	-57.376
803	1501.000	-57.387
803	1502.000	-57.304
803	1503.000	-57.213
803	1504.000	-57.212
803	1505.000	-57.146
803	1506.000	-57.046
803	1507.000	-57.039
803	1508.000	-57.104
803	1509.000	-57.141
803	1510.000	-57.070
803	1511.000	-57.084
803	1512.000	-57.166
803	1513.000	-57.298
803	1514.000	-57.468
803	1515.000	-57.483
803	1516.000	-57.491
803	1517.000	-57.563
803	1518.000	-57.685
803	1519.000	-57.844
803	1520.000	-58.031
803	1521.000	-58.237
803	1522.000	-58.457
803	1523.000	-58.686
803	1524.000	-58.808
803	1525.000	-58.810
803	1526.000	-58.866
803	1527.000	-58.800
803	1528.000	-58.707
803	1529.000	-58.691
803	1530.000	-58.677
803	1531.000	-58.521
803	1532.000	-58.457
803	1533.000	-58.465
803	1534.000	-58.529
803	1535.000	-58.636
803	1536.000	-58.638
803	1537.000	-58.411
803	1538.000	-58.199
803	1539.000	-57.934
803	1540.000	-57.538
803	1541.000	-57.205
803	1542.000	-57.018
803	1543.000	-56.943
803	1544.000	-56.957
803	1545.000	-57.038
803	1546.000	-57.089
803	1547.000	-57.029
803	1548.000	-56.824
803	1549.000	-56.608
803	1550.000	-56.374
803	1551.000	-56.270
803	1552.000	-56.266
803	1553.000	-56.341
803	1554.000	-56.271
803	1555.000	-55.986
803	1556.000	-55.536
803	1557.000	-55.111
803	1558.000	-54.615
803	1559.000	-53.745
803	1560.000	-51.332
803	1561.000	-48.936
803	1562.000	-65.000
803	1563.000	-65.000
803	1564.000	-65.000
803	1565.000	-65.000
803	1566.000	-65.000
803	1567.000	-62.364
803	1568.000	-57.490
803	1569.000	-53.293
803	1570.000	-47.633
803	1571.000	-65.000
803	1572.000	-65.000
803	1573.000	-65.000
803	1574.000	-65.000
803	1575.000	-65.000
803	1576.000	-59.034
803	1577.000	-54.805
803	1578.000	-51.069
803	1579.000	-65.000
803	1580.000	-65.000
803	1581.000	-65.000
803	1582.000	-65.000
803	1583.000	-65.000
803	1584.000	-65.000
803	1585.000	-56.241
803	1586.000	-50.327
803	1587.000	-65.000
803	1588.000	-65.000
803	1589.000	-65.000
803	1590.000	-65.000
803	1591.000	-65.000
803	1592.000	-62.334
803	1593.000	-55.408
803	1594.000	-51.348
803	1595.000	-48.417
803	1596.000	-65.000
803	1597.000	-65.000
803	1598.000	-65.000
803	1599.000	-65.000
803	1600.000	-65.000
803	1601.000	-61.136
803	1602.000	-55.612
803	1603.000	-51.077
803	1604.000	-47.406
803	1605.000	-65.000
803	1606.000	-65.000
803	1607.000	-65.000
803	1608.000	-65.000
803	1609.000	-65.000
803	1610.000	-58.903
803	1611.000	-54.787
803	1612.000	-51.126
803	1613.000	-49.128
803	1614.000	-65.000
803	1615.000	-65.000
803	1616.000	-65.000
803	1617.000	-65.000
803	1618.000	-65.000
803	1619.000	-62.580
803	1620.000	-56.499
803	1621.000	-52.629
803	1622.000	-50.100
803	1623.000	-65.000
803	1624.000	-65.000
803	1625.000	-65.000
803	1626.000	-65.000
803	1627.000	-65.000
803	1628.000	-63.899
803	1629.000	-55.476
803	1630.000	-50.616
803	1631.000	-65.000
803	1632.000	-65.000
803	1633.000	-65.000
803	1634.000	-65.000
803	1635.000	-65.000
803	1636.000	-63.782
803	1637.000	-53.901
803	1638.000	-46.008
803	1639.000	-65.000
803	1640.000	-65.000
803	1641.000	-65.000
803	1642.000	-65.000
803	1643.000	-65.000
803	1644.000	-55.495
803	1645.000	-47.954
803	1646.000	-65.000
803	1647.000	-65.000
803	1648.000	-65.000
803	1649.000	-65.000
803	1650.000	-65.000
803	1651.000	-55.651
803	1652.000	-47.102
803	1653.000	-65.000
803	1654.000	-65.000
803	1655.000	-65.000
803	1656.000	-65.000
803	1657.000	-65.000
803	1658.000	-55.249
803	1659.000	-46.608
803	1660.000	-65.000
803	1661.000	-65.000
803	1662.000	-65.000
803	1663.000	-65.000
803	1664.000	-65.000
803	1665.000	-55.744
803	1666.000	-48.375
803	1667.000	-65.000
803	1668.000	-65.000
803	1669.000	-65.000
803	1670.000	-65.000
803	1671.000	-65.000
803	1672.000	-54.045
803	1673.000	-65.000
803	1674.000	-65.000
803	1675.000	-65.000
803	1676.000	-65.000
803	1677.000	-65.000
803	1678.000	-59.337
803	1679.000	-65.000
803	1680.000	-65.000
803	1681.000	-65.000
803	1682.000	-65.000
803	1683.000	-65.000
803	1684.000	-65.000
803	1685.000	-49.925
803	1686.000	-65.000
803	1687.000	-65.000
803	1688.000	-65.000
803	1689.000	-65.000
803	1690.000	-65.000
803	1691.000	-51.779
803	1692.000	-65.000
803	1693.000	-65.000
803	1694.000	-65.000
803	1695.000	-65.000
803	1696.000	-65.000
803	1697.000	-54.908
803	1698.000	-65.000
803	1699.000	-65.000
803	1700.000	-65.000
803	1701.000	-65.000
803	1702.000	-65.000
803	1703.000	-58.900
803	1704.000	-65.000
803	1705.000	-65.000
803	1706.000	-65.000
803	1707.000	-65.000
803	1708.000	-65.000
803	1709.000	-62.985
803	1710.000	-47.506
803	1711.000	-65.000
803	1712.000	-65.000
803	1713.000	-65.000
803	1714.000	-65.000
803	1715.000	-65.000
803	1716.000	-50.753
803	1717.000	-65.000
803	1718.000	-65.000
803	1719.000	-65.000
803	1720.000	-65.000
803	1721.000	-65.000
803	1722.000	-53.875
803	1723.000	-65.000
803	1724.000	-65.000
803	1725.000	-65.000
803	1726.000	-65.000
803	1727.000	-65.000
803	1728.000	-56.524
803	1729.000	-65.000
803	1730.000	-65.000
803	1731.000	-65.000
803	1732.000	-65.000
803	1733.000	-65.000
803	1734.000	-58.590
803	1735.000	-65.000
803	1736.000	-65.000
803	1737.000	-65.000
803	1738.000	-65.000
803	1739.000	-65.000
803	1740.000	-60.477
803	1741.000	-65.000
803	1742.000	-65.000
803	1743.000	-65.000
803	1744.000	-65.000
803	1745.000	-65.000
803	1746.000	-62.513
803	1747.000	-65.000
803	1748.000	-65.000
803	1749.000	-65.000
803	1750.000	-65.000
803	1751.000	-65.000
803	1752.000	-62.684
803	1753.000	-46.259
803	1754.000	-65.000
803	1755.000	-65.000
803	1756.000	-65.000
803	1757.000	-65.000
803	1758.000	-65.000
803	1759.000	-49.345
803	1760.000	-65.000
803	1761.000	-65.000
803	1762.000	-65.000
803	1763.000	-65.000
803	1764.000	-65.000
803	1765.000	-50.065
803	1766.000	-65.000
803	1767.000	-65.000
803	1768.000	-65.000
803	1769.000	-65.000
803	1770.000	-65.000
803	1771.000	-52.307
803	1772.000	-65.000
803	1773.000	-65.000
803	1774.000	-65.000
803	1775.000	-65.000
803	1776.000	-65.000
803	1777.000	-54.725
803	1778.000	-65.000
803	1779.000	-65.000
803	1780.000	-65.000
803	1781.000	-65.000
803	1782.000	-65.000
803	1783.000	-55.605
803	1784.000	-65.000
803	1785.000	-65.000
803	1786.000	-65.000
803	1787.000	-65.000
803	1788.000	-65.000
803	1789.000	-54.962
803	1790.000	-65.000
803	1791.000	-65.000
803	1792.000	-65.000
803	1793.000	-65.000
803	1794.000	-65.000
803	1795.000	-54.594
803	1796.000	-65.000
803	1797.000	-65.000
803	1798.000	-65.000
803	1799.000	-65.000
803	1800.000	-65.000
803	1801.000	-55.298
803	1802.000	-65.000
803	1803.000	-65.000
803	1804.000	-65.000
803	1805.000	-65.000
803	1806.000	-65.000
803	1807.000	-57.247
803	1808.000	-65.000
803	1809.000	-65.000
803	1810.000	-65.000
803	1811.000	-65.000
803	1812.000	-65.000
803	1813.000	-60.545
803	1814.000	-65.000
803	1815.000	-65.000
803	1816.000	-65.000
803	1817.000	-65.000
803	1818.000	-65.000
803	1819.000	-62.711
803	1820.000	-65.000
803	1821.000	-65.000
803	1822.000	-65.000
803	1823.000	-65.000
803	1824.000	-65.000
803	1825.000	-65.000
803	1826.000	-46.789
803	1827.000	-65.000
803	1828.000	-65.000
803	1829.000	-65.000
803	1830.000	-65.000
803	1831.000	-65.000
803	1832.000	-49.419
803	1833.000	-65.000
803	1834.000	-65.000
803	1835.000	-65.000
803	1836.000	-65.000
803	1837.000	-65.000
803	1838.000	-50.358
803	1839.000	-65.000
803	1840.000	-65.000
803	1841.000	-65.000
803	1842.000	-65.000
803	1843.000	-65.000
803	1844.000	-51.183
803	1845.000	-65.000
803	1846.000	-65.000
803	1847.000	-65.000
803	1848.000	-65.000
803	1849.000	-65.000
803	1850.000	-50.196
803	1851.000	-65.000
803	1852.000	-65.000
803	1853.000	-65.000
803	1854.000	-65.000
803	1855.000	-65.000
803	1856.000	-52.426
803	1857.000	-65.000
803	1858.000	-65.000
803	1859.000	-65.000
803	1860.000	-65.000
803	1861.000	-65.000
803	1862.000	-55.275
803	1863.000	-65.000
803	1864.000	-65.000
803	1865.000	-65.000
803	1866.000	-65.000
803	1867.000	-65.000
803	1868.000	-59.232
803	1869.000	-65.000
803	1870.000	-65.000
803	1871.000	-65.000
803	1872.000	-65.000
803	1873.000	-65.000
803	1874.000	-65.000
803	1875.000	-49.340
803	1876.000	-65.000
803	1877.000	-65.000
803	1878.000	-65.000
803	1879.000	-65.000
803	1880.000	-65.000
803	1881.000	-52.564
803	1882.000	-65.000
803	1883.000	-65.000
803	1884.000	-65.000
803	1885.000	-65.000
803	1886.000	-65.000
803	1887.000	-55.165
803	1888.000	-65.000
803	1889.000	-65.000
803	1890.000	-65.000
803	1891.000	-65.000
803	1892.000	-65.000
803	1893.000	-58.444
803	1894.000	-65.000
803	1895.000	-65.000
803	1896.000	-65.000
803	1897.000	-65.000
803	1898.000	-65.000
803	1899.000	-60.289
803	1900.000	-65.000
803	1901.000	-65.000
803	1902.000	-65.000
803	1903.000	-65.000
803	1904.000	-65.000
803	1905.000	-62.502
803	1906.000	-65.000
803	1907.000	-65.000
803	1908.000	-65.000
803	1909.000	-65.000
803	1910.000	-65.000
803	1911.000	-59.758
803	1912.000	-65.000
803	1913.000	-65.000
803	1914.000	-65.000
803	1915.000	-65.000
803	1916.000	-65.000
803	1917.000	-57.499
803	1918.000	-65.000
803	1919.000	-65.000
803	1920.000	-65.000
803	1921.000	-65.000
803	1922.000	-65.000
803	1923.000	-55.132
803	1924.000	-65.000
803	1925.000	-65.000
803	1926.000	-65.000
803	1927.000	-65.000
803	1928.000	-65.000
803	1929.000	-52.778
803	1930.000	-65.000
803	1931.000	-65.000
803	1932.000	-65.000
803	1933.000	-65.000
803	1934.000	-65.000
803	1935.000	-47.452
803	1936.000	-65.000
803	1937.000	-65.000
803	1938.000	-65.000
803	1939.000	-65.000
803	1940.000	-65.000
803	1941.000	-65.000
803	1942.000	-65.000
803	1943.000	-65.000
803	1944.000	-65.000
803	1945.000	-65.000
803	1946.000	-57.127
803	1947.000	-65.000
803	1948.000	-65.000
803	1949.000	-65.000
803	1950.000	-65.000
803	1951.000	-65.000
803	1952.000	-65.000
803	1953.000	-65.000
803	1954.000	-65.000
803	1955.000	-65.000
803	1956.000	-65.000
803	1957.000	-65.000
803	1958.000	-65.000
803	1959.000	-65.000
803	1960.000	-65.000
803	1961.000	-65.000
803	1962.000	-65.000
803	1963.000	-48.509
803	1964.000	-65.000
803	1965.000	-65.000
803	1966.000	-65.000
803	1967.000	-65.000
803	1968.000	-65.000
803	1969.000	-65.000
803	1970.000	-65.000
803	1971.000	-65.000
803	1972.000	-65.000
803	1973.000	-65.000
803	1974.000	-47.823
803	1975.000	-65.000
803	1976.000	-65.000
803	1977.000	-65.000
803	1978.000	-65.000
803	1979.000	-65.000
803	1980.000	-65.000
803	1981.000	-65.000
803	1982.000	-65.000
803	1983.000	-65.000
803	1984.000	-65.000
803	1985.000	-47.273
803	1986.000	-65.000
803	1987.000	-65.000
803	1988.000	-65.000
803	1989.000	-65.000
803	1990.000	-65.000
803	1991.000	-65.000
803	1992.000	-65.000
803	1993.000	-65.000
803	1994.000	-65.000
803	1995.000	-65.000
803	1996.000	-48.047
803	1997.000	-65.000
803	1998.000	-65.000
803	1999.000	-65.000
803	2000.000	-65.000
