# NEST version: UNKNOWN
# RecordingBackendASCII version: 2
sender	time_ms
1548	0.100
1658	0.700
1418	404.800
1058	430.400
1098	519.700
1738	771.000
1548	780.400
1658	787.300
1048	811.400
1738	1173.500
1218	1185.400
1698	1189.500
1078	1207.300
1428	1212.400
1038	1302.300
1718	1302.800
1088	1305.800
1388	1307.900
1418	1308.400
1068	1308.500
1278	1310.600
1688	1311.000
1458	1311.300
1168	1311.500
1098	1312.200
1628	1312.400
1138	1312.700
1248	1312.700
1368	1312.900
1588	1313.700
1028	1314.000
1288	1314.200
1348	1314.500
1498	1314.500
1148	1314.600
1258	1314.800
1188	1315.000
1408	1315.300
1798	1315.300
1268	1315.500
1158	1315.800
1468	1316.000
1748	1316.200
1008	1316.400
1178	1316.400
1298	1316.600
1238	1316.700
1438	1316.800
1568	1316.800
1118	1316.900
1668	1317.100
1788	1317.100
1768	1317.700
1078	1317.800
1698	1317.900
1058	1318.400
1708	1318.800
1318	1319.000
1658	1319.500
1758	1319.600
1448	1320.600
1648	1321.200
1328	1322.300
1108	1322.600
1478	1322.800
1398	1323.700
1128	1323.800
1218	1323.800
1208	1323.900
1018	1324.000
1728	1324.100
1428	1324.300
1068	1324.900
1508	1327.300
1048	1328.000
1388	1328.400
1578	1329.500
1358	1329.900
1518	1330.400
1558	1330.800
1618	1332.300
1138	1332.500
1638	1335.100
1418	1335.400
1548	1336.400
1608	1336.600
1718	1337.000
1438	1337.700
1338	1337.800
1028	1337.900
1098	1337.900
1298	1338.100
1308	1338.300
1688	1338.300
1088	1338.700
1288	1340.200
1778	1341.200
1038	1342.000
1678	1342.300
1158	1342.700
1248	1343.200
1758	1343.600
1368	1343.700
1628	1344.200
1708	1344.200
1538	1344.400
1448	1344.900
1488	1344.900
1748	1346.900
1228	1347.300
1358	1348.100
1008	1348.300
1108	1348.300
1408	1349.100
1348	1349.200
1398	1349.500
1508	1349.700
1698	1349.700
1658	1349.800
1798	1350.800
1458	1351.900
1328	1352.000
1528	1352.600
1428	1353.300
1058	1355.700
1588	1358.500
1478	1360.200
1148	1364.000
1178	1366.300
1118	1367.700
1028	1368.100
1238	1371.700
1168	1372.800
1518	1373.000
1288	1373.100
1788	1373.300
1418	1373.700
1018	1378.300
1098	1379.900
1468	1380.100
1218	1381.200
1358	1381.300
1668	1382.100
1438	1382.200
1618	1383.300
1338	1383.500
1448	1383.800
1678	1384.700
1728	1386.800
1268	1387.900
1368	1388.300
1638	1392.400
1658	1392.400
1408	1392.500
1258	1393.800
1508	1394.100
1378	1395.700
1128	1397.100
1058	1400.700
1038	1400.800
1628	1404.200
1548	1405.000
1208	1405.600
1348	1406.300
1118	1406.800
1308	1406.800
1198	1407.500
1558	1408.800
1588	1411.400
1088	1413.400
1238	1414.200
1768	1414.600
1248	1417.100
1758	1417.900
1528	1419.000
1278	1419.700
1418	1420.000
1398	1421.300
1788	1423.900
1068	1428.400
1358	1432.900
1688	1436.900
1638	1437.500
1098	1445.800
1328	1449.200
1298	1480.500
1398	1641.300
1288	1644.700
1018	1647.600
1268	1647.600
1428	1648.400
1148	1653.300
1608	1653.400
1248	1653.700
1668	1654.100
1128	1655.700
1738	1656.000
1028	1657.200
1538	1657.600
1008	1658.000
1498	1658.000
1368	1659.400
1388	1659.800
1718	1659.800
1558	1660.900
1188	1661.100
1258	1661.300
1768	1661.400
1548	1661.500
1338	1661.800
1708	1661.900
1078	1662.000
1468	1662.800
1298	1663.400
1178	1664.700
1408	1664.700
1318	1665.200
1328	1665.300
1658	1665.500
1358	1665.900
1458	1666.000
1518	1666.500
1448	1666.800
1778	1667.900
1208	1668.000
1798	1668.800
1108	1669.200
1678	1669.300
1618	1669.500
1088	1669.800
1138	1670.100
1148	1670.400
1758	1670.400
1228	1670.500
1438	1670.800
1418	1671.000
1378	1671.100
1058	1671.900
1788	1672.100
1478	1672.500
1068	1672.600
1608	1673.000
1628	1673.100
1198	1673.800
1308	1673.900
1528	1674.200
1648	1674.700
1348	1674.900
1048	1675.000
1588	1675.000
1018	1675.100
1268	1675.200
1428	1675.300
1578	1675.300
1248	1675.400
1278	1675.600
1738	1675.700
1218	1675.900
1038	1676.000
1498	1676.300
1728	1677.000
1008	1677.200
1508	1677.400
1568	1677.400
1238	1677.500
1398	1677.900
1598	1678.400
1718	1678.600
1538	1679.000
1698	1679.200
1158	1679.700
1258	1679.800
1558	1679.900
1178	1680.000
1078	1680.300
1748	1680.300
1638	1680.400
1168	1680.500
1488	1680.600
1298	1680.700
1658	1681.000
1368	1681.100
1388	1681.400
1518	1681.500
1188	1681.900
1408	1682.000
1688	1682.000
1768	1682.000
1798	1682.000
1118	1682.100
1328	1682.200
1708	1682.200
1458	1682.300
1668	1682.500
1618	1682.600
1318	1683.200
1758	1683.300
1448	1683.500
1288	1683.900
1208	1684.300
1128	1684.400
1108	1684.600
1098	1684.700
1088	1684.900
1788	1685.000
1148	1685.200
1478	1685.600
1028	1685.700
1548	1685.700
1058	1685.800
1778	1685.800
1198	1686.000
1608	1686.000
1068	1686.100
1438	1686.100
1138	1686.700
1268	1686.700
1228	1686.800
1578	1686.800
1588	1687.100
1358	1687.400
1468	1687.500
1678	1687.500
1568	1687.800
1048	1688.300
1428	1688.300
1278	1688.400
1378	1688.400
1218	1688.600
1338	1688.600
1528	1688.800
1498	1689.200
1398	1689.400
1018	1689.500
1418	1689.500
1648	1689.500
1738	1689.700
1248	1689.800
1628	1689.800
1038	1690.000
1258	1690.100
1598	1690.200
1308	1690.300
1728	1690.300
1718	1690.500
1508	1690.700
1748	1690.700
1348	1690.800
1658	1691.000
1768	1691.200
1008	1691.300
1698	1691.300
1238	1691.400
1118	1691.600
1298	1691.600
1638	1691.700
1798	1691.800
1388	1692.100
1708	1692.100
1448	1692.200
1488	1692.500
1538	1692.500
1518	1692.600
1168	1692.700
1188	1692.700
1178	1692.900
1618	1692.900
1408	1693.000
1688	1693.000
1158	1693.200
1368	1693.400
1328	1693.600
1558	1693.600
1288	1694.000
1758	1694.100
1788	1694.100
1088	1694.700
1208	1694.700
1318	1694.700
1458	1694.700
1058	1694.900
1078	1694.900
1128	1695.000
1098	1695.100
1668	1695.200
1108	1695.400
1478	1695.500
1608	1695.600
1228	1695.700
1268	1696.000
1028	1696.200
1468	1696.200
1778	1696.200
1148	1696.300
1548	1696.300
1068	1696.700
1198	1696.800
1358	1696.900
1378	1696.900
1138	1697.100
1568	1697.100
1048	1697.200
1278	1697.300
1438	1697.400
1578	1697.400
1588	1697.500
1678	1697.600
1218	1697.700
1338	1697.700
1498	1697.900
1528	1698.000
1648	1698.300
1428	1698.400
1418	1698.700
1628	1698.700
1258	1698.900
1248	1699.100
1018	1699.200
1598	1699.200
1718	1699.300
1738	1699.300
1348	1699.500
1038	1699.700
1748	1699.700
1768	1699.700
1728	1699.900
1238	1700.000
1118	1700.100
1508	1700.100
1708	1700.100
1308	1700.200
1398	1700.200
1698	1700.200
1008	1700.300
1448	1700.900
1638	1700.900
1298	1701.000
1658	1701.000
1388	1701.100
1488	1701.100
1188	1701.400
1538	1701.400
1798	1701.400
1158	1701.500
1178	1701.500
1168	1701.800
1618	1701.800
1788	1701.800
1328	1702.000
1408	1702.000
1518	1702.000
1688	1702.200
1368	1702.400
1288	1702.600
1558	1702.600
1058	1703.100
1458	1703.100
1078	1703.300
1208	1703.500
1608	1703.600
1088	1703.700
1228	1703.700
1318	1703.700
1758	1704.000
1128	1704.100
1028	1704.200
1098	1704.200
1108	1704.200
1378	1704.300
1778	1704.300
1358	1704.400
1668	1704.400
1268	1704.500
1468	1704.500
1548	1704.600
1048	1704.800
1068	1705.100
1478	1705.200
1148	1705.300
1198	1705.300
1138	1705.500
1218	1705.500
1278	1705.500
1438	1705.500
1568	1705.500
1498	1705.600
1578	1705.600
1588	1705.600
1678	1705.600
1338	1705.700
1528	1705.900
1428	1706.300
1648	1706.500
1628	1706.700
1258	1707.000
1248	1707.200
1598	1707.300
1118	1707.400
1348	1707.400
1738	1707.400
1748	1707.400
1018	1707.500
1038	1707.500
1418	1707.600
1718	1707.600
1008	1707.900
1708	1707.900
1768	1707.900
1308	1708.100
1698	1708.300
1238	1708.400
1398	1708.500
1448	1708.500
1508	1708.500
1728	1708.600
1158	1708.900
1178	1709.000
1538	1709.000
1658	1709.100
1298	1709.200
1638	1709.200
1788	1709.200
1188	1709.300
1388	1709.300
1488	1709.300
1168	1709.400
1798	1709.600
1328	1709.800
1408	1710.000
1288	1710.300
1368	1710.300
1558	1710.300
1618	1710.400
1688	1710.400
1518	1710.500
1458	1710.800
1058	1711.100
1088	1711.100
1318	1711.100
1208	1711.200
1078	1711.400
1228	1711.400
1608	1711.400
1378	1711.500
1098	1711.700
1128	1711.700
1468	1711.700
1358	1711.800
1758	1711.800
1028	1711.900
1548	1711.900
1668	1711.900
1048	1712.000
1778	1712.000
1108	1712.200
1268	1712.200
1198	1712.600
1148	1712.800
1218	1712.800
1478	1712.900
1588	1712.900
1278	1713.000
1338	1713.000
1068	1713.100
1138	1713.100
1438	1713.100
1568	1713.100
1578	1713.100
1678	1713.300
1428	1713.400
1498	1713.400
1528	1713.400
1628	1714.200
1248	1714.400
1258	1714.400
1348	1714.400
1648	1714.400
1598	1714.600
1748	1714.700
1018	1714.900
1738	1714.900
1118	1715.000
1418	1715.200
1038	1715.300
1718	1715.300
1768	1715.300
1708	1715.400
1008	1715.600
1308	1715.700
1238	1715.900
1398	1715.900
1448	1715.900
1698	1715.900
1508	1716.100
1728	1716.200
1178	1716.300
1158	1716.400
1538	1716.400
1638	1716.400
1788	1716.400
1188	1716.500
1298	1716.500
1658	1716.600
1168	1716.800
1388	1716.900
1328	1717.000
1408	1717.200
1798	1717.200
1488	1717.400
1688	1717.600
1558	1717.700
1288	1717.800
1458	1717.900
1318	1718.200
1368	1718.200
1378	1718.200
1518	1718.200
1618	1718.300
1058	1718.400
1088	1718.400
1228	1718.700
1468	1718.700
1078	1718.800
1098	1718.800
1548	1718.800
1608	1718.800
1128	1719.000
1758	1719.000
1048	1719.100
1358	1719.100
1208	1719.200
1668	1719.200
1778	1719.200
1028	1719.400
1108	1719.500
1268	1719.500
1148	1719.800
1198	1720.000
1478	1720.000
1588	1720.000
1218	1720.100
1278	1720.100
1068	1720.200
1138	1720.200
1578	1720.200
1338	1720.300
1438	1720.400
1498	1720.500
1528	1720.500
1428	1720.600
1568	1720.600
1678	1720.700
1628	1721.200
1348	1721.400
1648	1721.400
1248	1721.500
1258	1721.500
1598	1721.700
1018	1722.000
1738	1722.000
1748	1722.000
1118	1722.300
1708	1722.400
1768	1722.400
1038	1722.500
1418	1722.600
1008	1722.800
1308	1722.800
1398	1722.900
1718	1722.900
1238	1723.000
1698	1723.000
1178	1723.100
1448	1723.100
1508	1723.100
1638	1723.300
1788	1723.500
1158	1723.600
1168	1723.600
1728	1723.600
1298	1723.800
1328	1723.900
1538	1723.900
1658	1723.900
1188	1724.000
1388	1724.200
1408	1724.300
1798	1724.400
1288	1724.600
1558	1724.600
1688	1724.700
1488	1724.800
1458	1724.900
1378	1725.200
1368	1725.300
1518	1725.300
1088	1725.500
1318	1725.500
1468	1725.500
1058	1725.600
1098	1725.700
1548	1725.700
1608	1725.700
1618	1725.700
1228	1725.800
1128	1725.900
1668	1726.100
1758	1726.100
1778	1726.100
1048	1726.200
1078	1726.300
1208	1726.400
1108	1726.500
1358	1726.500
1148	1726.600
1268	1726.600
1138	1727.000
1578	1727.000
1028	1727.100
1068	1727.100
1198	1727.100
1478	1727.100
1588	1727.100
1278	1727.300
1338	1727.300
1498	1727.300
1218	1727.600
1438	1727.600
1528	1727.700
1678	1727.700
1568	1727.800
1428	1728.000
1348	1728.300
1628	1728.300
1248	1728.500
1258	1728.600
1648	1728.600
1598	1728.700
1018	1728.800
1738	1729.000
1748	1729.000
1708	1729.300
1768	1729.300
1118	1729.400
1008	1729.500
1038	1729.500
1418	1729.700
1308	1729.800
1398	1729.800
1178	1729.900
1238	1730.000
1698	1730.000
1718	1730.000
1508	1730.100
1448	1730.200
1638	1730.300
1728	1730.400
1168	1730.500
1788	1730.500
1158	1730.600
1328	1730.800
1538	1730.800
1658	1730.800
1388	1731.000
1188	1731.100
1298	1731.100
1688	1731.300
1798	1731.400
1558	1731.500
1288	1731.600
1408	1731.600
1488	1731.700
1458	1731.800
1518	1732.100
1368	1732.200
1378	1732.300
1088	1732.500
1228	1732.500
1098	1732.600
1128	1732.600
1318	1732.600
1468	1732.600
1548	1732.700
1608	1732.700
1058	1732.800
1618	1732.800
1758	1732.900
1778	1732.900
1208	1733.000
1668	1733.000
1048	1733.200
1108	1733.500
1148	1733.500
1078	1733.600
1138	1733.600
1268	1733.700
1358	1733.700
1478	1733.700
1578	1733.800
1588	1733.800
1068	1733.900
1338	1734.000
1028	1734.100
1198	1734.100
1498	1734.200
1278	1734.300
1678	1734.300
1218	1734.500
1568	1734.600
1528	1734.700
1438	1734.800
1628	1735.000
1348	1735.200
1428	1735.300
1248	1735.400
1598	1735.400
1648	1735.500
1018	1735.600
1258	1735.800
1708	1735.800
1738	1735.800
1748	1735.800
1768	1735.900
1118	1736.300
1008	1736.500
1038	1736.500
1308	1736.500
1418	1736.600
1718	1736.600
1398	1736.700
1178	1736.800
1638	1736.900
1508	1737.000
1238	1737.100
1698	1737.100
1448	1737.200
1728	1737.200
1538	1737.400
1658	1737.400
1168	1737.500
1158	1737.700
1788	1737.700
1188	1737.800
1328	1737.800
1388	1737.800
1298	1738.200
1688	1738.300
1798	1738.300
1288	1738.400
1558	1738.400
1408	1738.600
1458	1738.600
1488	1738.800
1518	1738.900
1368	1739.100
1228	1739.200
1318	1739.300
1378	1739.300
1088	1739.400
1098	1739.500
1128	1739.500
1468	1739.500
1548	1739.500
1618	1739.500
1758	1739.600
1058	1739.700
1208	1739.700
1608	1739.700
1668	1739.800
1778	1739.800
1048	1740.000
1108	1740.200
1148	1740.300
1138	1740.400
1588	1740.400
1068	1740.500
1078	1740.500
1268	1740.500
1338	1740.600
1578	1740.600
1358	1740.700
1478	1740.700
1198	1740.800
1498	1740.800
1028	1740.900
1278	1741.000
1678	1741.000
1218	1741.300
1568	1741.300
1528	1741.600
1628	1741.600
1348	1741.700
1438	1741.800
1428	1741.900
1248	1742.000
1598	1742.100
1648	1742.100
1018	1742.300
1708	1742.400
1738	1742.500
1748	1742.600
1768	1742.700
1118	1742.800
1258	1742.800
1008	1743.200
1718	1743.300
1038	1743.400
1418	1743.400
1308	1743.500
1398	1743.500
1178	1743.600
1638	1743.600
1508	1743.700
1698	1743.700
1238	1743.900
1658	1744.000
1538	1744.100
1728	1744.100
1448	1744.200
1168	1744.300
1158	1744.400
1388	1744.400
1788	1744.500
1188	1744.600
1328	1744.600
1688	1745.000
1798	1745.100
1298	1745.200
1408	1745.300
1458	1745.300
1558	1745.300
1288	1745.400
1488	1745.600
1518	1745.700
1228	1745.800
1318	1745.800
1368	1746.000
1618	1746.100
1128	1746.200
1378	1746.200
1468	1746.200
1548	1746.200
1088	1746.300
1758	1746.300
1098	1746.400
1208	1746.400
1608	1746.400
1778	1746.500
1048	1746.600
1668	1746.600
1058	1746.700
1108	1746.800
1068	1747.100
1078	1747.200
1138	1747.200
1478	1747.200
1148	1747.300
1198	1747.300
1268	1747.300
1338	1747.300
1578	1747.300
1588	1747.400
1278	1747.500
1498	1747.500
1358	1747.600
1028	1747.700
1218	1748.000
1568	1748.000
1678	1748.000
1348	1748.200
1528	1748.200
1628	1748.200
1428	1748.400
1438	1748.500
1248	1748.600
1648	1748.600
1598	1748.700
1708	1748.900
1018	1749.000
1768	1749.100
1738	1749.200
1748	1749.300
1118	1749.400
1258	1749.800
1008	1749.900
1718	1749.900
1038	1750.000
1398	1750.100
1418	1750.100
1508	1750.200
1638	1750.200
1308	1750.300
1178	1750.400
1698	1750.400
1658	1750.700
1538	1750.800
1168	1750.900
1448	1750.900
1158	1751.000
1238	1751.000
1728	1751.000
1388	1751.100
1788	1751.100
1188	1751.200
1328	1751.300
1688	1751.500
1298	1751.800
1558	1751.800
1798	1751.800
1408	1752.100
1458	1752.100
1488	1752.100
1288	1752.200
1228	1752.400
1518	1752.500
1318	1752.600
1618	1752.700
1128	1752.800
1208	1752.900
1378	1752.900
1468	1752.900
1548	1752.900
1758	1752.900
1048	1753.000
1088	1753.000
1368	1753.000
1608	1753.000
1098	1753.100
1778	1753.200
1668	1753.500
1058	1753.600
1108	1753.600
1068	1753.700
1198	1753.700
1078	1753.800
1138	1753.900
1338	1753.900
1278	1754.000
1498	1754.000
1578	1754.000
1268	1754.100
1148	1754.200
1588	1754.200
1358	1754.300
1478	1754.300
1028	1754.400
1218	1754.500
1568	1754.600
1628	1754.600
1348	1754.700
1528	1754.700
1678	1754.900
1438	1755.100
1648	1755.100
1248	1755.300
1428	1755.300
1598	1755.300
1708	1755.600
1768	1755.600
1018	1755.800
1738	1755.900
1118	1756.000
1748	1756.100
1038	1756.500
1008	1756.600
1258	1756.700
1508	1756.700
1718	1756.700
1638	1756.800
1308	1756.900
1398	1756.900
1418	1756.900
1178	1757.000
1698	1757.200
1658	1757.300
1538	1757.400
1448	1757.500
1788	1757.600
1188	1757.700
1388	1757.700
1728	1757.700
1158	1757.800
1168	1757.800
1238	1757.800
1328	1758.000
1688	1758.000
1558	1758.400
1798	1758.500
1298	1758.600
1288	1758.800
1408	1758.800
1488	1758.800
1458	1758.900
1228	1759.100
1618	1759.200
1318	1759.300
1518	1759.300
1468	1759.400
1048	1759.500
1128	1759.500
1208	1759.500
1378	1759.500
1608	1759.600
1758	1759.600
1088	1759.800
1548	1759.800
1098	1760.000
1198	1760.000
1368	1760.000
1108	1760.100
1668	1760.100
1778	1760.300
1058	1760.400
1068	1760.400
1078	1760.400
1138	1760.400
1338	1760.400
1278	1760.500
1498	1760.500
1588	1760.800
1148	1760.900
1268	1760.900
1358	1760.900
1578	1760.900
1218	1761.000
1478	1761.000
1628	1761.000
1028	1761.100
1348	1761.300
1528	1761.300
1568	1761.300
1678	1761.400
1438	1761.500
1648	1761.500
1248	1761.900
1598	1761.900
1768	1762.000
1428	1762.100
1708	1762.200
1118	1762.500
1738	1762.500
1018	1762.700
1748	1762.700
1038	1763.100
1508	1763.200
1008	1763.300
1718	1763.300
1398	1763.400
1178	1763.500
1258	1763.500
1308	1763.500
1698	1763.500
1418	1763.700
1638	1763.700
1538	1763.900
1658	1763.900
1788	1764.000
1388	1764.100
1448	1764.200
1188	1764.300
1728	1764.300
1158	1764.400
1168	1764.400
1238	1764.400
1688	1764.500
1328	1764.800
1558	1764.800
1798	1765.200
1288	1765.400
1298	1765.400
1408	1765.400
1488	1765.400
1458	1765.500
1048	1765.800
1228	1765.800
1378	1765.900
1618	1765.900
1208	1766.000
1468	1766.000
1518	1766.000
1318	1766.200
1608	1766.200
1088	1766.300
1128	1766.300
1198	1766.400
1758	1766.400
1548	1766.700
1098	1766.800
1108	1766.800
1138	1766.800
1338	1766.800
1668	1766.800
1278	1766.900
1368	1766.900
1078	1767.000
1778	1767.000
1058	1767.100
1068	1767.100
1498	1767.100
1148	1767.300
1588	1767.400
1628	1767.400
1218	1767.500
1028	1767.600
1358	1767.700
1478	1767.700
1528	1767.800
1578	1767.800
1268	1767.900
1348	1767.900
1648	1767.900
1568	1768.000
1678	1768.000
1438	1768.100
1248	1768.500
1598	1768.500
1768	1768.500
1428	1768.700
1708	1768.700
1118	1768.900
1738	1769.100
1018	1769.200
1748	1769.400
1508	1769.600
1718	1769.700
1008	1769.800
1038	1769.800
1308	1770.000
1398	1770.000
1178	1770.100
1258	1770.100
1698	1770.100
1638	1770.300
1538	1770.400
1658	1770.500
1788	1770.500
1418	1770.600
1388	1770.700
1448	1770.700
1158	1770.800
1728	1770.800
1168	1771.000
1188	1771.000
1238	1771.000
1688	1771.100
1558	1771.300
1328	1771.400
1798	1771.900
1288	1772.000
1408	1772.000
1458	1772.000
1298	1772.200
1488	1772.200
1048	1772.300
1228	1772.400
1378	1772.400
1208	1772.600
1468	1772.600
1618	1772.600
1518	1772.800
1608	1772.800
1088	1772.900
1128	1772.900
1198	1772.900
1318	1772.900
1758	1773.000
1338	1773.200
1138	1773.300
1668	1773.300
1108	1773.400
1548	1773.400
1278	1773.500
1368	1773.500
1778	1773.500
1068	1773.600
1098	1773.600
1078	1773.700
1148	1773.700
1498	1773.700
1628	1773.700
1058	1773.800
1588	1773.900
1218	1774.100
1478	1774.100
1028	1774.200
1528	1774.200
1358	1774.300
1648	1774.300
1578	1774.400
1438	1774.500
1678	1774.600
1268	1774.700
1348	1774.700
1568	1774.900
1708	1775.000
1248	1775.100
1428	1775.200
1598	1775.200
1768	1775.200
1118	1775.400
1738	1775.600
1018	1775.700
1748	1775.900
1508	1776.000
1008	1776.200
1718	1776.200
1038	1776.300
1308	1776.400
1398	1776.500
1178	1776.700
1698	1776.700
1258	1776.800
1638	1776.900
1538	1777.000
1658	1777.000
1788	1777.000
1158	1777.200
1418	1777.200
1448	1777.200
1388	1777.400
1728	1777.400
1168	1777.500
1188	1777.500
1238	1777.700
1688	1777.700
1328	1777.900
1558	1777.900
1408	1778.500
1458	1778.500
1798	1778.500
1298	1778.600
1288	1778.700
1048	1778.800
1378	1778.800
1488	1778.800
1228	1779.000
1618	1779.000
1468	1779.100
1518	1779.300
1608	1779.400
1198	1779.500
1208	1779.500
1318	1779.600
1758	1779.600
1088	1779.700
1128	1779.700
1338	1779.800
1668	1779.800
1108	1779.900
1138	1780.000
1368	1780.000
1548	1780.000
1778	1780.000
1068	1780.100
1148	1780.200
1278	1780.200
1498	1780.200
1078	1780.300
1098	1780.300
1628	1780.300
1058	1780.400
1218	1780.500
1478	1780.500
1588	1780.500
1028	1780.700
1528	1780.800
1648	1780.800
1358	1780.900
1578	1780.900
1438	1781.000
1678	1781.200
1268	1781.300
1348	1781.300
1708	1781.300
1568	1781.600
1248	1781.700
1598	1781.700
1768	1781.700
1428	1781.800
1118	1781.900
1018	1782.100
1738	1782.100
1748	1782.300
1308	1782.700
1508	1782.700
1718	1782.700
1008	1782.900
1038	1783.100
1398	1783.100
1178	1783.200
1638	1783.400
1698	1783.400
1258	1783.700
1448	1783.700
1538	1783.700
1658	1783.700
1158	1783.800
1168	1783.800
1418	1783.800
1788	1783.900
1388	1784.000
1188	1784.100
1728	1784.100
1328	1784.300
1558	1784.300
1688	1784.300
1238	1784.400
1798	1784.900
1408	1785.000
1048	1785.300
1298	1785.300
1458	1785.300
1288	1785.400
1228	1785.500
1378	1785.500
1468	1785.500
1618	1785.600
1518	1785.800
1488	1785.900
1608	1786.000
1198	1786.100
1758	1786.100
1128	1786.200
1088	1786.300
1208	1786.300
1668	1786.400
1138	1786.500
1338	1786.500
1368	1786.500
1548	1786.500
1778	1786.500
1108	1786.600
1148	1786.600
1318	1786.600
1498	1786.700
1058	1786.800
1628	1786.800
1068	1786.900
1278	1786.900
1478	1786.900
1078	1787.100
1588	1787.100
1098	1787.200
1218	1787.200
1648	1787.300
1028	1787.400
1358	1787.400
1578	1787.400
1348	1787.600
1528	1787.600
1708	1787.800
1268	1787.900
1438	1787.900
1678	1787.900
1568	1788.100
1598	1788.300
1118	1788.400
1768	1788.400
1248	1788.500
1428	1788.500
1018	1788.700
1748	1788.700
1738	1788.800
1308	1789.200
1718	1789.200
1508	1789.500
1008	1789.600
1398	1789.600
1038	1789.800
1178	1789.800
1698	1790.100
1168	1790.200
1538	1790.200
1638	1790.200
1158	1790.300
1658	1790.300
1418	1790.400
1258	1790.500
1448	1790.500
1188	1790.600
1388	1790.600
1788	1790.700
1558	1790.800
1328	1790.900
1728	1791.000
1688	1791.100
1238	1791.200
1408	1791.600
1798	1791.600
1048	1791.700
1288	1791.900
1298	1791.900
1468	1792.000
1228	1792.100
1378	1792.100
1458	1792.100
1618	1792.200
1518	1792.400
1608	1792.500
1488	1792.600
1128	1792.700
1198	1792.700
1088	1792.800
1758	1792.800
1138	1792.900
1208	1792.900
1338	1792.900
1368	1793.000
1548	1793.000
1778	1793.000
1148	1793.200
1318	1793.200
1498	1793.200
1668	1793.200
1058	1793.300
1108	1793.300
1278	1793.400
1628	1793.500
1068	1793.700
1478	1793.700
1588	1793.700
1078	1793.800
1098	1793.800
1358	1793.800
1218	1793.900
1028	1794.000
1648	1794.000
1578	1794.100
1348	1794.200
1708	1794.300
1438	1794.400
1528	1794.400
1268	1794.600
1568	1794.600
1678	1794.600
1118	1795.000
1428	1795.000
1598	1795.000
1018	1795.100
1768	1795.100
1248	1795.200
1748	1795.300
1738	1795.500
1718	1795.700
1308	1795.800
1398	1796.000
1038	1796.300
1178	1796.300
1508	1796.300
1008	1796.400
1538	1796.700
1698	1796.700
1168	1796.800
1638	1796.900
1158	1797.000
1418	1797.000
1658	1797.000
1188	1797.100
1448	1797.100
1258	1797.300
1388	1797.300
1558	1797.300
1788	1797.400
1728	1797.500
1328	1797.600
1688	1797.800
1238	1798.100
1798	1798.100
1048	1798.200
1288	1798.200
1408	1798.300
1298	1798.400
1468	1798.500
1458	1798.600
1618	1798.600
1228	1798.800
1378	1798.900
1608	1799.000
1088	1799.300
1758	1799.300
1128	1799.400
1138	1799.400
1208	1799.400
1518	1799.400
1338	1799.500
1488	1799.500
1548	1799.500
1778	1799.500
1198	1799.600
1368	1799.600
1318	1799.700
1498	1799.700
1148	1799.800
1668	1799.800
1058	1799.900
1108	1799.900
1278	1800.100
1098	1800.300
1358	1800.300
1628	1800.300
1068	1800.400
1588	1800.400
1028	1800.500
1078	1800.500
1218	1800.500
1478	1800.500
1648	1800.500
1578	1800.600
1348	1800.700
1438	1800.900
1708	1800.900
1568	1801.000
1528	1801.200
1268	1801.300
1678	1801.300
1018	1801.600
1118	1801.600
1428	1801.600
1598	1801.700
1768	1801.700
1248	1801.900
1748	1801.900
1738	1802.200
1308	1802.400
1718	1802.400
1398	1802.500
1038	1802.900
1178	1802.900
1508	1802.900
1008	1803.000
1538	1803.300
1698	1803.300
1638	1803.400
1168	1803.500
1658	1803.500
1158	1803.700
1188	1803.700
1418	1803.700
1448	1803.700
1388	1803.800
1258	1804.100
1558	1804.100
1728	1804.100
1788	1804.100
1328	1804.300
1688	1804.400
1798	1804.500
1238	1804.700
1288	1804.700
1408	1804.800
1298	1804.900
1048	1805.000
1468	1805.100
1458	1805.200
1618	1805.200
1228	1805.300
1378	1805.500
1608	1805.600
1088	1805.800
1758	1805.800
1778	1805.900
1138	1806.100
1548	1806.100
1128	1806.200
1208	1806.200
1338	1806.200
1368	1806.200
1488	1806.200
1198	1806.300
1318	1806.300
1498	1806.300
1518	1806.300
1108	1806.400
1148	1806.400
1668	1806.500
1058	1806.700
1278	1806.700
1358	1806.800
1098	1806.900
1028	1807.000
1588	1807.000
1068	1807.100
1478	1807.100
1578	1807.100
1628	1807.100
1648	1807.100
1078	1807.200
1218	1807.200
1348	1807.300
1438	1807.400
1568	1807.600
1708	1807.600
1528	1807.700
1678	1807.900
1018	1808.000
1428	1808.200
1118	1808.300
1268	1808.300
1598	1808.400
1768	1808.500
1248	1808.600
1748	1808.600
1738	1808.700
1308	1808.900
1718	1809.100
1398	1809.200
1508	1809.400
1038	1809.600
1178	1809.600
1008	1809.700
1538	1809.800
1638	1809.800
1658	1810.000
1168	1810.100
1698	1810.100
1388	1810.300
1158	1810.400
1188	1810.400
1418	1810.400
1448	1810.400
1728	1810.700
1258	1810.800
1788	1810.800
1688	1810.900
1238	1811.000
1798	1811.000
1558	1811.100
1328	1811.300
1408	1811.300
1298	1811.400
1288	1811.600
1458	1811.700
1228	1811.800
1468	1811.800
1618	1811.800
1048	1811.900
1088	1812.200
1378	1812.200
1608	1812.300
1758	1812.400
1368	1812.600
1778	1812.600
1138	1812.700
1128	1812.800
1338	1812.800
1488	1812.800
1548	1812.800
1198	1812.900
1208	1812.900
1498	1812.900
1148	1813.000
1518	1813.000
1108	1813.100
1318	1813.100
1278	1813.200
1058	1813.400
1358	1813.400
1668	1813.400
1028	1813.500
1098	1813.600
1578	1813.600
1588	1813.700
1068	1813.800
1078	1813.800
1628	1813.800
1218	1813.900
1478	1813.900
1648	1813.900
1348	1814.100
1438	1814.200
1568	1814.200
1528	1814.300
1708	1814.300
1018	1814.600
1428	1814.700
1678	1814.900
1118	1815.000
1268	1815.100
1768	1815.100
1248	1815.200
1598	1815.200
1738	1815.200
1308	1815.300
1748	1815.300
1398	1815.800
1718	1815.800
1508	1815.900
1178	1816.000
1008	1816.200
1638	1816.200
1538	1816.300
1038	1816.400
1658	1816.400
1698	1816.500
1168	1816.600
1388	1816.700
1158	1816.900
1188	1816.900
1418	1816.900
1448	1817.000
1258	1817.300
1688	1817.300
1728	1817.300
1788	1817.300
1238	1817.400
1798	1817.400
1408	1817.600
1558	1817.600
1328	1817.700
1298	1817.900
1228	1818.100
1288	1818.100
1458	1818.200
1618	1818.200
1048	1818.400
1088	1818.400
1468	1818.400
1378	1818.500
1608	1818.700
1758	1818.700
1778	1818.900
1138	1819.000
1338	1819.000
1368	1819.000
1128	1819.100
1198	1819.100
1488	1819.100
1548	1819.100
1148	1819.200
1208	1819.200
1498	1819.200
1518	1819.300
1108	1819.400
1278	1819.400
1318	1819.400
1058	1819.500
1358	1819.700
1668	1819.700
1028	1819.800
1098	1819.800
1578	1819.800
1068	1819.900
1588	1819.900
1628	1819.900
1078	1820.000
1218	1820.000
1478	1820.000
1648	1820.000
1438	1820.200
1568	1820.300
1348	1820.400
1708	1820.400
1528	1820.600
1018	1820.700
1428	1820.800
1678	1820.900
1118	1821.000
1268	1821.200
1308	1821.200
1598	1821.200
1738	1821.200
1768	1821.200
1248	1821.300
1748	1821.400
1718	1821.700
1398	1821.800
1508	1821.800
1178	1821.900
1008	1822.000
1638	1822.000
1538	1822.200
1658	1822.200
1038	1822.300
1698	1822.400
1168	1822.500
1388	1822.500
1158	1822.600
1188	1822.700
1418	1822.700
1448	1822.800
1688	1823.100
1728	1823.100
1788	1823.100
1238	1823.200
1258	1823.200
1798	1823.300
1408	1823.500
1558	1823.500
1328	1823.700
1298	1823.800
1228	1824.000
1288	1824.000
1458	1824.100
1618	1824.100
1048	1824.300
1088	1824.300
1378	1824.400
1468	1824.400
1608	1824.600
1758	1824.600
1778	1824.800
1338	1824.900
1368	1824.900
1128	1825.000
1138	1825.000
1198	1825.100
1488	1825.100
1498	1825.100
1208	1825.200
1548	1825.200
1148	1825.300
1518	1825.300
1058	1825.400
1108	1825.400
1278	1825.400
1318	1825.400
1098	1825.700
1668	1825.700
1068	1825.800
1358	1825.800
1578	1825.800
1628	1825.800
1028	1825.900
1478	1825.900
1588	1825.900
1648	1825.900
1218	1826.000
1078	1826.100
1438	1826.100
1568	1826.300
1708	1826.400
1348	1826.500
1018	1826.700
1528	1826.700
1428	1826.800
1678	1826.900
1118	1827.100
1268	1827.200
1308	1827.200
1598	1827.200
1768	1827.200
1248	1827.300
1738	1827.300
1748	1827.500
1718	1827.700
1508	1827.800
1178	1827.900
1398	1827.900
1638	1827.900
1008	1828.000
1658	1828.100
1538	1828.200
1038	1828.300
1388	1828.300
1698	1828.400
1158	1828.500
1168	1828.500
1188	1828.600
1418	1828.800
1448	1828.800
1688	1829.000
1788	1829.000
1728	1829.100
1238	1829.200
1258	1829.300
1798	1829.300
1408	1829.500
1558	1829.500
1328	1829.600
1298	1829.700
1228	1829.900
1288	1829.900
1458	1830.000
1618	1830.000
1048	1830.200
1088	1830.200
1378	1830.300
1468	1830.400
1608	1830.500
1758	1830.500
1778	1830.700
1138	1830.800
1128	1830.900
1338	1830.900
1368	1830.900
1498	1830.900
1198	1831.000
1488	1831.000
1208	1831.100
1548	1831.100
1148	1831.200
1318	1831.200
1518	1831.200
1058	1831.300
1108	1831.300
1278	1831.300
1098	1831.500
1668	1831.500
1068	1831.600
1358	1831.700
1478	1831.700
1578	1831.700
1628	1831.700
1648	1831.700
1028	1831.800
1218	1831.800
1588	1831.800
1438	1831.900
1078	1832.000
1568	1832.200
1708	1832.200
1348	1832.400
1018	1832.500
1428	1832.600
1528	1832.600
1678	1832.700
1118	1833.000
1308	1833.000
1598	1833.000
1768	1833.000
1248	1833.100
1268	1833.100
1738	1833.200
1748	1833.400
1718	1833.500
1178	1833.700
1508	1833.700
1638	1833.700
1008	1833.800
1398	1833.800
1658	1834.000
1388	1834.100
1038	1834.200
1538	1834.200
1158	1834.300
1698	1834.300
1168	1834.400
1188	1834.400
1448	1834.700
1418	1834.800
1688	1834.800
1788	1834.800
1728	1835.000
1238	1835.100
1258	1835.300
1798	1835.300
1558	1835.400
1328	1835.500
1408	1835.500
1298	1835.700
1288	1835.800
1228	1835.900
1458	1835.900
1618	1835.900
1048	1836.100
1088	1836.200
1378	1836.200
1468	1836.500
1608	1836.500
1758	1836.500
1778	1836.700
1138	1836.800
1498	1836.800
1128	1836.900
1198	1836.900
1338	1836.900
1368	1836.900
1488	1837.000
1318	1837.100
1548	1837.100
1148	1837.200
1208	1837.200
1108	1837.300
1278	1837.300
1518	1837.300
1058	1837.400
1098	1837.500
1068	1837.600
1668	1837.600
1358	1837.700
1478	1837.700
1578	1837.700
1628	1837.700
1648	1837.700
1028	1837.800
1218	1837.800
1588	1837.800
1438	1837.900
1078	1838.100
1708	1838.200
1568	1838.300
1348	1838.500
1428	1838.600
1018	1838.700
1678	1838.700
1528	1838.800
1598	1838.900
1118	1839.000
1308	1839.000
1768	1839.000
1248	1839.100
1268	1839.100
1738	1839.300
1718	1839.400
1748	1839.400
1638	1839.600
1508	1839.700
1008	1839.800
1178	1839.800
1398	1839.900
1388	1840.000
1658	1840.000
1038	1840.200
1158	1840.200
1188	1840.300
1538	1840.300
1698	1840.300
1168	1840.400
1448	1840.600
1688	1840.700
1788	1840.700
1418	1840.800
1728	1840.900
1238	1841.100
1258	1841.200
1558	1841.300
1798	1841.300
1328	1841.400
1408	1841.500
1288	1841.700
1298	1841.700
1618	1841.800
1228	1841.900
1048	1842.000
1458	1842.000
1088	1842.200
1378	1842.200
1608	1842.500
1468	1842.600
1758	1842.600
1778	1842.600
1498	1842.700
1128	1842.800
1138	1842.800
1198	1842.900
1318	1842.900
1338	1842.900
1368	1842.900
1488	1843.000
1548	1843.100
1148	1843.200
1208	1843.200
1058	1843.300
1108	1843.300
1278	1843.300
1518	1843.300
1098	1843.400
1068	1843.500
1668	1843.500
1478	1843.600
1648	1843.600
1358	1843.700
1578	1843.700
1588	1843.700
1628	1843.700
1028	1843.800
1218	1843.800
1438	1843.800
1078	1844.100
1708	1844.100
1568	1844.300
1428	1844.400
1348	1844.500
1018	1844.600
1678	1844.600
1598	1844.700
1528	1844.800
1308	1844.900
1768	1844.900
1118	1845.000
1248	1845.000
1268	1845.100
1738	1845.200
1718	1845.300
1748	1845.300
1638	1845.500
1508	1845.600
1008	1845.700
1178	1845.800
1398	1845.800
1388	1845.900
1658	1845.900
1158	1846.000
1038	1846.100
1188	1846.100
1698	1846.200
1168	1846.300
1538	1846.300
1448	1846.500
1788	1846.500
1688	1846.600
1418	1846.800
1728	1846.800
1238	1847.100
1258	1847.200
1558	1847.200
1328	1847.300
1798	1847.300
1408	1847.500
1288	1847.600
1298	1847.700
1618	1847.800
1048	1847.900
1228	1847.900
1458	1848.000
1378	1848.100
1088	1848.200
1608	1848.600
1758	1848.600
1778	1848.600
1138	1848.700
1468	1848.700
1498	1848.700
1128	1848.800
1198	1848.800
1318	1848.800
1338	1848.900
1368	1849.000
1488	1849.100
1148	1849.200
1548	1849.200
1058	1849.300
1108	1849.300
1518	1849.300
1098	1849.400
1208	1849.400
1278	1849.400
1068	1849.500
1668	1849.500
1478	1849.600
1648	1849.600
1358	1849.700
1588	1849.700
1628	1849.700
1438	1849.800
1578	1849.800
1028	1849.900
1218	1849.900
1708	1850.100
1078	1850.200
1428	1850.400
1348	1850.500
1568	1850.500
1678	1850.600
1018	1850.700
1598	1850.700
1308	1850.900
1528	1850.900
1768	1850.900
1118	1851.100
1248	1851.100
1268	1851.200
1738	1851.200
1718	1851.400
1748	1851.400
1638	1851.500
1508	1851.600
1008	1851.700
1398	1851.800
1178	1851.900
1658	1851.900
1158	1852.000
1188	1852.000
1388	1852.000
1038	1852.200
1698	1852.300
1168	1852.400
1448	1852.400
1538	1852.400
1788	1852.500
1688	1852.600
1728	1852.700
1418	1852.900
1238	1853.200
1558	1853.200
1258	1853.300
1328	1853.300
1798	1853.400
1288	1853.600
1298	1853.600
1408	1853.600
1048	1853.800
1618	1853.800
1228	1853.900
1458	1854.000
1088	1854.100
1378	1854.100
1498	1854.600
1608	1854.600
1758	1854.600
1778	1854.600
1138	1854.700
1198	1854.700
1318	1854.700
1128	1854.800
1338	1854.800
1468	1854.800
1368	1855.000
1148	1855.100
1488	1855.100
1058	1855.200
1108	1855.200
1518	1855.200
1548	1855.200
1098	1855.300
1208	1855.300
1068	1855.400
1278	1855.400
1668	1855.400
1478	1855.500
1648	1855.500
1358	1855.600
1588	1855.600
1578	1855.700
1628	1855.700
1438	1855.800
1028	1855.900
1218	1855.900
1708	1856.000
1078	1856.200
1428	1856.300
1348	1856.400
1568	1856.400
1678	1856.500
1018	1856.600
1598	1856.600
1308	1856.800
1768	1856.800
1528	1856.900
1118	1857.000
1248	1857.100
1738	1857.100
1268	1857.200
1718	1857.200
1638	1857.400
1748	1857.400
1508	1857.500
1008	1857.600
1398	1857.700
1158	1857.800
1178	1857.800
1188	1857.800
1658	1857.800
1388	1857.900
1038	1858.100
1698	1858.200
1448	1858.300
1538	1858.300
1788	1858.300
1168	1858.400
1688	1858.500
1728	1858.600
1418	1858.800
1238	1859.100
1558	1859.100
1328	1859.200
1258	1859.400
1798	1859.400
1298	1859.500
1408	1859.500
1288	1859.600
1048	1859.700
1618	1859.700
1228	1859.800
1458	1859.900
1088	1860.000
1378	1860.000
1778	1860.500
1198	1860.600
1758	1860.600
1138	1860.700
1318	1860.700
1468	1860.700
1498	1860.700
1608	1860.700
1128	1860.800
1338	1860.800
1368	1861.000
1058	1861.200
1148	1861.200
1488	1861.200
1518	1861.200
1098	1861.300
1108	1861.300
1208	1861.300
1548	1861.300
1068	1861.400
1478	1861.400
1668	1861.400
1278	1861.500
1358	1861.600
1588	1861.600
1648	1861.600
1578	1861.700
1438	1861.800
1628	1861.800
1218	1861.900
1708	1862.000
1028	1862.100
1078	1862.200
1428	1862.300
1348	1862.400
1568	1862.500
1678	1862.500
1598	1862.600
1018	1862.700
1308	1862.800
1768	1862.800
1118	1863.000
1528	1863.100
1718	1863.100
1738	1863.100
1248	1863.300
1268	1863.300
1638	1863.300
1508	1863.500
1748	1863.500
1008	1863.600
1158	1863.700
1188	1863.700
1178	1863.800
1398	1863.800
1658	1863.800
1388	1864.000
1038	1864.100
1698	1864.200
1788	1864.200
1448	1864.300
1168	1864.400
1538	1864.400
1688	1864.500
1728	1864.600
1418	1864.900
1238	1865.000
1558	1865.100
1328	1865.200
1258	1865.500
1298	1865.500
1408	1865.500
1798	1865.500
1048	1865.700
1288	1865.700
1618	1865.700
1088	1865.900
1228	1865.900
1378	1865.900
1458	1865.900
1778	1866.400
1198	1866.500
1318	1866.700
1468	1866.700
1498	1866.700
1608	1866.700
1758	1866.700
1128	1866.800
1138	1866.800
1338	1866.800
1368	1867.000
1058	1867.100
1148	1867.100
1518	1867.100
1488	1867.200
1098	1867.300
1478	1867.300
1548	1867.300
1068	1867.400
1108	1867.400
1208	1867.400
1668	1867.400
1278	1867.500
1358	1867.500
1588	1867.600
1648	1867.600
1438	1867.700
1578	1867.700
1218	1867.900
1628	1867.900
1708	1867.900
1028	1868.100
1078	1868.200
1428	1868.200
1348	1868.300
1568	1868.400
1598	1868.500
1678	1868.500
1018	1868.700
1308	1868.700
1768	1868.700
1118	1868.900
1718	1869.000
1738	1869.000
1268	1869.200
1248	1869.300
1528	1869.300
1638	1869.300
1508	1869.400
1008	1869.600
1158	1869.600
1188	1869.600
1748	1869.600
1178	1869.700
1398	1869.700
1658	1869.800
1388	1869.900
1038	1870.000
1698	1870.100
1788	1870.100
1448	1870.200
1168	1870.300
1538	1870.400
1688	1870.400
1728	1870.500
1418	1870.900
1238	1871.000
1558	1871.000
1328	1871.200
1298	1871.400
1258	1871.500
1408	1871.500
1798	1871.500
1618	1871.600
1048	1871.700
1288	1871.700
1378	1871.700
1088	1871.800
1228	1871.900
1458	1871.900
1778	1872.400
1198	1872.500
1318	1872.600
1138	1872.700
1468	1872.700
1498	1872.700
1608	1872.700
1758	1872.700
1128	1872.800
1338	1872.800
1058	1873.000
1368	1873.000
1518	1873.000
1148	1873.100
1478	1873.200
1488	1873.200
1068	1873.300
1098	1873.300
1108	1873.400
1358	1873.400
1548	1873.400
1668	1873.400
1208	1873.500
1278	1873.500
1438	1873.600
1578	1873.600
1588	1873.600
1648	1873.600
1708	1873.800
1218	1874.000
1628	1874.000
1028	1874.100
1428	1874.100
1078	1874.200
1348	1874.300
1568	1874.400
1598	1874.500
1678	1874.500
1308	1874.600
1018	1874.700
1768	1874.800
1718	1874.900
1738	1874.900
1118	1875.000
1268	1875.200
1638	1875.300
1248	1875.400
1528	1875.400
1158	1875.500
1188	1875.500
1508	1875.500
1008	1875.600
1178	1875.600
1748	1875.600
1398	1875.700
1658	1875.700
1388	1875.800
1038	1876.000
1788	1876.000
1448	1876.100
1698	1876.100
1168	1876.200
1688	1876.300
1538	1876.400
1728	1876.400
1418	1876.900
1558	1877.000
1238	1877.100
1328	1877.200
1298	1877.300
1798	1877.400
1258	1877.500
1408	1877.500
1048	1877.600
1378	1877.600
1618	1877.600
1088	1877.700
1288	1877.700
1458	1877.800
1228	1877.900
1778	1878.300
1198	1878.400
1138	1878.600
1318	1878.600
1758	1878.600
1128	1878.700
1468	1878.700
1498	1878.700
1608	1878.700
1338	1878.800
1058	1878.900
1518	1878.900
1478	1879.000
1148	1879.100
1368	1879.100
1488	1879.100
1068	1879.200
1098	1879.300
1358	1879.300
1548	1879.300
1108	1879.400
1208	1879.400
1668	1879.400
1278	1879.500
1438	1879.500
1578	1879.500
1588	1879.500
1648	1879.500
1708	1879.700
1628	1879.900
1218	1880.000
1428	1880.000
1028	1880.100
1078	1880.200
1348	1880.200
1568	1880.300
1308	1880.500
1598	1880.500
1678	1880.500
1018	1880.600
1718	1880.800
1738	1880.800
1768	1880.800
1118	1881.000
1268	1881.100
1638	1881.200
1158	1881.400
1188	1881.400
1248	1881.400
1178	1881.500
1508	1881.500
1528	1881.500
1008	1881.600
1658	1881.600
1748	1881.600
1388	1881.700
1398	1881.700
1788	1881.900
1038	1882.000
1448	1882.000
1168	1882.100
1698	1882.100
1688	1882.200
1728	1882.200
1538	1882.500
1418	1882.800
1558	1882.900
1238	1883.100
1328	1883.100
1298	1883.200
1378	1883.400
1798	1883.400
1048	1883.500
1258	1883.500
1408	1883.500
1618	1883.500
1088	1883.600
1288	1883.600
1458	1883.700
1228	1883.800
1198	1884.300
1778	1884.300
1318	1884.500
1758	1884.500
1128	1884.600
1138	1884.600
1468	1884.700
1498	1884.700
1608	1884.700
1058	1884.800
1338	1884.800
1478	1884.800
1518	1884.900
1148	1885.000
1488	1885.000
1068	1885.100
1368	1885.100
1098	1885.200
1358	1885.200
1548	1885.200
1668	1885.300
1208	1885.400
1438	1885.400
1578	1885.400
1588	1885.400
1108	1885.500
1278	1885.500
1648	1885.500
1708	1885.600
1428	1885.900
1628	1885.900
1218	1886.000
1028	1886.100
1348	1886.100
1078	1886.200
1568	1886.300
1308	1886.400
1678	1886.400
1018	1886.500
1598	1886.500
1718	1886.600
1738	1886.700
1768	1886.700
1118	1886.900
1638	1887.000
1268	1887.100
1158	1887.200
1188	1887.200
1248	1887.300
1178	1887.400
1508	1887.400
1658	1887.500
1008	1887.600
1388	1887.600
1528	1887.600
1748	1887.600
1398	1887.700
1788	1887.700
1038	1887.900
1448	1887.900
1168	1888.000
1698	1888.000
1728	1888.000
1688	1888.100
1538	1888.600
1418	1888.700
1558	1888.800
1238	1889.000
1328	1889.000
1298	1889.100
1378	1889.300
1798	1889.300
1048	1889.400
1258	1889.400
1288	1889.400
1408	1889.400
1618	1889.400
1088	1889.500
1458	1889.600
1228	1889.700
1778	1890.100
1198	1890.200
1138	1890.400
1318	1890.400
1758	1890.400
1128	1890.500
1478	1890.600
1498	1890.600
1608	1890.600
1058	1890.700
1338	1890.700
1468	1890.700
1518	1890.800
1068	1890.900
1488	1890.900
1098	1891.000
1148	1891.000
1368	1891.000
1358	1891.100
1548	1891.200
1668	1891.200
1438	1891.300
1578	1891.300
1588	1891.300
1108	1891.400
1208	1891.400
1278	1891.500
1648	1891.500
1708	1891.500
1428	1891.800
1218	1891.900
1628	1891.900
1028	1892.000
1078	1892.100
1348	1892.100
1308	1892.200
1568	1892.200
1678	1892.300
1018	1892.400
1598	1892.400
1718	1892.400
1738	1892.600
1768	1892.700
1118	1892.800
1638	1892.800
1158	1893.000
1188	1893.000
1268	1893.000
1178	1893.200
1248	1893.200
1508	1893.300
1658	1893.400
1008	1893.500
1388	1893.500
1748	1893.500
1788	1893.500
1398	1893.600
1448	1893.700
1528	1893.700
1038	1893.800
1728	1893.800
1168	1893.900
1698	1893.900
1688	1894.000
1418	1894.600
1538	1894.600
1558	1894.800
1238	1894.900
1298	1894.900
1328	1894.900
1378	1895.200
1088	1895.300
1288	1895.300
1408	1895.300
1618	1895.300
1798	1895.300
1048	1895.400
1258	1895.400
1458	1895.500
1228	1895.600
1778	1895.900
1198	1896.100
1138	1896.300
1758	1896.300
1128	1896.400
1318	1896.400
1478	1896.400
1498	1896.400
1608	1896.500
1058	1896.600
1338	1896.600
1068	1896.700
1468	1896.700
1518	1896.700
1098	1896.800
1368	1896.800
1488	1896.800
1148	1897.000
1358	1897.000
1668	1897.100
1438	1897.200
1548	1897.200
1578	1897.200
1588	1897.200
1108	1897.300
1208	1897.300
1708	1897.300
1278	1897.400
1648	1897.400
1428	1897.600
1218	1897.800
1628	1897.800
1348	1897.900
1028	1898.000
1308	1898.000
1078	1898.100
1568	1898.100
1678	1898.200
1718	1898.200
1018	1898.300
1598	1898.300
1738	1898.500
1638	1898.600
1768	1898.700
1118	1898.800
1158	1898.800
1188	1898.800
1268	1898.900
1178	1899.100
1248	1899.100
1508	1899.200
1658	1899.200
1388	1899.300
1788	1899.300
1008	1899.400
1398	1899.400
1748	1899.400
1448	1899.500
1038	1899.600
1728	1899.600
1168	1899.700
1528	1899.700
1698	1899.800
1688	1899.900
1418	1900.500
1538	1900.500
1238	1900.700
1298	1900.700
1558	1900.700
1328	1900.800
1378	1901.000
1088	1901.100
1288	1901.100
1048	1901.200
1408	1901.200
1618	1901.200
1798	1901.200
1258	1901.400
1228	1901.500
1458	1901.500
1778	1901.800
1198	1901.900
1128	1902.200
1478	1902.200
1758	1902.200
1138	1902.300
1318	1902.300
1498	1902.300
1058	1902.400
1608	1902.400
1338	1902.500
1068	1902.600
1098	1902.600
1518	1902.600
1368	1902.700
1468	1902.700
1488	1902.700
1358	1902.900
1148	1903.000
1438	1903.100
1578	1903.100
1588	1903.100
1668	1903.100
1708	1903.100
1548	1903.200
1108	1903.300
1208	1903.300
1278	1903.300
1648	1903.300
1428	1903.400
1218	1903.700
1628	1903.700
1308	1903.800
1348	1903.800
1028	1903.900
1078	1904.000
1568	1904.000
1718	1904.000
1018	1904.100
1678	1904.100
1598	1904.200
1638	1904.400
1738	1904.400
1768	1904.500
1158	1904.600
1188	1904.600
1118	1904.700
1268	1904.800
1248	1904.900
1178	1905.000
1508	1905.000
1788	1905.000
1388	1905.100
1658	1905.100
1008	1905.200
1398	1905.200
1448	1905.400
1728	1905.400
1748	1905.400
1038	1905.500
1168	1905.600
1528	1905.700
1688	1905.700
1698	1905.700
1418	1906.400
1538	1906.400
1238	1906.500
1298	1906.500
1558	1906.600
1328	1906.700
1378	1906.800
1088	1906.900
1288	1906.900
1048	1907.000
1618	1907.000
1408	1907.100
1798	1907.100
1228	1907.300
1258	1907.400
1458	1907.400
1778	1907.600
1198	1907.700
1128	1908.000
1478	1908.000
1058	1908.100
1138	1908.100
1318	1908.100
1758	1908.100
1498	1908.200
1608	1908.300
1068	1908.400
1098	1908.400
1338	1908.400
1518	1908.400
1368	1908.600
1468	1908.600
1488	1908.600
1358	1908.800
1148	1908.900
1708	1908.900
1438	1909.000
1578	1909.000
1588	1909.000
1668	1909.000
1548	1909.100
1108	1909.200
1208	1909.200
1278	1909.200
1428	1909.200
1648	1909.200
1218	1909.500
1308	1909.600
1348	1909.600
1628	1909.600
1718	1909.700
1028	1909.800
1018	1909.900
1078	1909.900
1568	1909.900
1678	1909.900
1598	1910.100
1638	1910.200
1188	1910.300
1738	1910.300
1158	1910.400
1768	1910.400
1118	1910.600
1268	1910.700
1788	1910.700
1178	1910.800
1248	1910.800
1388	1910.900
1508	1910.900
1658	1910.900
1008	1911.100
1398	1911.100
1448	1911.200
1728	1911.200
1038	1911.400
1748	1911.400
1168	1911.500
1688	1911.500
1698	1911.500
1528	1911.700
1298	1912.300
1418	1912.300
1538	1912.300
1238	1912.400
1558	1912.500
1328	1912.600
1088	1912.700
1378	1912.700
1288	1912.800
1048	1912.900
1618	1912.900
1798	1912.900
1408	1913.000
1228	1913.100
1458	1913.200
1258	1913.300
1778	1913.400
1198	1913.500
1478	1913.800
1058	1913.900
1128	1913.900
1138	1913.900
1318	1914.000
1498	1914.000
1758	1914.000
1068	1914.200
1098	1914.200
1338	1914.200
1608	1914.200
1518	1914.300
1368	1914.400
1488	1914.500
1468	1914.600
1358	1914.700
1708	1914.700
1148	1914.800
1588	1914.800
1668	1914.800
1438	1914.900
1578	1914.900
1108	1915.000
1208	1915.000
1278	1915.000
1428	1915.000
1548	1915.000
1648	1915.100
1218	1915.300
1308	1915.400
1628	1915.400
1718	1915.400
1348	1915.500
1018	1915.700
1028	1915.700
1078	1915.700
1678	1915.700
1568	1915.800
1598	1915.900
1188	1916.000
1638	1916.000
1158	1916.200
1738	1916.200
1768	1916.300
1118	1916.500
1268	1916.500
1788	1916.500
1178	1916.600
1248	1916.600
1388	1916.700
1658	1916.700
1508	1916.800
1008	1916.900
1398	1917.000
1448	1917.000
1728	1917.000
1038	1917.200
1168	1917.300
1688	1917.300
1698	1917.300
1748	1917.300
1528	1917.700
1298	1918.100
1538	1918.100
1418	1918.200
1238	1918.300
1558	1918.400
1088	1918.500
1328	1918.500
1378	1918.500
1288	1918.600
1048	1918.700
1618	1918.700
1798	1918.800
1228	1918.900
1408	1918.900
1458	1919.100
1258	1919.200
1778	1919.200
1198	1919.300
1478	1919.600
1058	1919.700
1128	1919.700
1138	1919.700
1498	1919.800
1318	1919.900
1758	1919.900
1068	1920.000
1098	1920.000
1338	1920.000
1518	1920.100
1608	1920.100
1368	1920.200
1488	1920.400
1708	1920.400
1468	1920.500
1358	1920.600
1588	1920.600
1668	1920.600
1148	1920.700
1438	1920.700
1108	1920.800
1428	1920.800
1578	1920.800
1208	1920.900
1278	1920.900
1548	1920.900
1648	1920.900
1718	1921.100
1218	1921.200
1308	1921.200
1628	1921.200
1348	1921.300
1018	1921.500
1028	1921.500
1078	1921.600
1568	1921.600
1678	1921.600
1188	1921.700
1598	1921.700
1638	1921.700
1158	1921.900
1738	1922.100
1768	1922.100
1788	1922.300
1118	1922.400
1178	1922.400
1248	1922.400
1268	1922.400
1388	1922.500
1658	1922.500
1508	1922.600
1008	1922.700
1398	1922.800
1448	1922.800
1728	1922.800
1038	1923.000
1168	1923.100
1688	1923.100
1698	1923.100
1748	1923.200
1528	1923.700
1298	1923.900
1538	1924.000
1238	1924.100
1418	1924.100
1558	1924.200
1088	1924.300
1378	1924.300
1288	1924.400
1328	1924.400
1048	1924.500
1618	1924.500
1228	1924.700
1798	1924.700
1408	1924.800
1458	1924.900
1778	1925.000
1198	1925.100
1258	1925.100
1478	1925.400
1058	1925.500
1128	1925.500
1138	1925.500
1498	1925.600
1318	1925.700
1068	1925.800
1098	1925.800
1338	1925.800
1758	1925.800
1518	1926.000
1608	1926.000
1368	1926.100
1708	1926.200
1488	1926.300
1468	1926.400
1588	1926.400
1358	1926.500
1668	1926.500
1148	1926.600
1428	1926.600
1438	1926.600
1108	1926.700
1578	1926.700
1648	1926.700
1208	1926.800
1278	1926.800
1548	1926.800
1718	1926.800
1308	1927.000
1348	1927.100
1628	1927.100
1218	1927.200
1018	1927.300
1028	1927.300
1568	1927.400
1638	1927.400
1678	1927.400
1078	1927.500
1188	1927.500
1598	1927.500
1158	1927.600
1768	1927.900
1738	1928.000
1788	1928.000
1118	1928.200
1178	1928.200
1248	1928.200
1268	1928.300
1388	1928.300
1658	1928.300
1008	1928.400
1508	1928.400
1398	1928.500
1448	1928.600
1728	1928.600
1038	1928.800
1168	1928.900
1688	1928.900
1698	1928.900
1748	1929.100
1528	1929.600
1298	1929.700
1538	1929.800
1238	1929.900
1418	1930.000
1558	1930.000
1088	1930.100
1378	1930.100
1288	1930.200
1048	1930.300
1328	1930.300
1618	1930.300
1228	1930.500
1798	1930.600
1408	1930.700
1458	1930.700
1778	1930.800
1198	1930.900
1258	1931.000
1478	1931.100
1058	1931.300
1128	1931.300
1138	1931.300
1498	1931.400
1318	1931.500
1068	1931.600
1098	1931.600
1338	1931.600
1758	1931.700
1608	1931.800
1368	1931.900
1518	1931.900
1708	1932.000
1488	1932.100
1588	1932.200
1468	1932.300
1358	1932.400
1428	1932.400
1438	1932.400
1668	1932.400
1108	1932.500
1148	1932.500
1578	1932.500
1648	1932.500
1718	1932.500
1548	1932.600
1208	1932.700
1278	1932.700
1308	1932.800
1348	1932.900
1628	1933.000
1018	1933.100
1028	1933.100
1218	1933.100
1188	1933.200
1598	1933.200
1638	1933.200
1678	1933.200
1158	1933.300
1568	1933.300
1078	1933.400
1768	1933.700
1738	1933.800
1788	1933.800
1118	1934.000
1178	1934.000
1248	1934.000
1268	1934.100
1388	1934.100
1508	1934.100
1658	1934.100
1008	1934.200
1398	1934.300
1448	1934.400
1728	1934.400
1038	1934.600
1168	1934.700
1688	1934.700
1698	1934.700
1748	1935.000
1298	1935.500
1528	1935.500
1238	1935.700
1538	1935.700
1558	1935.800
1088	1935.900
1378	1935.900
1418	1935.900
1288	1936.000
1048	1936.100
1328	1936.100
1618	1936.100
1228	1936.300
1458	1936.500
1798	1936.500
1408	1936.600
1778	1936.600
1198	1936.700
1478	1936.800
1258	1936.900
1138	1937.000
1058	1937.100
1128	1937.100
1318	1937.200
1498	1937.200
1098	1937.300
1068	1937.400
1338	1937.400
1758	1937.500
1368	1937.700
1518	1937.700
1608	1937.700
1708	1937.800
1488	1937.900
1588	1938.000
1428	1938.200
1438	1938.200
1468	1938.200
1668	1938.200
1718	1938.200
1108	1938.300
1148	1938.300
1358	1938.300
1648	1938.300
1548	1938.400
1578	1938.400
1208	1938.500
1278	1938.600
1308	1938.600
1348	1938.700
1018	1938.900
1028	1938.900
1188	1938.900
1218	1938.900
1628	1938.900
1638	1938.900
1678	1938.900
1158	1939.000
1598	1939.000
1568	1939.100
1078	1939.200
1768	1939.500
1788	1939.500
1738	1939.600
1118	1939.800
1178	1939.800
1248	1939.800
1268	1939.900
1388	1939.900
1508	1939.900
1658	1939.900
1008	1940.000
1398	1940.100
1448	1940.200
1728	1940.200
1038	1940.400
1688	1940.400
1168	1940.500
1698	1940.500
1748	1940.900
1298	1941.300
1528	1941.400
1238	1941.500
1538	1941.600
1558	1941.600
1088	1941.700
1418	1941.700
1288	1941.800
1378	1941.800
1048	1941.900
1328	1941.900
1618	1942.000
1228	1942.100
1458	1942.300
1798	1942.300
1778	1942.400
1198	1942.500
1408	1942.500
1478	1942.500
1138	1942.700
1258	1942.800
1058	1942.900
1128	1942.900
1498	1942.900
1318	1943.000
1068	1943.100
1098	1943.100
1338	1943.200
1758	1943.300
1368	1943.500
1518	1943.500
1608	1943.600
1708	1943.600
1488	1943.700
1588	1943.800
1718	1943.900
1428	1944.000
1438	1944.000
1468	1944.000
1668	1944.000
1108	1944.100
1358	1944.100
1648	1944.100
1148	1944.200
1548	1944.200
1578	1944.200
1208	1944.400
1308	1944.400
1278	1944.500
1348	1944.500
1188	1944.600
1638	1944.600
1018	1944.700
1158	1944.700
1598	1944.700
1628	1944.700
1678	1944.700
1028	1944.800
1218	1944.800
1568	1944.900
1078	1945.000
1788	1945.200
1738	1945.400
1768	1945.400
1118	1945.600
1178	1945.600
1248	1945.700
1268	1945.700
1388	1945.700
1508	1945.700
1658	1945.700
1008	1945.800
1398	1945.800
1448	1945.900
1728	1945.900
1688	1946.100
1038	1946.200
1168	1946.300
1698	1946.300
1748	1946.700
1298	1947.000
1238	1947.300
1528	1947.300
1558	1947.400
1088	1947.500
1418	1947.500
1538	1947.500
1288	1947.600
1378	1947.600
1048	1947.700
1328	1947.700
1618	1947.800
1228	1947.900
1458	1948.100
1798	1948.100
1198	1948.200
1778	1948.200
1478	1948.300
1408	1948.400
1138	1948.500
1498	1948.600
1058	1948.700
1258	1948.700
1128	1948.800
1068	1948.900
1098	1948.900
1318	1948.900
1338	1949.000
1758	1949.100
1368	1949.300
1518	1949.300
1708	1949.400
1488	1949.500
1608	1949.500
1588	1949.600
1718	1949.600
1428	1949.800
1438	1949.800
1668	1949.800
1358	1949.900
1468	1949.900
1648	1949.900
1108	1950.000
1148	1950.000
1548	1950.100
1578	1950.100
1308	1950.200
1188	1950.300
1208	1950.300
1348	1950.300
1638	1950.300
1158	1950.400
1278	1950.400
1018	1950.500
1598	1950.500
1678	1950.500
1628	1950.600
1028	1950.700
1218	1950.700
1568	1950.700
1078	1950.900
1788	1950.900
1768	1951.200
1738	1951.300
1118	1951.400
1178	1951.500
1268	1951.500
1388	1951.500
1398	1951.500
1508	1951.500
1658	1951.500
1008	1951.600
1248	1951.600
1448	1951.600
1728	1951.600
1688	1951.900
1038	1952.000
1168	1952.100
1698	1952.100
1748	1952.500
1298	1952.700
1238	1953.100
1528	1953.200
1558	1953.200
1088	1953.300
1418	1953.300
1538	1953.300
1288	1953.400
1378	1953.400
1048	1953.500
1328	1953.500
1228	1953.600
1618	1953.600
1198	1953.900
1458	1953.900
1798	1953.900
1778	1954.000
1478	1954.100
1408	1954.200
1138	1954.300
1498	1954.300
1058	1954.400
1128	1954.500
1258	1954.600
1068	1954.700
1098	1954.700
1318	1954.700
1338	1954.900
1758	1954.900
1368	1955.100
1518	1955.100
1708	1955.200
1488	1955.400
1588	1955.400
1608	1955.400
1718	1955.400
1428	1955.600
1438	1955.600
1668	1955.600
1358	1955.700
1648	1955.700
1148	1955.800
1468	1955.800
1108	1955.900
1548	1955.900
1188	1956.000
1308	1956.000
1578	1956.000
1638	1956.000
1158	1956.100
1208	1956.100
1348	1956.100
1278	1956.200
1018	1956.300
1598	1956.300
1678	1956.300
1028	1956.500
1568	1956.500
1628	1956.500
1218	1956.600
1788	1956.600
1078	1956.700
1738	1957.100
1768	1957.100
1118	1957.200
1398	1957.200
1008	1957.300
1178	1957.300
1268	1957.300
1388	1957.300
1448	1957.300
1658	1957.300
1508	1957.400
1728	1957.400
1248	1957.500
1688	1957.600
1038	1957.800
1168	1957.900
1698	1957.900
1748	1958.300
1298	1958.400
1238	1958.900
1528	1959.000
1558	1959.000
1088	1959.100
1048	1959.200
1288	1959.200
1378	1959.200
1418	1959.200
1538	1959.200
1328	1959.300
1228	1959.400
1618	1959.400
1198	1959.700
1458	1959.700
1798	1959.700
1478	1959.800
1778	1959.800
1138	1960.000
1498	1960.000
1058	1960.100
1408	1960.100
1128	1960.200
1098	1960.400
1258	1960.400
1318	1960.400
1068	1960.500
1338	1960.700
1758	1960.700
1368	1960.900
1518	1960.900
1708	1961.000
1718	1961.100
1488	1961.200
1588	1961.200
1428	1961.300
1608	1961.300
1438	1961.400
1668	1961.400
1358	1961.500
1648	1961.500
1148	1961.600
1468	1961.600
1188	1961.700
1548	1961.700
1638	1961.700
1108	1961.800
1158	1961.800
1308	1961.800
1578	1961.800
1208	1961.900
1348	1961.900
1278	1962.000
1598	1962.000
1018	1962.100
1678	1962.200
1568	1962.300
1788	1962.300
1028	1962.400
1628	1962.400
1078	1962.500
1218	1962.500
1738	1962.900
1008	1963.000
1118	1963.000
1398	1963.000
1768	1963.000
1178	1963.100
1268	1963.100
1388	1963.100
1448	1963.100
1658	1963.100
1508	1963.200
1728	1963.200
1248	1963.400
1688	1963.400
1038	1963.600
1168	1963.700
1698	1963.700
1298	1964.100
1748	1964.200
1238	1964.700
1558	1964.800
1048	1964.900
1088	1964.900
1528	1964.900
1288	1965.000
1378	1965.000
1418	1965.000
1328	1965.100
1538	1965.100
1228	1965.200
1618	1965.200
1198	1965.400
1458	1965.500
1798	1965.500
1478	1965.600
1778	1965.600
1138	1965.700
1498	1965.700
1058	1965.800
1128	1966.000
1408	1966.000
1098	1966.100
1318	1966.100
1068	1966.300
1258	1966.300
1338	1966.500
1758	1966.500
1518	1966.700
1368	1966.800
1708	1966.800
1718	1966.800
1588	1966.900
1428	1967.000
1488	1967.000
1608	1967.100
1438	1967.200
1668	1967.200
1188	1967.300
1358	1967.300
1648	1967.300
1148	1967.400
1158	1967.500
1468	1967.500
1548	1967.500
1638	1967.500
1108	1967.600
1308	1967.600
1578	1967.600
1208	1967.700
1348	1967.700
1598	1967.700
1278	1967.800
1018	1967.900
1678	1968.000
1788	1968.000
1568	1968.100
1028	1968.300
1078	1968.300
1628	1968.300
1218	1968.400
1008	1968.700
1398	1968.700
1738	1968.700
1448	1968.800
1768	1968.800
1118	1968.900
1178	1968.900
1268	1968.900
1388	1968.900
1658	1968.900
1508	1969.000
1728	1969.000
1688	1969.100
1248	1969.300
1038	1969.400
1168	1969.500
1698	1969.500
1298	1969.900
1748	1970.100
1238	1970.500
1558	1970.500
1048	1970.700
1088	1970.700
1288	1970.800
1378	1970.800
1418	1970.800
1528	1970.800
1328	1970.900
1228	1971.000
1538	1971.000
1618	1971.000
1198	1971.100
1458	1971.300
1478	1971.300
1798	1971.300
1498	1971.400
1778	1971.400
1058	1971.500
1138	1971.500
1098	1971.800
1128	1971.800
1318	1971.800
1408	1971.900
1068	1972.000
1258	1972.100
1338	1972.300
1758	1972.300
1518	1972.500
1718	1972.500
1368	1972.600
1708	1972.600
1428	1972.700
1588	1972.700
1488	1972.900
1608	1972.900
1188	1973.000
1438	1973.000
1668	1973.000
1358	1973.100
1648	1973.100
1148	1973.200
1158	1973.200
1308	1973.300
1548	1973.300
1638	1973.300
1108	1973.400
1468	1973.400
1578	1973.400
1598	1973.400
1208	1973.500
1348	1973.500
1278	1973.600
1788	1973.700
1018	1973.800
1678	1973.800
1568	1973.900
1078	1974.100
1628	1974.100
1028	1974.200
1218	1974.200
1008	1974.400
1398	1974.500
1448	1974.500
1738	1974.500
1658	1974.600
1768	1974.600
1118	1974.700
1178	1974.700
1268	1974.700
1388	1974.700
1728	1974.700
1508	1974.800
1688	1974.800
1248	1975.100
1038	1975.200
1168	1975.200
1698	1975.300
1298	1975.600
1748	1976.000
1558	1976.200
1238	1976.300
1048	1976.500
1088	1976.500
1288	1976.600
1378	1976.600
1418	1976.600
1328	1976.700
1228	1976.800
1528	1976.800
1198	1976.900
1538	1976.900
1618	1976.900
1478	1977.000
1458	1977.100
1498	1977.100
1798	1977.100
1058	1977.200
1778	1977.200
1138	1977.300
1098	1977.500
1128	1977.600
1318	1977.600
1068	1977.700
1408	1977.800
1258	1978.000
1338	1978.100
1758	1978.100
1718	1978.200
1518	1978.300
1368	1978.400
1428	1978.400
1708	1978.400
1588	1978.500
1188	1978.700
1488	1978.700
1438	1978.800
1608	1978.800
1668	1978.800
1158	1978.900
1358	1978.900
1148	1979.000
1648	1979.000
1308	1979.100
1548	1979.100
1638	1979.100
1108	1979.200
1468	1979.200
1578	1979.200
1598	1979.200
1208	1979.300
1348	1979.300
1788	1979.400
1278	1979.500
1018	1979.600
1678	1979.600
1568	1979.700
1078	1979.900
1628	1979.900
1218	1980.000
1008	1980.100
1028	1980.100
1398	1980.200
1448	1980.200
1738	1980.300
1658	1980.400
1728	1980.400
1178	1980.500
1268	1980.500
1388	1980.500
1768	1980.500
1118	1980.600
1508	1980.600
1688	1980.600
1168	1980.900
1248	1980.900
1038	1981.000
1698	1981.100
1298	1981.300
1748	1981.800
1558	1981.900
1238	1982.100
1048	1982.300
1088	1982.300
1288	1982.300
1378	1982.400
1418	1982.400
1328	1982.500
1198	1982.600
1228	1982.600
1478	1982.700
1618	1982.700
1528	1982.800
1538	1982.800
1458	1982.900
1498	1982.900
1778	1982.900
1798	1982.900
1058	1983.000
1138	1983.100
1098	1983.300
1128	1983.400
1318	1983.400
1068	1983.500
1408	1983.700
1258	1983.900
1338	1983.900
1758	1983.900
1718	1984.000
1518	1984.100
1368	1984.200
1428	1984.200
1588	1984.200
1708	1984.200
1188	1984.500
1488	1984.500
1158	1984.600
1438	1984.600
1608	1984.600
1668	1984.600
1358	1984.700
1148	1984.800
1638	1984.800
1308	1984.900
1548	1984.900
1648	1984.900
1108	1985.000
1598	1985.000
1468	1985.100
1578	1985.100
1788	1985.100
1208	1985.200
1348	1985.200
1018	1985.400
1278	1985.400
1678	1985.400
1568	1985.500
1078	1985.700
1008	1985.800
1218	1985.800
1628	1985.800
1398	1985.900
1028	1986.000
1448	1986.000
1658	1986.100
1728	1986.100
1738	1986.100
1178	1986.300
1268	1986.300
1388	1986.300
1688	1986.300
1768	1986.400
1118	1986.500
1508	1986.500
1168	1986.700
1248	1986.700
1038	1986.800
1698	1986.900
1298	1987.000
1558	1987.600
1748	1987.600
1238	1987.900
1048	1988.000
1088	1988.000
1288	1988.000
1378	1988.100
1418	1988.200
1198	1988.300
1228	1988.300
1328	1988.300
1478	1988.400
1618	1988.400
1538	1988.600
1778	1988.600
1058	1988.700
1458	1988.700
1498	1988.700
1798	1988.700
1138	1988.800
1528	1988.800
1098	1989.000
1128	1989.200
1318	1989.200
1068	1989.300
1408	1989.500
1758	1989.700
1258	1989.800
1338	1989.800
1718	1989.800
1518	1989.900
1368	1990.000
1428	1990.000
1588	1990.000
1708	1990.000
1188	1990.200
1158	1990.300
1488	1990.300
1438	1990.400
1668	1990.400
1358	1990.500
1608	1990.500
1148	1990.600
1638	1990.600
1308	1990.700
1548	1990.700
1648	1990.700
1108	1990.800
1598	1990.800
1788	1990.800
1578	1990.900
1468	1991.000
1208	1991.100
1348	1991.100
1018	1991.200
1278	1991.200
1568	1991.200
1678	1991.200
1008	1991.600
1078	1991.600
1398	1991.600
1628	1991.600
1218	1991.700
1448	1991.800
1658	1991.800
1728	1991.800
1028	1991.900
1738	1991.900
1388	1992.000
1688	1992.000
1178	1992.100
1268	1992.100
1118	1992.300
1768	1992.300
1168	1992.400
1508	1992.400
1038	1992.500
1248	1992.500
1698	1992.700
1298	1992.800
1558	1993.400
1748	1993.400
1048	1993.700
1088	1993.700
1238	1993.700
1288	1993.800
1378	1993.800
1198	1994.000
1228	1994.100
1328	1994.100
1418	1994.100
1478	1994.100
1618	1994.100
1058	1994.300
1778	1994.300
1458	1994.400
1538	1994.400
1138	1994.500
1498	1994.500
1798	1994.500
1098	1994.700
1528	1994.700
1318	1994.900
1068	1995.000
1128	1995.000
1408	1995.200
1718	1995.500
1758	1995.500
1258	1995.600
1338	1995.600
1428	1995.700
1518	1995.700
1708	1995.700
1368	1995.800
1588	1995.800
1188	1995.900
1158	1996.000
1488	1996.100
1438	1996.200
1668	1996.200
1358	1996.300
1638	1996.300
1148	1996.400
1608	1996.400
1308	1996.500
1648	1996.500
1788	1996.500
1108	1996.600
1548	1996.600
1598	1996.600
1578	1996.700
1348	1996.900
1468	1996.900
1018	1997.000
1208	1997.000
1278	1997.000
1568	1997.000
1678	1997.000
1008	1997.300
1398	1997.300
1628	1997.400
1078	1997.500
1218	1997.500
1448	1997.600
1658	1997.600
1728	1997.600
1028	1997.700
1688	1997.700
1738	1997.700
1388	1997.800
1268	1997.900
1178	1998.000
1118	1998.100
1168	1998.100
1508	1998.200
1768	1998.200
1038	1998.300
1248	1998.300
1698	1998.500
1298	1998.600
1558	1999.200
1748	1999.300
1048	1999.400
1088	1999.500
1238	1999.500
1288	1999.600
1378	1999.600
1198	1999.700
1228	1999.900
1328	1999.900
1478	1999.900
1618	1999.900
1058	2000.000
1418	2000.000
