# NEST version: UNKNOWN
# RecordingBackendASCII version: 2
sender	time_ms	V_m
805	1.000	-56.534
805	2.000	-56.947
805	3.000	-57.340
805	4.000	-57.714
805	5.000	-58.069
805	6.000	-58.407
805	7.000	-58.729
805	8.000	-59.034
805	9.000	-59.325
805	10.000	-59.602
805	11.000	-59.865
805	12.000	-60.116
805	13.000	-60.354
805	14.000	-60.581
805	15.000	-60.796
805	16.000	-61.001
805	17.000	-61.196
805	18.000	-61.382
805	19.000	-61.558
805	20.000	-61.726
805	21.000	-61.886
805	22.000	-62.038
805	23.000	-62.182
805	24.000	-62.319
805	25.000	-62.450
805	26.000	-62.575
805	27.000	-62.693
805	28.000	-62.805
805	29.000	-62.912
805	30.000	-63.014
805	31.000	-63.111
805	32.000	-62.950
805	33.000	-62.818
805	34.000	-62.734
805	35.000	-62.690
805	36.000	-62.676
805	37.000	-62.685
805	38.000	-62.566
805	39.000	-62.365
805	40.000	-62.233
805	41.000	-62.155
805	42.000	-61.871
805	43.000	-61.654
805	44.000	-61.515
805	45.000	-61.439
805	46.000	-61.411
805	47.000	-61.421
805	48.000	-61.460
805	49.000	-61.522
805	50.000	-61.456
805	51.000	-61.310
805	52.000	-61.228
805	53.000	-61.199
805	54.000	-61.209
805	55.000	-61.251
805	56.000	-61.257
805	57.000	-61.084
805	58.000	-60.985
805	59.000	-60.884
805	60.000	-60.464
805	61.000	-59.579
805	62.000	-58.925
805	63.000	-58.477
805	64.000	-58.189
805	65.000	-57.773
805	66.000	-57.515
805	67.000	-57.383
805	68.000	-57.348
805	69.000	-57.099
805	70.000	-56.762
805	71.000	-56.576
805	72.000	-56.507
805	73.000	-56.347
805	74.000	-56.007
805	75.000	-55.803
805	76.000	-55.727
805	77.000	-55.572
805	78.000	-55.468
805	79.000	-55.472
805	80.000	-55.316
805	81.000	-55.280
805	82.000	-55.338
805	83.000	-55.468
805	84.000	-55.653
805	85.000	-55.677
805	86.000	-55.556
805	87.000	-55.479
805	88.000	-55.503
805	89.000	-55.606
805	90.000	-55.768
805	91.000	-55.975
805	92.000	-56.215
805	93.000	-56.479
805	94.000	-56.510
805	95.000	-56.609
805	96.000	-56.555
805	97.000	-56.515
805	98.000	-56.339
805	99.000	-56.278
805	100.000	-56.309
805	101.000	-56.409
805	102.000	-56.562
805	103.000	-56.528
805	104.000	-56.555
805	105.000	-56.622
805	106.000	-56.526
805	107.000	-56.499
805	108.000	-56.332
805	109.000	-56.252
805	110.000	-55.941
805	111.000	-55.643
805	112.000	-55.468
805	113.000	-55.201
805	114.000	-55.081
805	115.000	-55.077
805	116.000	-55.161
805	117.000	-55.312
805	118.000	-55.488
805	119.000	-55.490
805	120.000	-55.576
805	121.000	-55.726
805	122.000	-55.745
805	123.000	-55.774
805	124.000	-55.878
805	125.000	-56.038
805	126.000	-56.242
805	127.000	-56.370
805	128.000	-56.404
805	129.000	-56.506
805	130.000	-56.660
805	131.000	-56.720
805	132.000	-56.640
805	133.000	-56.485
805	134.000	-56.440
805	135.000	-56.481
805	136.000	-56.587
805	137.000	-56.744
805	138.000	-56.939
805	139.000	-57.161
805	140.000	-57.402
805	141.000	-57.657
805	142.000	-57.920
805	143.000	-57.945
805	144.000	-57.758
805	145.000	-57.677
805	146.000	-57.679
805	147.000	-57.745
805	148.000	-57.860
805	149.000	-57.877
805	150.000	-57.749
805	151.000	-57.544
805	152.000	-57.199
805	153.000	-56.820
805	154.000	-56.532
805	155.000	-56.385
805	156.000	-56.347
805	157.000	-56.394
805	158.000	-56.506
805	159.000	-56.668
805	160.000	-56.867
805	161.000	-57.094
805	162.000	-57.339
805	163.000	-57.598
805	164.000	-57.864
805	165.000	-58.134
805	166.000	-58.268
805	167.000	-58.311
805	168.000	-58.403
805	169.000	-58.533
805	170.000	-58.691
805	171.000	-58.869
805	172.000	-59.062
805	173.000	-59.264
805	174.000	-59.278
805	175.000	-59.011
805	176.000	-58.858
805	177.000	-58.535
805	178.000	-58.343
805	179.000	-58.253
805	180.000	-58.010
805	181.000	-57.861
805	182.000	-57.809
805	183.000	-57.832
805	184.000	-57.592
805	185.000	-57.285
805	186.000	-57.116
805	187.000	-57.056
805	188.000	-57.079
805	189.000	-57.167
805	190.000	-57.304
805	191.000	-57.478
805	192.000	-57.680
805	193.000	-57.901
805	194.000	-58.136
805	195.000	-58.379
805	196.000	-58.464
805	197.000	-58.463
805	198.000	-58.291
805	199.000	-58.218
805	200.000	-58.221
805	201.000	-58.283
805	202.000	-58.390
805	203.000	-58.532
805	204.000	-58.166
805	205.000	-57.679
805	206.000	-56.986
805	207.000	-56.434
805	208.000	-56.086
805	209.000	-55.897
805	210.000	-55.725
805	211.000	-55.535
805	212.000	-55.472
805	213.000	-55.507
805	214.000	-55.618
805	215.000	-55.786
805	216.000	-55.998
805	217.000	-56.242
805	218.000	-56.509
805	219.000	-56.791
805	220.000	-56.900
805	221.000	-56.987
805	222.000	-56.937
805	223.000	-56.524
805	224.000	-56.165
805	225.000	-55.967
805	226.000	-55.839
805	227.000	-55.630
805	228.000	-55.552
805	229.000	-55.574
805	230.000	-55.675
805	231.000	-55.835
805	232.000	-56.040
805	233.000	-56.278
805	234.000	-56.539
805	235.000	-56.817
805	236.000	-56.795
805	237.000	-56.503
805	238.000	-56.260
805	239.000	-56.044
805	240.000	-55.816
805	241.000	-55.722
805	242.000	-55.730
805	243.000	-55.465
805	244.000	-55.210
805	245.000	-55.099
805	246.000	-55.101
805	247.000	-55.190
805	248.000	-55.345
805	249.000	-55.550
805	250.000	-55.792
805	251.000	-56.062
805	252.000	-56.350
805	253.000	-56.123
805	254.000	-55.565
805	255.000	-55.220
805	256.000	-55.041
805	257.000	-54.991
805	258.000	-55.040
805	259.000	-55.166
805	260.000	-55.350
805	261.000	-55.578
805	262.000	-55.838
805	263.000	-55.874
805	264.000	-55.983
805	265.000	-56.146
805	266.000	-56.351
805	267.000	-56.587
805	268.000	-56.844
805	269.000	-57.115
805	270.000	-57.213
805	271.000	-57.288
805	272.000	-57.414
805	273.000	-57.579
805	274.000	-57.744
805	275.000	-57.709
805	276.000	-57.612
805	277.000	-57.483
805	278.000	-57.450
805	279.000	-57.491
805	280.000	-57.505
805	281.000	-57.384
805	282.000	-57.134
805	283.000	-57.010
805	284.000	-56.826
805	285.000	-56.583
805	286.000	-56.302
805	287.000	-56.163
805	288.000	-56.133
805	289.000	-55.985
805	290.000	-55.907
805	291.000	-55.926
805	292.000	-55.775
805	293.000	-55.740
805	294.000	-55.593
805	295.000	-55.519
805	296.000	-55.545
805	297.000	-55.649
805	298.000	-55.731
805	299.000	-55.711
805	300.000	-55.777
805	301.000	-55.910
805	302.000	-56.093
805	303.000	-56.313
805	304.000	-56.561
805	305.000	-56.828
805	306.000	-57.108
805	307.000	-57.395
805	308.000	-57.685
805	309.000	-57.975
805	310.000	-58.207
805	311.000	-58.246
805	312.000	-58.308
805	313.000	-58.186
805	314.000	-57.897
805	315.000	-57.454
805	316.000	-56.957
805	317.000	-56.646
805	318.000	-56.480
805	319.000	-56.180
805	320.000	-56.026
805	321.000	-55.905
805	322.000	-55.526
805	323.000	-55.275
805	324.000	-55.167
805	325.000	-55.170
805	326.000	-55.259
805	327.000	-55.171
805	328.000	-55.084
805	329.000	-54.967
805	330.000	-54.965
805	331.000	-54.923
805	332.000	-54.867
805	333.000	-54.912
805	334.000	-55.036
805	335.000	-55.115
805	336.000	-55.125
805	337.000	-55.220
805	338.000	-55.379
805	339.000	-55.410
805	340.000	-55.424
805	341.000	-55.303
805	342.000	-55.295
805	343.000	-55.245
805	344.000	-55.178
805	345.000	-55.134
805	346.000	-54.782
805	347.000	-54.601
805	348.000	-54.380
805	349.000	-54.237
805	350.000	-54.222
805	351.000	-54.203
805	352.000	-53.974
805	353.000	-53.830
805	354.000	-53.818
805	355.000	-53.907
805	356.000	-53.879
805	357.000	-53.912
805	358.000	-54.036
805	359.000	-54.228
805	360.000	-54.445
805	361.000	-54.493
805	362.000	-54.622
805	363.000	-54.761
805	364.000	-54.770
805	365.000	-54.715
805	366.000	-54.675
805	367.000	-54.734
805	368.000	-54.871
805	369.000	-55.066
805	370.000	-55.304
805	371.000	-55.575
805	372.000	-55.737
805	373.000	-55.830
805	374.000	-55.982
805	375.000	-56.152
805	376.000	-56.036
805	377.000	-55.830
805	378.000	-55.562
805	379.000	-55.358
805	380.000	-55.123
805	381.000	-54.900
805	382.000	-54.704
805	383.000	-54.644
805	384.000	-54.492
805	385.000	-54.424
805	386.000	-54.465
805	387.000	-54.589
805	388.000	-54.547
805	389.000	-54.160
805	390.000	-53.762
805	391.000	-53.239
805	392.000	-52.731
805	393.000	-52.307
805	394.000	-51.843
805	395.000	-51.377
805	396.000	-51.006
805	397.000	-50.529
805	398.000	-50.202
805	399.000	-50.073
805	400.000	-50.100
805	401.000	-50.252
805	402.000	-50.338
805	403.000	-50.473
805	404.000	-50.503
805	405.000	-50.409
805	406.000	-50.872
805	407.000	-51.584
805	408.000	-52.242
805	409.000	-52.854
805	410.000	-53.429
805	411.000	-53.971
805	412.000	-54.485
805	413.000	-54.870
805	414.000	-55.118
805	415.000	-55.396
805	416.000	-55.473
805	417.000	-55.595
805	418.000	-55.771
805	419.000	-55.989
805	420.000	-56.237
805	421.000	-56.506
805	422.000	-56.790
805	423.000	-56.975
805	424.000	-56.963
805	425.000	-56.774
805	426.000	-56.534
805	427.000	-56.175
805	428.000	-55.977
805	429.000	-55.703
805	430.000	-55.529
805	431.000	-55.479
805	432.000	-55.524
805	433.000	-55.642
805	434.000	-55.661
805	435.000	-55.668
805	436.000	-55.755
805	437.000	-55.877
805	438.000	-55.833
805	439.000	-55.852
805	440.000	-55.729
805	441.000	-55.716
805	442.000	-55.610
805	443.000	-55.543
805	444.000	-55.575
805	445.000	-55.656
805	446.000	-55.583
805	447.000	-55.609
805	448.000	-55.713
805	449.000	-55.874
805	450.000	-55.949
805	451.000	-55.971
805	452.000	-56.068
805	453.000	-56.042
805	454.000	-56.033
805	455.000	-56.105
805	456.000	-56.240
805	457.000	-56.241
805	458.000	-56.004
805	459.000	-55.700
805	460.000	-55.503
805	461.000	-55.436
805	462.000	-55.224
805	463.000	-55.147
805	464.000	-55.175
805	465.000	-55.283
805	466.000	-55.181
805	467.000	-54.974
805	468.000	-54.799
805	469.000	-54.617
805	470.000	-54.371
805	471.000	-54.060
805	472.000	-53.775
805	473.000	-53.470
805	474.000	-53.129
805	475.000	-52.972
805	476.000	-52.734
805	477.000	-52.419
805	478.000	-52.079
805	479.000	-51.911
805	480.000	-51.616
805	481.000	-51.334
805	482.000	-50.977
805	483.000	-50.496
805	484.000	-50.166
805	485.000	-49.985
805	486.000	-49.770
805	487.000	-49.519
805	488.000	-49.434
805	489.000	-49.255
805	490.000	-49.020
805	491.000	-48.556
805	492.000	-47.494
805	493.000	-65.000
805	494.000	-65.000
805	495.000	-65.000
805	496.000	-65.000
805	497.000	-65.000
805	498.000	-64.280
805	499.000	-63.575
805	500.000	-63.045
805	501.000	-62.652
805	502.000	-62.370
805	503.000	-62.174
805	504.000	-61.875
805	505.000	-61.300
805	506.000	-60.645
805	507.000	-59.989
805	508.000	-59.432
805	509.000	-59.052
805	510.000	-58.812
805	511.000	-58.681
805	512.000	-58.635
805	513.000	-58.656
805	514.000	-58.728
805	515.000	-58.604
805	516.000	-58.217
805	517.000	-57.790
805	518.000	-57.524
805	519.000	-57.385
805	520.000	-57.345
805	521.000	-57.381
805	522.000	-57.690
805	523.000	-58.267
805	524.000	-58.708
805	525.000	-58.900
805	526.000	-58.865
805	527.000	-58.869
805	528.000	-58.926
805	529.000	-59.023
805	530.000	-59.150
805	531.000	-59.300
805	532.000	-59.466
805	533.000	-59.449
805	534.000	-58.812
805	535.000	-58.044
805	536.000	-57.425
805	537.000	-57.018
805	538.000	-56.775
805	539.000	-56.606
805	540.000	-56.356
805	541.000	-56.239
805	542.000	-56.226
805	543.000	-56.294
805	544.000	-56.422
805	545.000	-56.598
805	546.000	-56.808
805	547.000	-56.885
805	548.000	-56.924
805	549.000	-57.025
805	550.000	-57.174
805	551.000	-57.358
805	552.000	-57.385
805	553.000	-57.375
805	554.000	-57.046
805	555.000	-56.278
805	556.000	-55.768
805	557.000	-55.258
805	558.000	-54.909
805	559.000	-54.730
805	560.000	-54.682
805	561.000	-54.736
805	562.000	-54.740
805	563.000	-54.721
805	564.000	-54.599
805	565.000	-54.335
805	566.000	-54.205
805	567.000	-54.200
805	568.000	-54.140
805	569.000	-54.102
805	570.000	-54.042
805	571.000	-53.981
805	572.000	-54.030
805	573.000	-54.165
805	574.000	-54.365
805	575.000	-54.614
805	576.000	-54.898
805	577.000	-55.208
805	578.000	-55.535
805	579.000	-55.671
805	580.000	-55.815
805	581.000	-55.876
805	582.000	-55.888
805	583.000	-55.978
805	584.000	-56.127
805	585.000	-56.321
805	586.000	-56.467
805	587.000	-56.487
805	588.000	-56.578
805	589.000	-56.695
805	590.000	-56.637
805	591.000	-56.610
805	592.000	-56.244
805	593.000	-56.017
805	594.000	-55.921
805	595.000	-55.927
805	596.000	-56.012
805	597.000	-56.157
805	598.000	-56.347
805	599.000	-56.571
805	600.000	-56.819
805	601.000	-57.084
805	602.000	-57.173
805	603.000	-56.994
805	604.000	-56.926
805	605.000	-56.890
805	606.000	-56.738
805	607.000	-56.467
805	608.000	-56.311
805	609.000	-56.267
805	610.000	-56.063
805	611.000	-55.783
805	612.000	-55.604
805	613.000	-55.495
805	614.000	-55.304
805	615.000	-55.243
805	616.000	-55.128
805	617.000	-55.037
805	618.000	-55.054
805	619.000	-54.913
805	620.000	-54.894
805	621.000	-54.726
805	622.000	-54.584
805	623.000	-54.403
805	624.000	-54.145
805	625.000	-54.042
805	626.000	-54.059
805	627.000	-54.169
805	628.000	-54.322
805	629.000	-54.322
805	630.000	-54.417
805	631.000	-54.431
805	632.000	-54.447
805	633.000	-54.334
805	634.000	-54.082
805	635.000	-53.984
805	636.000	-54.005
805	637.000	-54.118
805	638.000	-54.302
805	639.000	-54.538
805	640.000	-54.814
805	641.000	-54.965
805	642.000	-54.839
805	643.000	-54.831
805	644.000	-54.717
805	645.000	-54.572
805	646.000	-54.416
805	647.000	-54.389
805	648.000	-54.462
805	649.000	-54.611
805	650.000	-54.818
805	651.000	-55.068
805	652.000	-55.220
805	653.000	-55.310
805	654.000	-55.465
805	655.000	-55.669
805	656.000	-55.664
805	657.000	-55.689
805	658.000	-55.599
805	659.000	-55.412
805	660.000	-55.308
805	661.000	-55.160
805	662.000	-55.043
805	663.000	-55.040
805	664.000	-54.906
805	665.000	-54.869
805	666.000	-54.732
805	667.000	-54.500
805	668.000	-54.347
805	669.000	-54.324
805	670.000	-54.400
805	671.000	-54.552
805	672.000	-54.761
805	673.000	-54.794
805	674.000	-54.888
805	675.000	-55.050
805	676.000	-55.263
805	677.000	-55.486
805	678.000	-55.372
805	679.000	-55.279
805	680.000	-55.293
805	681.000	-55.015
805	682.000	-54.626
805	683.000	-54.330
805	684.000	-54.144
805	685.000	-53.912
805	686.000	-53.830
805	687.000	-53.866
805	688.000	-53.776
805	689.000	-53.658
805	690.000	-53.557
805	691.000	-53.454
805	692.000	-53.367
805	693.000	-53.301
805	694.000	-53.220
805	695.000	-53.261
805	696.000	-53.396
805	697.000	-53.602
805	698.000	-53.863
805	699.000	-54.163
805	700.000	-54.491
805	701.000	-54.838
805	702.000	-55.198
805	703.000	-55.364
805	704.000	-55.533
805	705.000	-55.748
805	706.000	-55.942
805	707.000	-55.980
805	708.000	-56.089
805	709.000	-56.026
805	710.000	-56.035
805	711.000	-56.121
805	712.000	-56.266
805	713.000	-56.456
805	714.000	-56.545
805	715.000	-56.572
805	716.000	-56.668
805	717.000	-56.815
805	718.000	-57.002
805	719.000	-57.134
805	720.000	-57.137
805	721.000	-57.209
805	722.000	-57.333
805	723.000	-57.497
805	724.000	-57.662
805	725.000	-57.629
805	726.000	-57.668
805	727.000	-57.764
805	728.000	-57.664
805	729.000	-57.381
805	730.000	-57.230
805	731.000	-57.126
805	732.000	-56.920
805	733.000	-56.832
805	734.000	-56.835
805	735.000	-56.910
805	736.000	-56.789
805	737.000	-56.768
805	738.000	-56.742
805	739.000	-56.627
805	740.000	-56.612
805	741.000	-56.674
805	742.000	-56.555
805	743.000	-56.280
805	744.000	-56.145
805	745.000	-56.119
805	746.000	-56.177
805	747.000	-56.299
805	748.000	-56.471
805	749.000	-56.679
805	750.000	-56.915
805	751.000	-56.877
805	752.000	-56.482
805	753.000	-55.923
805	754.000	-55.169
805	755.000	-54.440
805	756.000	-53.956
805	757.000	-53.681
805	758.000	-53.570
805	759.000	-53.585
805	760.000	-53.620
805	761.000	-53.463
805	762.000	-53.282
805	763.000	-53.064
805	764.000	-53.001
805	765.000	-52.846
805	766.000	-52.813
805	767.000	-52.895
805	768.000	-53.065
805	769.000	-53.302
805	770.000	-53.588
805	771.000	-53.910
805	772.000	-54.020
805	773.000	-54.202
805	774.000	-54.438
805	775.000	-54.714
805	776.000	-55.019
805	777.000	-55.214
805	778.000	-55.338
805	779.000	-55.341
805	780.000	-55.362
805	781.000	-55.464
805	782.000	-55.448
805	783.000	-55.400
805	784.000	-55.257
805	785.000	-55.233
805	786.000	-55.301
805	787.000	-55.438
805	788.000	-55.629
805	789.000	-55.860
805	790.000	-56.119
805	791.000	-56.318
805	792.000	-56.382
805	793.000	-56.507
805	794.000	-56.273
805	795.000	-56.079
805	796.000	-55.762
805	797.000	-55.599
805	798.000	-55.556
805	799.000	-55.606
805	800.000	-55.728
805	801.000	-55.904
805	802.000	-56.121
805	803.000	-56.367
805	804.000	-56.635
805	805.000	-56.711
805	806.000	-56.799
805	807.000	-56.939
805	808.000	-57.063
805	809.000	-57.033
805	810.000	-57.080
805	811.000	-57.186
805	812.000	-57.338
805	813.000	-57.523
805	814.000	-57.733
805	815.000	-57.960
805	816.000	-58.199
805	817.000	-58.444
805	818.000	-58.693
805	819.000	-58.943
805	820.000	-59.190
805	821.000	-59.434
805	822.000	-59.673
805	823.000	-59.907
805	824.000	-60.133
805	825.000	-60.353
805	826.000	-60.564
805	827.000	-60.574
805	828.000	-60.354
805	829.000	-60.152
805	830.000	-60.038
805	831.000	-59.994
805	832.000	-59.740
805	833.000	-59.590
805	834.000	-59.521
805	835.000	-59.517
805	836.000	-59.562
805	837.000	-59.644
805	838.000	-59.756
805	839.000	-59.889
805	840.000	-60.037
805	841.000	-60.197
805	842.000	-60.098
805	843.000	-59.891
805	844.000	-59.422
805	845.000	-59.110
805	846.000	-58.922
805	847.000	-58.829
805	848.000	-58.812
805	849.000	-58.853
805	850.000	-58.681
805	851.000	-58.603
805	852.000	-58.599
805	853.000	-58.653
805	854.000	-58.750
805	855.000	-58.881
805	856.000	-59.036
805	857.000	-59.210
805	858.000	-59.257
805	859.000	-59.222
805	860.000	-59.245
805	861.000	-59.202
805	862.000	-58.811
805	863.000	-58.564
805	864.000	-58.431
805	865.000	-58.385
805	866.000	-58.408
805	867.000	-58.484
805	868.000	-58.516
805	869.000	-58.425
805	870.000	-58.412
805	871.000	-58.460
805	872.000	-58.526
805	873.000	-58.405
805	874.000	-58.370
805	875.000	-58.402
805	876.000	-58.484
805	877.000	-58.606
805	878.000	-58.756
805	879.000	-58.790
805	880.000	-58.750
805	881.000	-58.605
805	882.000	-57.984
805	883.000	-57.279
805	884.000	-56.807
805	885.000	-56.517
805	886.000	-56.120
805	887.000	-55.893
805	888.000	-55.799
805	889.000	-55.629
805	890.000	-55.408
805	891.000	-55.130
805	892.000	-54.815
805	893.000	-54.662
805	894.000	-54.636
805	895.000	-54.579
805	896.000	-54.514
805	897.000	-54.556
805	898.000	-54.681
805	899.000	-54.868
805	900.000	-55.103
805	901.000	-55.151
805	902.000	-55.076
805	903.000	-55.040
805	904.000	-55.100
805	905.000	-55.233
805	906.000	-55.422
805	907.000	-55.654
805	908.000	-55.692
805	909.000	-55.727
805	910.000	-55.645
805	911.000	-55.584
805	912.000	-55.278
805	913.000	-55.062
805	914.000	-54.984
805	915.000	-55.011
805	916.000	-55.120
805	917.000	-55.292
805	918.000	-55.510
805	919.000	-55.763
805	920.000	-56.041
805	921.000	-56.336
805	922.000	-56.461
805	923.000	-56.565
805	924.000	-56.720
805	925.000	-56.913
805	926.000	-57.134
805	927.000	-57.376
805	928.000	-57.630
805	929.000	-57.894
805	930.000	-58.161
805	931.000	-58.429
805	932.000	-58.227
805	933.000	-58.085
805	934.000	-58.036
805	935.000	-58.059
805	936.000	-58.139
805	937.000	-58.232
805	938.000	-58.108
805	939.000	-57.789
805	940.000	-57.410
805	941.000	-56.956
805	942.000	-56.428
805	943.000	-56.077
805	944.000	-55.886
805	945.000	-55.818
805	946.000	-55.847
805	947.000	-55.950
805	948.000	-55.930
805	949.000	-55.928
805	950.000	-56.005
805	951.000	-56.145
805	952.000	-56.331
805	953.000	-56.552
805	954.000	-56.798
805	955.000	-57.062
805	956.000	-57.337
805	957.000	-57.618
805	958.000	-57.902
805	959.000	-58.186
805	960.000	-58.330
805	961.000	-58.380
805	962.000	-58.477
805	963.000	-58.610
805	964.000	-58.770
805	965.000	-58.949
805	966.000	-59.141
805	967.000	-59.343
805	968.000	-59.550
805	969.000	-59.759
805	970.000	-59.854
805	971.000	-59.822
805	972.000	-59.844
805	973.000	-59.906
805	974.000	-59.999
805	975.000	-60.116
805	976.000	-60.220
805	977.000	-60.107
805	978.000	-60.063
805	979.000	-60.072
805	980.000	-60.123
805	981.000	-60.206
805	982.000	-60.312
805	983.000	-60.436
805	984.000	-60.573
805	985.000	-60.688
805	986.000	-60.579
805	987.000	-60.532
805	988.000	-60.270
805	989.000	-60.109
805	990.000	-60.027
805	991.000	-60.007
805	992.000	-59.772
805	993.000	-59.637
805	994.000	-59.579
805	995.000	-59.582
805	996.000	-59.632
805	997.000	-59.719
805	998.000	-59.832
805	999.000	-59.966
805	1000.000	-60.115
805	1001.000	-59.994
805	1002.000	-59.695
805	1003.000	-59.511
805	1004.000	-59.155
805	1005.000	-58.933
805	1006.000	-58.814
805	1007.000	-58.777
805	1008.000	-58.803
805	1009.000	-58.878
805	1010.000	-58.801
805	1011.000	-58.726
805	1012.000	-58.723
805	1013.000	-58.664
805	1014.000	-58.528
805	1015.000	-58.342
805	1016.000	-58.137
805	1017.000	-58.039
805	1018.000	-58.025
805	1019.000	-58.075
805	1020.000	-57.990
805	1021.000	-57.915
805	1022.000	-57.784
805	1023.000	-57.628
805	1024.000	-57.572
805	1025.000	-57.594
805	1026.000	-57.676
805	1027.000	-57.805
805	1028.000	-57.968
805	1029.000	-57.992
805	1030.000	-57.727
805	1031.000	-57.586
805	1032.000	-57.542
805	1033.000	-57.415
805	1034.000	-57.289
805	1035.000	-57.261
805	1036.000	-57.307
805	1037.000	-57.301
805	1038.000	-57.221
805	1039.000	-57.228
805	1040.000	-57.301
805	1041.000	-57.426
805	1042.000	-57.590
805	1043.000	-57.783
805	1044.000	-57.996
805	1045.000	-58.113
805	1046.000	-58.119
805	1047.000	-58.184
805	1048.000	-58.294
805	1049.000	-58.439
805	1050.000	-58.610
805	1051.000	-58.799
805	1052.000	-59.000
805	1053.000	-59.181
805	1054.000	-59.141
805	1055.000	-59.161
805	1056.000	-59.090
805	1057.000	-58.776
805	1058.000	-58.325
805	1059.000	-57.582
805	1060.000	-56.711
805	1061.000	-56.119
805	1062.000	-55.744
805	1063.000	-55.536
805	1064.000	-55.460
805	1065.000	-55.308
805	1066.000	-55.209
805	1067.000	-55.220
805	1068.000	-55.314
805	1069.000	-55.472
805	1070.000	-55.651
805	1071.000	-55.654
805	1072.000	-55.739
805	1073.000	-55.708
805	1074.000	-55.498
805	1075.000	-55.133
805	1076.000	-54.940
805	1077.000	-54.700
805	1078.000	-54.305
805	1079.000	-54.044
805	1080.000	-53.561
805	1081.000	-53.250
805	1082.000	-52.945
805	1083.000	-52.753
805	1084.000	-52.714
805	1085.000	-52.792
805	1086.000	-52.959
805	1087.000	-53.195
805	1088.000	-53.481
805	1089.000	-53.804
805	1090.000	-54.027
805	1091.000	-54.132
805	1092.000	-54.124
805	1093.000	-54.213
805	1094.000	-54.377
805	1095.000	-54.597
805	1096.000	-54.833
805	1097.000	-54.431
805	1098.000	-54.195
805	1099.000	-54.055
805	1100.000	-53.859
805	1101.000	-53.652
805	1102.000	-53.276
805	1103.000	-53.091
805	1104.000	-53.053
805	1105.000	-53.129
805	1106.000	-53.293
805	1107.000	-53.522
805	1108.000	-53.801
805	1109.000	-54.038
805	1110.000	-54.157
805	1111.000	-54.346
805	1112.000	-54.216
805	1113.000	-54.102
805	1114.000	-54.111
805	1115.000	-54.213
805	1116.000	-54.191
805	1117.000	-54.076
805	1118.000	-53.996
805	1119.000	-54.031
805	1120.000	-54.155
805	1121.000	-54.346
805	1122.000	-54.588
805	1123.000	-54.867
805	1124.000	-54.997
805	1125.000	-55.120
805	1126.000	-55.302
805	1127.000	-55.528
805	1128.000	-55.787
805	1129.000	-55.914
805	1130.000	-56.002
805	1131.000	-56.149
805	1132.000	-56.341
805	1133.000	-56.566
805	1134.000	-56.815
805	1135.000	-57.081
805	1136.000	-57.358
805	1137.000	-57.640
805	1138.000	-57.925
805	1139.000	-58.209
805	1140.000	-58.279
805	1141.000	-58.346
805	1142.000	-58.457
805	1143.000	-58.438
805	1144.000	-58.386
805	1145.000	-58.171
805	1146.000	-58.041
805	1147.000	-58.003
805	1148.000	-58.006
805	1149.000	-57.843
805	1150.000	-57.781
805	1151.000	-57.796
805	1152.000	-57.871
805	1153.000	-57.992
805	1154.000	-58.092
805	1155.000	-58.030
805	1156.000	-58.044
805	1157.000	-58.116
805	1158.000	-58.233
805	1159.000	-58.383
805	1160.000	-58.558
805	1161.000	-58.751
805	1162.000	-58.956
805	1163.000	-58.980
805	1164.000	-58.980
805	1165.000	-59.034
805	1166.000	-58.989
805	1167.000	-58.828
805	1168.000	-58.395
805	1169.000	-57.858
805	1170.000	-57.167
805	1171.000	-56.707
805	1172.000	-56.120
805	1173.000	-55.562
805	1174.000	-55.163
805	1175.000	-54.755
805	1176.000	-54.533
805	1177.000	-54.453
805	1178.000	-54.485
805	1179.000	-54.523
805	1180.000	-54.484
805	1181.000	-54.546
805	1182.000	-54.686
805	1183.000	-54.885
805	1184.000	-55.129
805	1185.000	-55.405
805	1186.000	-55.704
805	1187.000	-55.887
805	1188.000	-55.994
805	1189.000	-56.156
805	1190.000	-56.360
805	1191.000	-56.594
805	1192.000	-56.850
805	1193.000	-57.121
805	1194.000	-57.319
805	1195.000	-57.369
805	1196.000	-57.476
805	1197.000	-57.625
805	1198.000	-57.598
805	1199.000	-57.486
805	1200.000	-57.294
805	1201.000	-56.991
805	1202.000	-56.827
805	1203.000	-56.773
805	1204.000	-56.804
805	1205.000	-56.900
805	1206.000	-56.795
805	1207.000	-56.787
805	1208.000	-56.745
805	1209.000	-56.643
805	1210.000	-56.638
805	1211.000	-56.707
805	1212.000	-56.834
805	1213.000	-57.005
805	1214.000	-57.208
805	1215.000	-57.182
805	1216.000	-57.231
805	1217.000	-57.337
805	1218.000	-57.487
805	1219.000	-57.670
805	1220.000	-57.877
805	1221.000	-58.100
805	1222.000	-58.335
805	1223.000	-58.576
805	1224.000	-58.821
805	1225.000	-59.065
805	1226.000	-59.308
805	1227.000	-59.548
805	1228.000	-59.782
805	1229.000	-59.870
805	1230.000	-59.830
805	1231.000	-59.360
805	1232.000	-58.331
805	1233.000	-57.452
805	1234.000	-56.679
805	1235.000	-56.161
805	1236.000	-55.841
805	1237.000	-55.621
805	1238.000	-55.123
805	1239.000	-54.807
805	1240.000	-54.456
805	1241.000	-54.237
805	1242.000	-54.163
805	1243.000	-54.201
805	1244.000	-54.326
805	1245.000	-54.320
805	1246.000	-54.367
805	1247.000	-54.496
805	1248.000	-54.689
805	1249.000	-54.930
805	1250.000	-55.205
805	1251.000	-55.305
805	1252.000	-55.424
805	1253.000	-55.600
805	1254.000	-55.820
805	1255.000	-55.869
805	1256.000	-55.944
805	1257.000	-56.081
805	1258.000	-56.211
805	1259.000	-56.197
805	1260.000	-56.263
805	1261.000	-56.392
805	1262.000	-56.567
805	1263.000	-56.778
805	1264.000	-57.014
805	1265.000	-57.211
805	1266.000	-56.985
805	1267.000	-56.882
805	1268.000	-56.874
805	1269.000	-56.939
805	1270.000	-57.061
805	1271.000	-57.225
805	1272.000	-57.421
805	1273.000	-57.640
805	1274.000	-57.605
805	1275.000	-57.406
805	1276.000	-57.318
805	1277.000	-57.319
805	1278.000	-57.386
805	1279.000	-57.506
805	1280.000	-57.665
805	1281.000	-57.825
805	1282.000	-57.786
805	1283.000	-57.819
805	1284.000	-57.908
805	1285.000	-58.040
805	1286.000	-58.203
805	1287.000	-58.280
805	1288.000	-58.065
805	1289.000	-57.756
805	1290.000	-57.462
805	1291.000	-57.302
805	1292.000	-57.246
805	1293.000	-57.272
805	1294.000	-57.359
805	1295.000	-57.495
805	1296.000	-57.666
805	1297.000	-57.864
805	1298.000	-58.080
805	1299.000	-58.199
805	1300.000	-58.205
805	1301.000	-58.269
805	1302.000	-58.379
805	1303.000	-58.522
805	1304.000	-58.691
805	1305.000	-58.766
805	1306.000	-58.731
805	1307.000	-58.524
805	1308.000	-58.212
805	1309.000	-57.961
805	1310.000	-57.829
805	1311.000	-57.791
805	1312.000	-57.824
805	1313.000	-57.914
805	1314.000	-58.045
805	1315.000	-58.209
805	1316.000	-57.954
805	1317.000	-57.749
805	1318.000	-57.655
805	1319.000	-57.647
805	1320.000	-57.545
805	1321.000	-57.383
805	1322.000	-57.128
805	1323.000	-57.001
805	1324.000	-56.974
805	1325.000	-57.023
805	1326.000	-57.132
805	1327.000	-57.285
805	1328.000	-57.289
805	1329.000	-57.290
805	1330.000	-57.360
805	1331.000	-57.481
805	1332.000	-57.475
805	1333.000	-57.196
805	1334.000	-57.051
805	1335.000	-56.645
805	1336.000	-56.270
805	1337.000	-56.059
805	1338.000	-55.975
805	1339.000	-55.858
805	1340.000	-55.734
805	1341.000	-55.719
805	1342.000	-55.790
805	1343.000	-55.819
805	1344.000	-55.783
805	1345.000	-55.837
805	1346.000	-55.904
805	1347.000	-55.690
805	1348.000	-55.517
805	1349.000	-55.439
805	1350.000	-54.999
805	1351.000	-54.515
805	1352.000	-54.236
805	1353.000	-54.116
805	1354.000	-54.119
805	1355.000	-54.218
805	1356.000	-54.215
805	1357.000	-53.898
805	1358.000	-53.622
805	1359.000	-53.511
805	1360.000	-53.526
805	1361.000	-53.490
805	1362.000	-53.242
805	1363.000	-53.155
805	1364.000	-53.192
805	1365.000	-53.325
805	1366.000	-53.296
805	1367.000	-53.376
805	1368.000	-53.540
805	1369.000	-53.769
805	1370.000	-54.044
805	1371.000	-54.355
805	1372.000	-54.690
805	1373.000	-54.961
805	1374.000	-55.097
805	1375.000	-55.290
805	1376.000	-55.525
805	1377.000	-55.790
805	1378.000	-56.078
805	1379.000	-56.380
805	1380.000	-56.663
805	1381.000	-56.735
805	1382.000	-56.863
805	1383.000	-56.828
805	1384.000	-56.828
805	1385.000	-56.901
805	1386.000	-57.000
805	1387.000	-56.924
805	1388.000	-56.937
805	1389.000	-57.018
805	1390.000	-57.151
805	1391.000	-57.324
805	1392.000	-57.290
805	1393.000	-57.063
805	1394.000	-56.824
805	1395.000	-56.595
805	1396.000	-56.492
805	1397.000	-56.488
805	1398.000	-56.560
805	1399.000	-56.557
805	1400.000	-56.512
805	1401.000	-56.553
805	1402.000	-56.659
805	1403.000	-56.814
805	1404.000	-57.007
805	1405.000	-57.227
805	1406.000	-57.467
805	1407.000	-57.720
805	1408.000	-57.871
805	1409.000	-57.905
805	1410.000	-57.994
805	1411.000	-58.126
805	1412.000	-58.288
805	1413.000	-58.473
805	1414.000	-58.675
805	1415.000	-58.888
805	1416.000	-58.969
805	1417.000	-58.963
805	1418.000	-59.012
805	1419.000	-59.102
805	1420.000	-59.225
805	1421.000	-59.371
805	1422.000	-59.534
805	1423.000	-59.709
805	1424.000	-59.892
805	1425.000	-60.080
805	1426.000	-60.269
805	1427.000	-60.265
805	1428.000	-60.230
805	1429.000	-60.246
805	1430.000	-60.035
805	1431.000	-59.915
805	1432.000	-59.867
805	1433.000	-59.875
805	1434.000	-59.571
805	1435.000	-59.214
805	1436.000	-58.989
805	1437.000	-58.869
805	1438.000	-58.830
805	1439.000	-58.854
805	1440.000	-58.870
805	1441.000	-58.734
805	1442.000	-58.684
805	1443.000	-58.701
805	1444.000	-58.770
805	1445.000	-58.878
805	1446.000	-58.803
805	1447.000	-58.753
805	1448.000	-58.770
805	1449.000	-58.837
805	1450.000	-58.944
805	1451.000	-59.081
805	1452.000	-59.239
805	1453.000	-59.413
805	1454.000	-59.598
805	1455.000	-59.540
805	1456.000	-59.077
805	1457.000	-58.703
805	1458.000	-58.385
805	1459.000	-58.026
805	1460.000	-57.811
805	1461.000	-57.708
805	1462.000	-57.693
805	1463.000	-57.689
805	1464.000	-57.369
805	1465.000	-57.121
805	1466.000	-56.999
805	1467.000	-56.975
805	1468.000	-57.027
805	1469.000	-57.138
805	1470.000	-57.293
805	1471.000	-57.482
805	1472.000	-57.694
805	1473.000	-57.924
805	1474.000	-58.025
805	1475.000	-57.793
805	1476.000	-57.678
805	1477.000	-57.654
805	1478.000	-57.700
805	1479.000	-57.800
805	1480.000	-57.941
805	1481.000	-58.113
805	1482.000	-58.307
805	1483.000	-58.517
805	1484.000	-58.680
805	1485.000	-58.417
805	1486.000	-58.001
805	1487.000	-57.381
805	1488.000	-56.829
805	1489.000	-56.370
805	1490.000	-55.798
805	1491.000	-55.351
805	1492.000	-55.092
805	1493.000	-54.696
805	1494.000	-53.892
805	1495.000	-53.062
805	1496.000	-52.536
805	1497.000	-52.243
805	1498.000	-51.732
805	1499.000	-51.175
805	1500.000	-50.869
805	1501.000	-50.756
805	1502.000	-50.794
805	1503.000	-50.724
805	1504.000	-50.571
805	1505.000	-50.578
805	1506.000	-50.547
805	1507.000	-50.589
805	1508.000	-50.747
805	1509.000	-50.715
805	1510.000	-50.647
805	1511.000	-50.720
805	1512.000	-50.902
805	1513.000	-51.168
805	1514.000	-51.496
805	1515.000	-51.869
805	1516.000	-52.224
805	1517.000	-52.432
805	1518.000	-52.513
805	1519.000	-52.645
805	1520.000	-52.732
805	1521.000	-52.746
805	1522.000	-52.685
805	1523.000	-52.746
805	1524.000	-52.901
805	1525.000	-53.128
805	1526.000	-53.194
805	1527.000	-53.158
805	1528.000	-53.171
805	1529.000	-53.160
805	1530.000	-53.095
805	1531.000	-52.968
805	1532.000	-52.900
805	1533.000	-52.651
805	1534.000	-52.483
805	1535.000	-52.297
805	1536.000	-52.203
805	1537.000	-52.243
805	1538.000	-52.386
805	1539.000	-52.608
805	1540.000	-52.888
805	1541.000	-53.212
805	1542.000	-53.568
805	1543.000	-53.944
805	1544.000	-54.334
805	1545.000	-54.731
805	1546.000	-55.130
805	1547.000	-55.423
805	1548.000	-55.441
805	1549.000	-55.448
805	1550.000	-55.538
805	1551.000	-55.692
805	1552.000	-55.892
805	1553.000	-56.129
805	1554.000	-56.390
805	1555.000	-56.536
805	1556.000	-56.427
805	1557.000	-56.350
805	1558.000	-56.367
805	1559.000	-56.456
805	1560.000	-56.396
805	1561.000	-56.155
805	1562.000	-56.026
805	1563.000	-56.005
805	1564.000	-56.068
805	1565.000	-55.879
805	1566.000	-55.288
805	1567.000	-54.680
805	1568.000	-54.169
805	1569.000	-53.702
805	1570.000	-53.201
805	1571.000	-52.633
805	1572.000	-52.308
805	1573.000	-52.171
805	1574.000	-52.177
805	1575.000	-52.296
805	1576.000	-52.499
805	1577.000	-52.766
805	1578.000	-53.080
805	1579.000	-53.429
805	1580.000	-53.802
805	1581.000	-54.190
805	1582.000	-54.587
805	1583.000	-54.961
805	1584.000	-54.850
805	1585.000	-54.645
805	1586.000	-54.578
805	1587.000	-54.618
805	1588.000	-54.741
805	1589.000	-54.926
805	1590.000	-55.131
805	1591.000	-54.743
805	1592.000	-54.471
805	1593.000	-54.354
805	1594.000	-54.357
805	1595.000	-54.351
805	1596.000	-54.303
805	1597.000	-54.361
805	1598.000	-54.499
805	1599.000	-54.698
805	1600.000	-54.944
805	1601.000	-55.223
805	1602.000	-55.304
805	1603.000	-55.376
805	1604.000	-55.327
805	1605.000	-55.374
805	1606.000	-55.495
805	1607.000	-55.673
805	1608.000	-55.893
805	1609.000	-56.144
805	1610.000	-56.310
805	1611.000	-56.374
805	1612.000	-56.499
805	1613.000	-56.467
805	1614.000	-56.473
805	1615.000	-56.553
805	1616.000	-56.453
805	1617.000	-56.034
805	1618.000	-55.700
805	1619.000	-55.526
805	1620.000	-55.474
805	1621.000	-55.519
805	1622.000	-55.636
805	1623.000	-55.810
805	1624.000	-55.895
805	1625.000	-55.925
805	1626.000	-55.922
805	1627.000	-55.806
805	1628.000	-55.606
805	1629.000	-55.534
805	1630.000	-55.562
805	1631.000	-55.667
805	1632.000	-55.831
805	1633.000	-56.038
805	1634.000	-56.279
805	1635.000	-56.542
805	1636.000	-56.713
805	1637.000	-56.777
805	1638.000	-56.899
805	1639.000	-57.065
805	1640.000	-57.263
805	1641.000	-57.486
805	1642.000	-57.472
805	1643.000	-57.527
805	1644.000	-57.405
805	1645.000	-57.355
805	1646.000	-57.384
805	1647.000	-57.474
805	1648.000	-57.402
805	1649.000	-57.367
805	1650.000	-57.408
805	1651.000	-57.451
805	1652.000	-57.353
805	1653.000	-57.093
805	1654.000	-56.735
805	1655.000	-56.509
805	1656.000	-56.410
805	1657.000	-56.409
805	1658.000	-56.484
805	1659.000	-56.617
805	1660.000	-56.767
805	1661.000	-56.733
805	1662.000	-56.779
805	1663.000	-56.888
805	1664.000	-57.044
805	1665.000	-56.897
805	1666.000	-56.636
805	1667.000	-56.315
805	1668.000	-55.965
805	1669.000	-55.708
805	1670.000	-55.592
805	1671.000	-55.585
805	1672.000	-55.419
805	1673.000	-55.375
805	1674.000	-55.346
805	1675.000	-55.010
805	1676.000	-54.352
805	1677.000	-53.726
805	1678.000	-53.327
805	1679.000	-53.123
805	1680.000	-53.071
805	1681.000	-53.136
805	1682.000	-53.214
805	1683.000	-53.220
805	1684.000	-53.252
805	1685.000	-53.097
805	1686.000	-52.742
805	1687.000	-52.578
805	1688.000	-52.560
805	1689.000	-52.657
805	1690.000	-52.839
805	1691.000	-53.011
805	1692.000	-53.093
805	1693.000	-53.261
805	1694.000	-53.494
805	1695.000	-53.540
805	1696.000	-53.677
805	1697.000	-53.830
805	1698.000	-53.862
805	1699.000	-53.835
805	1700.000	-53.825
805	1701.000	-53.744
805	1702.000	-53.715
805	1703.000	-53.793
805	1704.000	-53.951
805	1705.000	-54.172
805	1706.000	-54.242
805	1707.000	-54.242
805	1708.000	-53.939
805	1709.000	-53.594
805	1710.000	-53.430
805	1711.000	-53.304
805	1712.000	-52.985
805	1713.000	-52.805
805	1714.000	-52.605
805	1715.000	-52.497
805	1716.000	-52.524
805	1717.000	-52.655
805	1718.000	-52.864
805	1719.000	-53.133
805	1720.000	-53.446
805	1721.000	-53.791
805	1722.000	-54.157
805	1723.000	-54.146
805	1724.000	-54.146
805	1725.000	-54.242
805	1726.000	-54.411
805	1727.000	-54.635
805	1728.000	-54.821
805	1729.000	-54.788
805	1730.000	-54.716
805	1731.000	-54.750
805	1732.000	-54.867
805	1733.000	-55.047
805	1734.000	-55.274
805	1735.000	-55.336
805	1736.000	-55.425
805	1737.000	-55.356
805	1738.000	-55.366
805	1739.000	-55.237
805	1740.000	-55.201
805	1741.000	-55.260
805	1742.000	-55.392
805	1743.000	-55.578
805	1744.000	-55.806
805	1745.000	-56.064
805	1746.000	-56.117
805	1747.000	-56.215
805	1748.000	-56.165
805	1749.000	-56.160
805	1750.000	-56.234
805	1751.000	-56.121
805	1752.000	-56.084
805	1753.000	-55.915
805	1754.000	-55.865
805	1755.000	-55.907
805	1756.000	-56.019
805	1757.000	-56.185
805	1758.000	-56.166
805	1759.000	-56.208
805	1760.000	-56.317
805	1761.000	-56.346
805	1762.000	-56.149
805	1763.000	-55.876
805	1764.000	-55.577
805	1765.000	-55.240
805	1766.000	-55.067
805	1767.000	-55.022
805	1768.000	-55.074
805	1769.000	-55.202
805	1770.000	-55.388
805	1771.000	-55.416
805	1772.000	-55.478
805	1773.000	-55.480
805	1774.000	-55.451
805	1775.000	-55.513
805	1776.000	-55.644
805	1777.000	-55.829
805	1778.000	-56.052
805	1779.000	-56.224
805	1780.000	-56.267
805	1781.000	-56.378
805	1782.000	-56.539
805	1783.000	-56.740
805	1784.000	-56.762
805	1785.000	-56.808
805	1786.000	-56.915
805	1787.000	-57.069
805	1788.000	-57.259
805	1789.000	-57.475
805	1790.000	-57.709
805	1791.000	-57.899
805	1792.000	-57.910
805	1793.000	-57.897
805	1794.000	-57.594
805	1795.000	-57.356
805	1796.000	-57.240
805	1797.000	-57.218
805	1798.000	-57.041
805	1799.000	-56.952
805	1800.000	-56.954
805	1801.000	-57.027
805	1802.000	-57.020
805	1803.000	-56.967
805	1804.000	-56.997
805	1805.000	-57.090
805	1806.000	-57.233
805	1807.000	-57.412
805	1808.000	-57.618
805	1809.000	-57.843
805	1810.000	-58.081
805	1811.000	-58.327
805	1812.000	-58.578
805	1813.000	-58.829
805	1814.000	-58.806
805	1815.000	-58.410
805	1816.000	-58.092
805	1817.000	-57.909
805	1818.000	-57.829
805	1819.000	-57.748
805	1820.000	-57.577
805	1821.000	-57.511
805	1822.000	-57.392
805	1823.000	-57.248
805	1824.000	-57.205
805	1825.000	-57.241
805	1826.000	-57.337
805	1827.000	-57.479
805	1828.000	-57.655
805	1829.000	-57.857
805	1830.000	-57.892
805	1831.000	-57.911
805	1832.000	-57.828
805	1833.000	-57.732
805	1834.000	-57.722
805	1835.000	-57.779
805	1836.000	-57.702
805	1837.000	-57.088
805	1838.000	-56.452
805	1839.000	-55.822
805	1840.000	-55.198
805	1841.000	-54.786
805	1842.000	-54.480
805	1843.000	-54.100
805	1844.000	-53.744
805	1845.000	-53.274
805	1846.000	-52.845
805	1847.000	-52.624
805	1848.000	-52.562
805	1849.000	-52.624
805	1850.000	-52.781
805	1851.000	-53.010
805	1852.000	-53.293
805	1853.000	-53.615
805	1854.000	-53.965
805	1855.000	-54.335
805	1856.000	-54.716
805	1857.000	-55.103
805	1858.000	-55.361
805	1859.000	-55.532
805	1860.000	-55.748
805	1861.000	-55.997
805	1862.000	-56.270
805	1863.000	-56.426
805	1864.000	-56.506
805	1865.000	-56.588
805	1866.000	-56.532
805	1867.000	-56.563
805	1868.000	-56.661
805	1869.000	-56.811
805	1870.000	-56.999
805	1871.000	-57.033
805	1872.000	-57.061
805	1873.000	-57.153
805	1874.000	-57.293
805	1875.000	-57.469
805	1876.000	-57.673
805	1877.000	-57.896
805	1878.000	-58.132
805	1879.000	-58.376
805	1880.000	-58.624
805	1881.000	-58.874
805	1882.000	-59.122
805	1883.000	-59.367
805	1884.000	-59.608
805	1885.000	-59.843
805	1886.000	-60.071
805	1887.000	-60.293
805	1888.000	-60.241
805	1889.000	-60.242
805	1890.000	-60.285
805	1891.000	-60.361
805	1892.000	-60.430
805	1893.000	-60.288
805	1894.000	-60.219
805	1895.000	-60.208
805	1896.000	-60.242
805	1897.000	-60.196
805	1898.000	-60.051
805	1899.000	-59.983
805	1900.000	-59.834
805	1901.000	-59.640
805	1902.000	-59.509
805	1903.000	-59.223
805	1904.000	-59.053
805	1905.000	-58.974
805	1906.000	-58.966
805	1907.000	-59.013
805	1908.000	-59.103
805	1909.000	-59.224
805	1910.000	-59.369
805	1911.000	-59.179
805	1912.000	-58.597
805	1913.000	-58.008
805	1914.000	-57.616
805	1915.000	-57.019
805	1916.000	-56.202
805	1917.000	-55.206
805	1918.000	-54.508
805	1919.000	-53.856
805	1920.000	-53.355
805	1921.000	-52.941
805	1922.000	-52.653
805	1923.000	-52.157
805	1924.000	-51.663
805	1925.000	-51.403
805	1926.000	-51.321
805	1927.000	-51.379
805	1928.000	-51.543
805	1929.000	-51.789
805	1930.000	-52.095
805	1931.000	-52.446
805	1932.000	-52.472
805	1933.000	-52.236
805	1934.000	-51.772
805	1935.000	-51.275
805	1936.000	-51.015
805	1937.000	-50.754
805	1938.000	-50.432
805	1939.000	-50.013
805	1940.000	-49.634
805	1941.000	-49.447
805	1942.000	-49.414
805	1943.000	-49.517
805	1944.000	-49.739
805	1945.000	-50.057
805	1946.000	-50.445
805	1947.000	-50.879
805	1948.000	-51.343
805	1949.000	-51.824
805	1950.000	-52.315
805	1951.000	-52.808
805	1952.000	-53.299
805	1953.000	-53.784
805	1954.000	-54.672
805	1955.000	-55.594
805	1956.000	-56.158
805	1957.000	-56.589
805	1958.000	-56.772
805	1959.000	-56.763
805	1960.000	-56.828
805	1961.000	-56.793
805	1962.000	-56.746
805	1963.000	-56.782
805	1964.000	-56.701
805	1965.000	-56.643
805	1966.000	-56.672
805	1967.000	-56.768
805	1968.000	-56.915
805	1969.000	-57.099
805	1970.000	-57.312
805	1971.000	-57.545
805	1972.000	-57.561
805	1973.000	-57.615
805	1974.000	-57.723
805	1975.000	-57.871
805	1976.000	-58.048
805	1977.000	-58.163
805	1978.000	-58.140
805	1979.000	-58.183
805	1980.000	-58.276
805	1981.000	-58.408
805	1982.000	-58.381
805	1983.000	-58.114
805	1984.000	-57.947
805	1985.000	-57.879
805	1986.000	-57.890
805	1987.000	-57.961
805	1988.000	-58.078
805	1989.000	-58.230
805	1990.000	-58.407
805	1991.000	-58.604
805	1992.000	-58.813
805	1993.000	-59.030
805	1994.000	-59.252
805	1995.000	-59.475
805	1996.000	-59.611
805	1997.000	-59.588
805	1998.000	-59.531
805	1999.000	-59.359
805	2000.000	-59.112
