# NEST version: UNKNOWN
# RecordingBackendASCII version: 2
sender	time_ms	w
804	1.000	0.000
804	2.000	0.000
804	3.000	0.000
804	4.000	0.000
804	5.000	0.000
804	6.000	0.000
804	7.000	0.000
804	8.000	0.000
804	9.000	0.000
804	10.000	0.000
804	11.000	0.000
804	12.000	0.000
804	13.000	0.000
804	14.000	0.000
804	15.000	0.000
804	16.000	0.000
804	17.000	0.000
804	18.000	0.000
804	19.000	0.000
804	20.000	0.000
804	21.000	0.000
804	22.000	0.000
804	23.000	0.000
804	24.000	0.000
804	25.000	0.000
804	26.000	0.000
804	27.000	0.000
804	28.000	0.000
804	29.000	0.000
804	30.000	0.000
804	31.000	0.000
804	32.000	0.000
804	33.000	0.000
804	34.000	0.000
804	35.000	0.000
804	36.000	0.000
804	37.000	0.000
804	38.000	0.000
804	39.000	0.000
804	40.000	0.000
804	41.000	0.000
804	42.000	0.000
804	43.000	0.000
804	44.000	0.000
804	45.000	0.000
804	46.000	0.000
804	47.000	0.000
804	48.000	0.000
804	49.000	0.000
804	50.000	0.000
804	51.000	0.000
804	52.000	0.000
804	53.000	0.000
804	54.000	0.000
804	55.000	0.000
804	56.000	0.000
804	57.000	0.000
804	58.000	0.000
804	59.000	0.000
804	60.000	0.000
804	61.000	0.000
804	62.000	0.000
804	63.000	0.000
804	64.000	0.000
804	65.000	0.000
804	66.000	0.000
804	67.000	0.000
804	68.000	0.000
804	69.000	0.000
804	70.000	0.000
804	71.000	0.000
804	72.000	0.000
804	73.000	0.000
804	74.000	0.000
804	75.000	0.000
804	76.000	0.000
804	77.000	0.000
804	78.000	0.000
804	79.000	0.000
804	80.000	0.000
804	81.000	0.000
804	82.000	0.000
804	83.000	0.000
804	84.000	0.000
804	85.000	0.000
804	86.000	0.000
804	87.000	0.000
804	88.000	0.000
804	89.000	0.000
804	90.000	0.000
804	91.000	0.000
804	92.000	0.000
804	93.000	0.000
804	94.000	0.000
804	95.000	0.000
804	96.000	0.000
804	97.000	0.000
804	98.000	0.000
804	99.000	0.000
804	100.000	0.000
804	101.000	0.000
804	102.000	0.000
804	103.000	0.000
804	104.000	0.000
804	105.000	0.000
804	106.000	0.000
804	107.000	0.000
804	108.000	0.000
804	109.000	0.000
804	110.000	0.000
804	111.000	0.000
804	112.000	0.000
804	113.000	0.000
804	114.000	0.000
804	115.000	0.000
804	116.000	0.000
804	117.000	0.000
804	118.000	0.000
804	119.000	0.000
804	120.000	0.000
804	121.000	0.000
804	122.000	0.000
804	123.000	0.000
804	124.000	0.000
804	125.000	0.000
804	126.000	0.000
804	127.000	0.000
804	128.000	0.000
804	129.000	0.000
804	130.000	0.000
804	131.000	0.000
804	132.000	0.000
804	133.000	0.000
804	134.000	0.000
804	135.000	0.000
804	136.000	0.000
804	137.000	0.000
804	138.000	0.000
804	139.000	0.000
804	140.000	0.000
804	141.000	0.000
804	142.000	0.000
804	143.000	0.000
804	144.000	0.000
804	145.000	0.000
804	146.000	0.000
804	147.000	0.000
804	148.000	0.000
804	149.000	0.000
804	150.000	0.000
804	151.000	0.000
804	152.000	0.000
804	153.000	0.000
804	154.000	0.000
804	155.000	0.000
804	156.000	0.000
804	157.000	0.000
804	158.000	0.000
804	159.000	0.000
804	160.000	0.000
804	161.000	0.000
804	162.000	0.000
804	163.000	0.000
804	164.000	0.000
804	165.000	0.000
804	166.000	0.000
804	167.000	0.000
804	168.000	0.000
804	169.000	0.000
804	170.000	0.000
804	171.000	0.000
804	172.000	0.000
804	173.000	0.000
804	174.000	0.000
804	175.000	0.000
804	176.000	0.000
804	177.000	0.000
804	178.000	0.000
804	179.000	0.000
804	180.000	0.000
804	181.000	0.000
804	182.000	0.000
804	183.000	0.000
804	184.000	0.000
804	185.000	0.000
804	186.000	0.000
804	187.000	0.000
804	188.000	0.000
804	189.000	0.000
804	190.000	0.000
804	191.000	0.000
804	192.000	0.000
804	193.000	0.000
804	194.000	0.000
804	195.000	0.000
804	196.000	0.000
804	197.000	0.000
804	198.000	0.000
804	199.000	0.000
804	200.000	0.000
804	201.000	0.000
804	202.000	0.000
804	203.000	0.000
804	204.000	0.000
804	205.000	0.000
804	206.000	0.000
804	207.000	0.000
804	208.000	0.000
804	209.000	0.000
804	210.000	0.000
804	211.000	0.000
804	212.000	0.000
804	213.000	0.000
804	214.000	0.000
804	215.000	0.000
804	216.000	0.000
804	217.000	0.000
804	218.000	0.000
804	219.000	0.000
804	220.000	0.000
804	221.000	0.000
804	222.000	0.000
804	223.000	0.000
804	224.000	0.000
804	225.000	0.000
804	226.000	0.000
804	227.000	0.000
804	228.000	0.000
804	229.000	0.000
804	230.000	0.000
804	231.000	0.000
804	232.000	0.000
804	233.000	0.000
804	234.000	0.000
804	235.000	0.000
804	236.000	0.000
804	237.000	0.000
804	238.000	0.000
804	239.000	0.000
804	240.000	0.000
804	241.000	0.000
804	242.000	0.000
804	243.000	0.000
804	244.000	0.000
804	245.000	0.000
804	246.000	0.000
804	247.000	0.000
804	248.000	0.000
804	249.000	0.000
804	250.000	0.000
804	251.000	0.000
804	252.000	0.000
804	253.000	0.000
804	254.000	0.000
804	255.000	0.000
804	256.000	0.000
804	257.000	0.000
804	258.000	0.000
804	259.000	0.000
804	260.000	0.000
804	261.000	0.000
804	262.000	0.000
804	263.000	0.000
804	264.000	0.000
804	265.000	0.000
804	266.000	0.000
804	267.000	0.000
804	268.000	0.000
804	269.000	0.000
804	270.000	0.000
804	271.000	0.000
804	272.000	0.000
804	273.000	0.000
804	274.000	0.000
804	275.000	0.000
804	276.000	0.000
804	277.000	0.000
804	278.000	0.000
804	279.000	0.000
804	280.000	0.000
804	281.000	0.000
804	282.000	0.000
804	283.000	0.000
804	284.000	0.000
804	285.000	0.000
804	286.000	0.000
804	287.000	0.000
804	288.000	0.000
804	289.000	0.000
804	290.000	0.000
804	291.000	0.000
804	292.000	0.000
804	293.000	0.000
804	294.000	0.000
804	295.000	0.000
804	296.000	0.000
804	297.000	0.000
804	298.000	0.000
804	299.000	0.000
804	300.000	0.000
804	301.000	0.000
804	302.000	0.000
804	303.000	0.000
804	304.000	0.000
804	305.000	0.000
804	306.000	0.000
804	307.000	0.000
804	308.000	0.000
804	309.000	0.000
804	310.000	0.000
804	311.000	0.000
804	312.000	0.000
804	313.000	0.000
804	314.000	0.000
804	315.000	0.000
804	316.000	0.000
804	317.000	0.000
804	318.000	0.000
804	319.000	0.000
804	320.000	0.000
804	321.000	0.000
804	322.000	0.000
804	323.000	0.000
804	324.000	0.000
804	325.000	0.000
804	326.000	0.000
804	327.000	0.000
804	328.000	0.000
804	329.000	0.000
804	330.000	0.000
804	331.000	0.000
804	332.000	0.000
804	333.000	0.000
804	334.000	0.000
804	335.000	0.000
804	336.000	0.000
804	337.000	0.000
804	338.000	0.000
804	339.000	0.000
804	340.000	0.000
804	341.000	0.000
804	342.000	0.000
804	343.000	0.000
804	344.000	0.000
804	345.000	0.000
804	346.000	0.000
804	347.000	0.000
804	348.000	0.000
804	349.000	0.000
804	350.000	0.000
804	351.000	0.000
804	352.000	0.000
804	353.000	0.000
804	354.000	0.000
804	355.000	0.000
804	356.000	0.000
804	357.000	0.000
804	358.000	0.000
804	359.000	0.000
804	360.000	0.000
804	361.000	0.000
804	362.000	0.000
804	363.000	0.000
804	364.000	0.000
804	365.000	0.000
804	366.000	0.000
804	367.000	0.000
804	368.000	0.000
804	369.000	0.000
804	370.000	0.000
804	371.000	0.000
804	372.000	0.000
804	373.000	0.000
804	374.000	0.000
804	375.000	0.000
804	376.000	0.000
804	377.000	0.000
804	378.000	0.000
804	379.000	0.000
804	380.000	0.000
804	381.000	0.000
804	382.000	0.000
804	383.000	0.000
804	384.000	0.000
804	385.000	0.000
804	386.000	0.000
804	387.000	0.000
804	388.000	0.000
804	389.000	0.000
804	390.000	0.000
804	391.000	0.000
804	392.000	0.000
804	393.000	0.000
804	394.000	0.000
804	395.000	0.000
804	396.000	0.000
804	397.000	0.000
804	398.000	0.000
804	399.000	0.000
804	400.000	0.000
804	401.000	0.000
804	402.000	0.000
804	403.000	0.000
804	404.000	0.000
804	405.000	0.000
804	406.000	0.000
804	407.000	0.000
804	408.000	0.000
804	409.000	0.000
804	410.000	0.000
804	411.000	0.000
804	412.000	0.000
804	413.000	0.000
804	414.000	0.000
804	415.000	0.000
804	416.000	0.000
804	417.000	0.000
804	418.000	0.000
804	419.000	0.000
804	420.000	0.000
804	421.000	0.000
804	422.000	0.000
804	423.000	0.000
804	424.000	0.000
804	425.000	0.000
804	426.000	0.000
804	427.000	0.000
804	428.000	0.000
804	429.000	0.000
804	430.000	0.000
804	431.000	0.000
804	432.000	0.000
804	433.000	0.000
804	434.000	0.000
804	435.000	0.000
804	436.000	0.000
804	437.000	0.000
804	438.000	0.000
804	439.000	0.000
804	440.000	0.000
804	441.000	0.000
804	442.000	0.000
804	443.000	0.000
804	444.000	0.000
804	445.000	0.000
804	446.000	0.000
804	447.000	0.000
804	448.000	0.000
804	449.000	0.000
804	450.000	0.000
804	451.000	0.000
804	452.000	0.000
804	453.000	0.000
804	454.000	0.000
804	455.000	0.000
804	456.000	0.000
804	457.000	0.000
804	458.000	0.000
804	459.000	0.000
804	460.000	0.000
804	461.000	0.000
804	462.000	0.000
804	463.000	0.000
804	464.000	0.000
804	465.000	0.000
804	466.000	0.000
804	467.000	0.000
804	468.000	0.000
804	469.000	0.000
804	470.000	0.000
804	471.000	0.000
804	472.000	0.000
804	473.000	0.000
804	474.000	0.000
804	475.000	0.000
804	476.000	0.000
804	477.000	0.000
804	478.000	0.000
804	479.000	0.000
804	480.000	0.000
804	481.000	0.000
804	482.000	0.000
804	483.000	0.000
804	484.000	0.000
804	485.000	0.000
804	486.000	0.000
804	487.000	0.000
804	488.000	0.000
804	489.000	0.000
804	490.000	0.000
804	491.000	0.000
804	492.000	0.000
804	493.000	0.000
804	494.000	0.000
804	495.000	0.000
804	496.000	0.000
804	497.000	0.000
804	498.000	0.000
804	499.000	0.000
804	500.000	0.000
804	501.000	0.000
804	502.000	0.000
804	503.000	0.000
804	504.000	0.000
804	505.000	0.000
804	506.000	0.000
804	507.000	0.000
804	508.000	0.000
804	509.000	0.000
804	510.000	0.000
804	511.000	0.000
804	512.000	0.000
804	513.000	0.000
804	514.000	0.000
804	515.000	0.000
804	516.000	0.000
804	517.000	0.000
804	518.000	0.000
804	519.000	0.000
804	520.000	0.000
804	521.000	0.000
804	522.000	0.000
804	523.000	0.000
804	524.000	0.000
804	525.000	0.000
804	526.000	0.000
804	527.000	0.000
804	528.000	0.000
804	529.000	0.000
804	530.000	0.000
804	531.000	0.000
804	532.000	0.000
804	533.000	0.000
804	534.000	0.000
804	535.000	0.000
804	536.000	0.000
804	537.000	0.000
804	538.000	0.000
804	539.000	0.000
804	540.000	0.000
804	541.000	0.000
804	542.000	0.000
804	543.000	0.000
804	544.000	0.000
804	545.000	0.000
804	546.000	0.000
804	547.000	0.000
804	548.000	0.000
804	549.000	0.000
804	550.000	0.000
804	551.000	0.000
804	552.000	0.000
804	553.000	0.000
804	554.000	0.000
804	555.000	0.000
804	556.000	0.000
804	557.000	0.000
804	558.000	0.000
804	559.000	0.000
804	560.000	0.000
804	561.000	0.000
804	562.000	0.000
804	563.000	0.000
804	564.000	0.000
804	565.000	0.000
804	566.000	0.000
804	567.000	0.000
804	568.000	0.000
804	569.000	0.000
804	570.000	0.000
804	571.000	0.000
804	572.000	0.000
804	573.000	0.000
804	574.000	0.000
804	575.000	0.000
804	576.000	0.000
804	577.000	0.000
804	578.000	0.000
804	579.000	0.000
804	580.000	0.000
804	581.000	0.000
804	582.000	0.000
804	583.000	0.000
804	584.000	0.000
804	585.000	0.000
804	586.000	0.000
804	587.000	0.000
804	588.000	0.000
804	589.000	0.000
804	590.000	0.000
804	591.000	0.000
804	592.000	0.000
804	593.000	0.000
804	594.000	0.000
804	595.000	0.000
804	596.000	0.000
804	597.000	0.000
804	598.000	0.000
804	599.000	0.000
804	600.000	0.000
804	601.000	0.000
804	602.000	0.000
804	603.000	0.000
804	604.000	0.000
804	605.000	0.000
804	606.000	0.000
804	607.000	0.000
804	608.000	0.000
804	609.000	0.000
804	610.000	0.000
804	611.000	0.000
804	612.000	0.000
804	613.000	0.000
804	614.000	0.000
804	615.000	0.000
804	616.000	0.000
804	617.000	0.000
804	618.000	0.000
804	619.000	0.000
804	620.000	0.000
804	621.000	0.000
804	622.000	0.000
804	623.000	0.000
804	624.000	0.000
804	625.000	0.000
804	626.000	0.000
804	627.000	0.000
804	628.000	0.000
804	629.000	0.000
804	630.000	0.000
804	631.000	0.000
804	632.000	0.000
804	633.000	0.000
804	634.000	0.000
804	635.000	0.000
804	636.000	0.000
804	637.000	0.000
804	638.000	0.000
804	639.000	0.000
804	640.000	0.000
804	641.000	0.000
804	642.000	0.000
804	643.000	0.000
804	644.000	0.000
804	645.000	0.000
804	646.000	0.000
804	647.000	0.000
804	648.000	0.000
804	649.000	0.000
804	650.000	0.000
804	651.000	0.000
804	652.000	0.000
804	653.000	0.000
804	654.000	0.000
804	655.000	0.000
804	656.000	0.000
804	657.000	0.000
804	658.000	0.000
804	659.000	0.000
804	660.000	0.000
804	661.000	0.000
804	662.000	0.000
804	663.000	0.000
804	664.000	0.000
804	665.000	0.000
804	666.000	0.000
804	667.000	0.000
804	668.000	0.000
804	669.000	0.000
804	670.000	0.000
804	671.000	0.000
804	672.000	0.000
804	673.000	0.000
804	674.000	0.000
804	675.000	0.000
804	676.000	0.000
804	677.000	0.000
804	678.000	0.000
804	679.000	0.000
804	680.000	0.000
804	681.000	0.000
804	682.000	0.000
804	683.000	0.000
804	684.000	0.000
804	685.000	0.000
804	686.000	0.000
804	687.000	0.000
804	688.000	0.000
804	689.000	0.000
804	690.000	0.000
804	691.000	0.000
804	692.000	0.000
804	693.000	0.000
804	694.000	0.000
804	695.000	0.000
804	696.000	0.000
804	697.000	0.000
804	698.000	0.000
804	699.000	0.000
804	700.000	0.000
804	701.000	0.000
804	702.000	0.000
804	703.000	0.000
804	704.000	0.000
804	705.000	0.000
804	706.000	0.000
804	707.000	0.000
804	708.000	0.000
804	709.000	0.000
804	710.000	0.000
804	711.000	0.000
804	712.000	0.000
804	713.000	0.000
804	714.000	0.000
804	715.000	0.000
804	716.000	0.000
804	717.000	0.000
804	718.000	0.000
804	719.000	0.000
804	720.000	0.000
804	721.000	0.000
804	722.000	0.000
804	723.000	0.000
804	724.000	0.000
804	725.000	0.000
804	726.000	0.000
804	727.000	0.000
804	728.000	0.000
804	729.000	0.000
804	730.000	0.000
804	731.000	0.000
804	732.000	0.000
804	733.000	0.000
804	734.000	0.000
804	735.000	0.000
804	736.000	0.000
804	737.000	0.000
804	738.000	0.000
804	739.000	0.000
804	740.000	0.000
804	741.000	0.000
804	742.000	0.000
804	743.000	0.000
804	744.000	0.000
804	745.000	0.000
804	746.000	0.000
804	747.000	0.000
804	748.000	0.000
804	749.000	0.000
804	750.000	0.000
804	751.000	0.000
804	752.000	0.000
804	753.000	0.000
804	754.000	0.000
804	755.000	0.000
804	756.000	0.000
804	757.000	0.000
804	758.000	0.000
804	759.000	0.000
804	760.000	0.000
804	761.000	0.000
804	762.000	0.000
804	763.000	0.000
804	764.000	0.000
804	765.000	0.000
804	766.000	0.000
804	767.000	0.000
804	768.000	0.000
804	769.000	0.000
804	770.000	0.000
804	771.000	0.000
804	772.000	0.000
804	773.000	0.000
804	774.000	0.000
804	775.000	0.000
804	776.000	0.000
804	777.000	0.000
804	778.000	0.000
804	779.000	0.000
804	780.000	0.000
804	781.000	0.000
804	782.000	0.000
804	783.000	0.000
804	784.000	0.000
804	785.000	0.000
804	786.000	0.000
804	787.000	0.000
804	788.000	0.000
804	789.000	0.000
804	790.000	0.000
804	791.000	0.000
804	792.000	0.000
804	793.000	0.000
804	794.000	0.000
804	795.000	0.000
804	796.000	0.000
804	797.000	0.000
804	798.000	0.000
804	799.000	0.000
804	800.000	0.000
804	801.000	0.000
804	802.000	0.000
804	803.000	0.000
804	804.000	0.000
804	805.000	0.000
804	806.000	0.000
804	807.000	0.000
804	808.000	0.000
804	809.000	0.000
804	810.000	0.000
804	811.000	0.000
804	812.000	0.000
804	813.000	0.000
804	814.000	0.000
804	815.000	0.000
804	816.000	0.000
804	817.000	0.000
804	818.000	0.000
804	819.000	0.000
804	820.000	0.000
804	821.000	0.000
804	822.000	0.000
804	823.000	0.000
804	824.000	0.000
804	825.000	0.000
804	826.000	0.000
804	827.000	0.000
804	828.000	0.000
804	829.000	0.000
804	830.000	0.000
804	831.000	0.000
804	832.000	0.000
804	833.000	0.000
804	834.000	0.000
804	835.000	0.000
804	836.000	0.000
804	837.000	0.000
804	838.000	0.000
804	839.000	0.000
804	840.000	0.000
804	841.000	0.000
804	842.000	0.000
804	843.000	0.000
804	844.000	0.000
804	845.000	0.000
804	846.000	0.000
804	847.000	0.000
804	848.000	0.000
804	849.000	0.000
804	850.000	0.000
804	851.000	0.000
804	852.000	0.000
804	853.000	0.000
804	854.000	0.000
804	855.000	0.000
804	856.000	0.000
804	857.000	0.000
804	858.000	0.000
804	859.000	0.000
804	860.000	0.000
804	861.000	0.000
804	862.000	0.000
804	863.000	0.000
804	864.000	0.000
804	865.000	0.000
804	866.000	0.000
804	867.000	0.000
804	868.000	0.000
804	869.000	0.000
804	870.000	0.000
804	871.000	0.000
804	872.000	0.000
804	873.000	0.000
804	874.000	0.000
804	875.000	0.000
804	876.000	0.000
804	877.000	0.000
804	878.000	0.000
804	879.000	0.000
804	880.000	0.000
804	881.000	0.000
804	882.000	0.000
804	883.000	0.000
804	884.000	0.000
804	885.000	0.000
804	886.000	0.000
804	887.000	0.000
804	888.000	0.000
804	889.000	0.000
804	890.000	0.000
804	891.000	0.000
804	892.000	0.000
804	893.000	0.000
804	894.000	0.000
804	895.000	0.000
804	896.000	0.000
804	897.000	0.000
804	898.000	0.000
804	899.000	0.000
804	900.000	0.000
804	901.000	0.000
804	902.000	0.000
804	903.000	0.000
804	904.000	0.000
804	905.000	0.000
804	906.000	0.000
804	907.000	0.000
804	908.000	0.000
804	909.000	0.000
804	910.000	0.000
804	911.000	0.000
804	912.000	0.000
804	913.000	0.000
804	914.000	0.000
804	915.000	0.000
804	916.000	0.000
804	917.000	0.000
804	918.000	0.000
804	919.000	0.000
804	920.000	0.000
804	921.000	0.000
804	922.000	0.000
804	923.000	0.000
804	924.000	0.000
804	925.000	0.000
804	926.000	0.000
804	927.000	0.000
804	928.000	0.000
804	929.000	0.000
804	930.000	0.000
804	931.000	0.000
804	932.000	0.000
804	933.000	0.000
804	934.000	0.000
804	935.000	0.000
804	936.000	0.000
804	937.000	0.000
804	938.000	0.000
804	939.000	0.000
804	940.000	0.000
804	941.000	0.000
804	942.000	0.000
804	943.000	0.000
804	944.000	0.000
804	945.000	0.000
804	946.000	0.000
804	947.000	0.000
804	948.000	0.000
804	949.000	0.000
804	950.000	0.000
804	951.000	0.000
804	952.000	0.000
804	953.000	0.000
804	954.000	0.000
804	955.000	0.000
804	956.000	0.000
804	957.000	0.000
804	958.000	0.000
804	959.000	0.000
804	960.000	0.000
804	961.000	0.000
804	962.000	0.000
804	963.000	0.000
804	964.000	0.000
804	965.000	0.000
804	966.000	0.000
804	967.000	0.000
804	968.000	0.000
804	969.000	0.000
804	970.000	0.000
804	971.000	0.000
804	972.000	0.000
804	973.000	0.000
804	974.000	0.000
804	975.000	0.000
804	976.000	0.000
804	977.000	0.000
804	978.000	0.000
804	979.000	0.000
804	980.000	0.000
804	981.000	0.000
804	982.000	0.000
804	983.000	0.000
804	984.000	0.000
804	985.000	0.000
804	986.000	0.000
804	987.000	0.000
804	988.000	0.000
804	989.000	0.000
804	990.000	0.000
804	991.000	0.000
804	992.000	0.000
804	993.000	0.000
804	994.000	0.000
804	995.000	0.000
804	996.000	0.000
804	997.000	0.000
804	998.000	0.000
804	999.000	0.000
804	1000.000	0.000
804	1001.000	0.000
804	1002.000	0.000
804	1003.000	0.000
804	1004.000	0.000
804	1005.000	0.000
804	1006.000	0.000
804	1007.000	0.000
804	1008.000	0.000
804	1009.000	0.000
804	1010.000	0.000
804	1011.000	0.000
804	1012.000	0.000
804	1013.000	0.000
804	1014.000	0.000
804	1015.000	0.000
804	1016.000	0.000
804	1017.000	0.000
804	1018.000	0.000
804	1019.000	0.000
804	1020.000	0.000
804	1021.000	0.000
804	1022.000	0.000
804	1023.000	0.000
804	1024.000	0.000
804	1025.000	0.000
804	1026.000	0.000
804	1027.000	0.000
804	1028.000	0.000
804	1029.000	0.000
804	1030.000	0.000
804	1031.000	0.000
804	1032.000	0.000
804	1033.000	0.000
804	1034.000	0.000
804	1035.000	0.000
804	1036.000	0.000
804	1037.000	0.000
804	1038.000	0.000
804	1039.000	0.000
804	1040.000	0.000
804	1041.000	0.000
804	1042.000	0.000
804	1043.000	0.000
804	1044.000	0.000
804	1045.000	0.000
804	1046.000	0.000
804	1047.000	0.000
804	1048.000	0.000
804	1049.000	0.000
804	1050.000	0.000
804	1051.000	0.000
804	1052.000	0.000
804	1053.000	0.000
804	1054.000	0.000
804	1055.000	0.000
804	1056.000	0.000
804	1057.000	0.000
804	1058.000	0.000
804	1059.000	0.000
804	1060.000	0.000
804	1061.000	0.000
804	1062.000	0.000
804	1063.000	0.000
804	1064.000	0.000
804	1065.000	0.000
804	1066.000	0.000
804	1067.000	0.000
804	1068.000	0.000
804	1069.000	0.000
804	1070.000	0.000
804	1071.000	0.000
804	1072.000	0.000
804	1073.000	0.000
804	1074.000	0.000
804	1075.000	0.000
804	1076.000	0.000
804	1077.000	0.000
804	1078.000	0.000
804	1079.000	0.000
804	1080.000	0.000
804	1081.000	0.000
804	1082.000	0.000
804	1083.000	0.000
804	1084.000	0.000
804	1085.000	0.000
804	1086.000	0.000
804	1087.000	0.000
804	1088.000	0.000
804	1089.000	0.000
804	1090.000	0.000
804	1091.000	0.000
804	1092.000	0.000
804	1093.000	0.000
804	1094.000	0.000
804	1095.000	0.000
804	1096.000	0.000
804	1097.000	0.000
804	1098.000	0.000
804	1099.000	0.000
804	1100.000	0.000
804	1101.000	0.000
804	1102.000	0.000
804	1103.000	0.000
804	1104.000	0.000
804	1105.000	0.000
804	1106.000	0.000
804	1107.000	0.000
804	1108.000	0.000
804	1109.000	0.000
804	1110.000	0.000
804	1111.000	0.000
804	1112.000	0.000
804	1113.000	0.000
804	1114.000	0.000
804	1115.000	0.000
804	1116.000	0.000
804	1117.000	0.000
804	1118.000	0.000
804	1119.000	0.000
804	1120.000	0.000
804	1121.000	0.000
804	1122.000	0.000
804	1123.000	0.000
804	1124.000	0.000
804	1125.000	0.000
804	1126.000	0.000
804	1127.000	0.000
804	1128.000	0.000
804	1129.000	0.000
804	1130.000	0.000
804	1131.000	0.000
804	1132.000	0.000
804	1133.000	0.000
804	1134.000	0.000
804	1135.000	0.000
804	1136.000	0.000
804	1137.000	0.000
804	1138.000	0.000
804	1139.000	0.000
804	1140.000	0.000
804	1141.000	0.000
804	1142.000	0.000
804	1143.000	0.000
804	1144.000	0.000
804	1145.000	0.000
804	1146.000	0.000
804	1147.000	0.000
804	1148.000	0.000
804	1149.000	0.000
804	1150.000	0.000
804	1151.000	0.000
804	1152.000	0.000
804	1153.000	0.000
804	1154.000	0.000
804	1155.000	0.000
804	1156.000	0.000
804	1157.000	0.000
804	1158.000	0.000
804	1159.000	0.000
804	1160.000	0.000
804	1161.000	0.000
804	1162.000	0.000
804	1163.000	0.000
804	1164.000	0.000
804	1165.000	0.000
804	1166.000	0.000
804	1167.000	0.000
804	1168.000	0.000
804	1169.000	0.000
804	1170.000	0.000
804	1171.000	0.000
804	1172.000	0.000
804	1173.000	0.000
804	1174.000	0.000
804	1175.000	0.000
804	1176.000	0.000
804	1177.000	0.000
804	1178.000	0.000
804	1179.000	0.000
804	1180.000	0.000
804	1181.000	0.000
804	1182.000	0.000
804	1183.000	0.000
804	1184.000	0.000
804	1185.000	0.000
804	1186.000	0.000
804	1187.000	0.000
804	1188.000	0.000
804	1189.000	0.000
804	1190.000	0.000
804	1191.000	0.000
804	1192.000	0.000
804	1193.000	0.000
804	1194.000	0.000
804	1195.000	0.000
804	1196.000	0.000
804	1197.000	0.000
804	1198.000	0.000
804	1199.000	0.000
804	1200.000	0.000
804	1201.000	0.000
804	1202.000	0.000
804	1203.000	0.000
804	1204.000	0.000
804	1205.000	0.000
804	1206.000	0.000
804	1207.000	0.000
804	1208.000	0.000
804	1209.000	0.000
804	1210.000	0.000
804	1211.000	0.000
804	1212.000	0.000
804	1213.000	0.000
804	1214.000	0.000
804	1215.000	0.000
804	1216.000	0.000
804	1217.000	0.000
804	1218.000	0.000
804	1219.000	0.000
804	1220.000	0.000
804	1221.000	0.000
804	1222.000	0.000
804	1223.000	0.000
804	1224.000	0.000
804	1225.000	0.000
804	1226.000	0.000
804	1227.000	0.000
804	1228.000	0.000
804	1229.000	0.000
804	1230.000	0.000
804	1231.000	0.000
804	1232.000	0.000
804	1233.000	0.000
804	1234.000	0.000
804	1235.000	0.000
804	1236.000	0.000
804	1237.000	0.000
804	1238.000	0.000
804	1239.000	0.000
804	1240.000	0.000
804	1241.000	0.000
804	1242.000	0.000
804	1243.000	0.000
804	1244.000	0.000
804	1245.000	0.000
804	1246.000	0.000
804	1247.000	0.000
804	1248.000	0.000
804	1249.000	0.000
804	1250.000	0.000
804	1251.000	0.000
804	1252.000	0.000
804	1253.000	0.000
804	1254.000	0.000
804	1255.000	0.000
804	1256.000	0.000
804	1257.000	0.000
804	1258.000	0.000
804	1259.000	0.000
804	1260.000	0.000
804	1261.000	0.000
804	1262.000	0.000
804	1263.000	0.000
804	1264.000	0.000
804	1265.000	0.000
804	1266.000	0.000
804	1267.000	0.000
804	1268.000	0.000
804	1269.000	0.000
804	1270.000	0.000
804	1271.000	0.000
804	1272.000	0.000
804	1273.000	0.000
804	1274.000	0.000
804	1275.000	0.000
804	1276.000	0.000
804	1277.000	0.000
804	1278.000	0.000
804	1279.000	0.000
804	1280.000	0.000
804	1281.000	0.000
804	1282.000	0.000
804	1283.000	0.000
804	1284.000	0.000
804	1285.000	0.000
804	1286.000	0.000
804	1287.000	0.000
804	1288.000	0.000
804	1289.000	0.000
804	1290.000	0.000
804	1291.000	0.000
804	1292.000	0.000
804	1293.000	0.000
804	1294.000	0.000
804	1295.000	0.000
804	1296.000	0.000
804	1297.000	0.000
804	1298.000	0.000
804	1299.000	0.000
804	1300.000	0.000
804	1301.000	0.000
804	1302.000	0.000
804	1303.000	0.000
804	1304.000	0.000
804	1305.000	0.000
804	1306.000	0.000
804	1307.000	0.000
804	1308.000	0.000
804	1309.000	0.000
804	1310.000	0.000
804	1311.000	0.000
804	1312.000	0.000
804	1313.000	0.000
804	1314.000	0.000
804	1315.000	0.000
804	1316.000	0.000
804	1317.000	0.000
804	1318.000	0.000
804	1319.000	0.000
804	1320.000	0.000
804	1321.000	0.000
804	1322.000	0.000
804	1323.000	0.000
804	1324.000	0.000
804	1325.000	0.000
804	1326.000	0.000
804	1327.000	0.000
804	1328.000	0.000
804	1329.000	0.000
804	1330.000	0.000
804	1331.000	0.000
804	1332.000	0.000
804	1333.000	0.000
804	1334.000	0.000
804	1335.000	0.000
804	1336.000	0.000
804	1337.000	0.000
804	1338.000	0.000
804	1339.000	0.000
804	1340.000	0.000
804	1341.000	0.000
804	1342.000	0.000
804	1343.000	0.000
804	1344.000	0.000
804	1345.000	0.000
804	1346.000	0.000
804	1347.000	0.000
804	1348.000	0.000
804	1349.000	0.000
804	1350.000	0.000
804	1351.000	0.000
804	1352.000	0.000
804	1353.000	0.000
804	1354.000	0.000
804	1355.000	0.000
804	1356.000	0.000
804	1357.000	0.000
804	1358.000	0.000
804	1359.000	0.000
804	1360.000	0.000
804	1361.000	0.000
804	1362.000	0.000
804	1363.000	0.000
804	1364.000	0.000
804	1365.000	0.000
804	1366.000	0.000
804	1367.000	0.000
804	1368.000	0.000
804	1369.000	0.000
804	1370.000	0.000
804	1371.000	0.000
804	1372.000	0.000
804	1373.000	0.000
804	1374.000	0.000
804	1375.000	0.000
804	1376.000	0.000
804	1377.000	0.000
804	1378.000	0.000
804	1379.000	0.000
804	1380.000	0.000
804	1381.000	0.000
804	1382.000	0.000
804	1383.000	0.000
804	1384.000	0.000
804	1385.000	0.000
804	1386.000	0.000
804	1387.000	0.000
804	1388.000	0.000
804	1389.000	0.000
804	1390.000	0.000
804	1391.000	0.000
804	1392.000	0.000
804	1393.000	0.000
804	1394.000	0.000
804	1395.000	0.000
804	1396.000	0.000
804	1397.000	0.000
804	1398.000	0.000
804	1399.000	0.000
804	1400.000	0.000
804	1401.000	0.000
804	1402.000	0.000
804	1403.000	0.000
804	1404.000	0.000
804	1405.000	0.000
804	1406.000	0.000
804	1407.000	0.000
804	1408.000	0.000
804	1409.000	0.000
804	1410.000	0.000
804	1411.000	0.000
804	1412.000	0.000
804	1413.000	0.000
804	1414.000	0.000
804	1415.000	0.000
804	1416.000	0.000
804	1417.000	0.000
804	1418.000	0.000
804	1419.000	0.000
804	1420.000	0.000
804	1421.000	0.000
804	1422.000	0.000
804	1423.000	0.000
804	1424.000	0.000
804	1425.000	0.000
804	1426.000	0.000
804	1427.000	0.000
804	1428.000	0.000
804	1429.000	0.000
804	1430.000	0.000
804	1431.000	0.000
804	1432.000	0.000
804	1433.000	0.000
804	1434.000	0.000
804	1435.000	0.000
804	1436.000	0.000
804	1437.000	0.000
804	1438.000	0.000
804	1439.000	0.000
804	1440.000	0.000
804	1441.000	0.000
804	1442.000	0.000
804	1443.000	0.000
804	1444.000	0.000
804	1445.000	0.000
804	1446.000	0.000
804	1447.000	0.000
804	1448.000	0.000
804	1449.000	0.000
804	1450.000	0.000
804	1451.000	0.000
804	1452.000	0.000
804	1453.000	0.000
804	1454.000	0.000
804	1455.000	0.000
804	1456.000	0.000
804	1457.000	0.000
804	1458.000	0.000
804	1459.000	0.000
804	1460.000	0.000
804	1461.000	0.000
804	1462.000	0.000
804	1463.000	0.000
804	1464.000	0.000
804	1465.000	0.000
804	1466.000	0.000
804	1467.000	0.000
804	1468.000	0.000
804	1469.000	0.000
804	1470.000	0.000
804	1471.000	0.000
804	1472.000	0.000
804	1473.000	0.000
804	1474.000	0.000
804	1475.000	0.000
804	1476.000	0.000
804	1477.000	0.000
804	1478.000	0.000
804	1479.000	0.000
804	1480.000	0.000
804	1481.000	0.000
804	1482.000	0.000
804	1483.000	0.000
804	1484.000	0.000
804	1485.000	0.000
804	1486.000	0.000
804	1487.000	0.000
804	1488.000	0.000
804	1489.000	0.000
804	1490.000	0.000
804	1491.000	0.000
804	1492.000	0.000
804	1493.000	0.000
804	1494.000	0.000
804	1495.000	0.000
804	1496.000	0.000
804	1497.000	0.000
804	1498.000	0.000
804	1499.000	0.000
804	1500.000	0.000
804	1501.000	0.000
804	1502.000	0.000
804	1503.000	0.000
804	1504.000	0.000
804	1505.000	0.000
804	1506.000	0.000
804	1507.000	0.000
804	1508.000	0.000
804	1509.000	0.000
804	1510.000	0.000
804	1511.000	0.000
804	1512.000	0.000
804	1513.000	0.000
804	1514.000	0.000
804	1515.000	0.000
804	1516.000	0.000
804	1517.000	0.000
804	1518.000	0.000
804	1519.000	0.000
804	1520.000	0.000
804	1521.000	0.000
804	1522.000	0.000
804	1523.000	0.000
804	1524.000	0.000
804	1525.000	0.000
804	1526.000	0.000
804	1527.000	0.000
804	1528.000	0.000
804	1529.000	0.000
804	1530.000	0.000
804	1531.000	0.000
804	1532.000	0.000
804	1533.000	0.000
804	1534.000	0.000
804	1535.000	0.000
804	1536.000	0.000
804	1537.000	0.000
804	1538.000	0.000
804	1539.000	0.000
804	1540.000	0.000
804	1541.000	0.000
804	1542.000	0.000
804	1543.000	0.000
804	1544.000	0.000
804	1545.000	0.000
804	1546.000	0.000
804	1547.000	0.000
804	1548.000	0.000
804	1549.000	0.000
804	1550.000	0.000
804	1551.000	0.000
804	1552.000	0.000
804	1553.000	0.000
804	1554.000	0.000
804	1555.000	0.000
804	1556.000	0.000
804	1557.000	0.000
804	1558.000	0.000
804	1559.000	0.000
804	1560.000	0.000
804	1561.000	0.000
804	1562.000	0.000
804	1563.000	0.000
804	1564.000	0.000
804	1565.000	0.000
804	1566.000	0.000
804	1567.000	0.000
804	1568.000	0.000
804	1569.000	0.000
804	1570.000	0.000
804	1571.000	0.000
804	1572.000	0.000
804	1573.000	0.000
804	1574.000	0.000
804	1575.000	0.000
804	1576.000	0.000
804	1577.000	0.000
804	1578.000	0.000
804	1579.000	0.000
804	1580.000	0.000
804	1581.000	0.000
804	1582.000	0.000
804	1583.000	0.000
804	1584.000	0.000
804	1585.000	0.000
804	1586.000	0.000
804	1587.000	0.000
804	1588.000	0.000
804	1589.000	0.000
804	1590.000	0.000
804	1591.000	0.000
804	1592.000	0.000
804	1593.000	0.000
804	1594.000	0.000
804	1595.000	0.000
804	1596.000	0.000
804	1597.000	0.000
804	1598.000	0.000
804	1599.000	0.000
804	1600.000	0.000
804	1601.000	0.000
804	1602.000	0.000
804	1603.000	0.000
804	1604.000	0.000
804	1605.000	0.000
804	1606.000	0.000
804	1607.000	0.000
804	1608.000	0.000
804	1609.000	0.000
804	1610.000	0.000
804	1611.000	0.000
804	1612.000	0.000
804	1613.000	0.000
804	1614.000	0.000
804	1615.000	0.000
804	1616.000	0.000
804	1617.000	0.000
804	1618.000	0.000
804	1619.000	0.000
804	1620.000	0.000
804	1621.000	0.000
804	1622.000	0.000
804	1623.000	0.000
804	1624.000	0.000
804	1625.000	0.000
804	1626.000	0.000
804	1627.000	0.000
804	1628.000	0.000
804	1629.000	0.000
804	1630.000	0.000
804	1631.000	0.000
804	1632.000	0.000
804	1633.000	0.000
804	1634.000	0.000
804	1635.000	0.000
804	1636.000	0.000
804	1637.000	0.000
804	1638.000	0.000
804	1639.000	0.000
804	1640.000	0.000
804	1641.000	0.000
804	1642.000	0.000
804	1643.000	0.000
804	1644.000	0.000
804	1645.000	0.000
804	1646.000	0.000
804	1647.000	0.000
804	1648.000	0.000
804	1649.000	0.000
804	1650.000	0.000
804	1651.000	0.000
804	1652.000	0.000
804	1653.000	0.000
804	1654.000	0.000
804	1655.000	0.000
804	1656.000	0.000
804	1657.000	0.000
804	1658.000	0.000
804	1659.000	0.000
804	1660.000	0.000
804	1661.000	0.000
804	1662.000	0.000
804	1663.000	0.000
804	1664.000	0.000
804	1665.000	0.000
804	1666.000	0.000
804	1667.000	0.000
804	1668.000	0.000
804	1669.000	0.000
804	1670.000	0.000
804	1671.000	0.000
804	1672.000	0.000
804	1673.000	0.000
804	1674.000	0.000
804	1675.000	0.000
804	1676.000	0.000
804	1677.000	0.000
804	1678.000	0.000
804	1679.000	0.000
804	1680.000	0.000
804	1681.000	0.000
804	1682.000	0.000
804	1683.000	0.000
804	1684.000	0.000
804	1685.000	0.000
804	1686.000	0.000
804	1687.000	0.000
804	1688.000	0.000
804	1689.000	0.000
804	1690.000	0.000
804	1691.000	0.000
804	1692.000	0.000
804	1693.000	0.000
804	1694.000	0.000
804	1695.000	0.000
804	1696.000	0.000
804	1697.000	0.000
804	1698.000	0.000
804	1699.000	0.000
804	1700.000	0.000
804	1701.000	0.000
804	1702.000	0.000
804	1703.000	0.000
804	1704.000	0.000
804	1705.000	0.000
804	1706.000	0.000
804	1707.000	0.000
804	1708.000	0.000
804	1709.000	0.000
804	1710.000	0.000
804	1711.000	0.000
804	1712.000	0.000
804	1713.000	0.000
804	1714.000	0.000
804	1715.000	0.000
804	1716.000	0.000
804	1717.000	0.000
804	1718.000	0.000
804	1719.000	0.000
804	1720.000	0.000
804	1721.000	0.000
804	1722.000	0.000
804	1723.000	0.000
804	1724.000	0.000
804	1725.000	0.000
804	1726.000	0.000
804	1727.000	0.000
804	1728.000	0.000
804	1729.000	0.000
804	1730.000	0.000
804	1731.000	0.000
804	1732.000	0.000
804	1733.000	0.000
804	1734.000	0.000
804	1735.000	0.000
804	1736.000	0.000
804	1737.000	0.000
804	1738.000	0.000
804	1739.000	0.000
804	1740.000	0.000
804	1741.000	0.000
804	1742.000	0.000
804	1743.000	0.000
804	1744.000	0.000
804	1745.000	0.000
804	1746.000	0.000
804	1747.000	0.000
804	1748.000	0.000
804	1749.000	0.000
804	1750.000	0.000
804	1751.000	0.000
804	1752.000	0.000
804	1753.000	0.000
804	1754.000	0.000
804	1755.000	0.000
804	1756.000	0.000
804	1757.000	0.000
804	1758.000	0.000
804	1759.000	0.000
804	1760.000	0.000
804	1761.000	0.000
804	1762.000	0.000
804	1763.000	0.000
804	1764.000	0.000
804	1765.000	0.000
804	1766.000	0.000
804	1767.000	0.000
804	1768.000	0.000
804	1769.000	0.000
804	1770.000	0.000
804	1771.000	0.000
804	1772.000	0.000
804	1773.000	0.000
804	1774.000	0.000
804	1775.000	0.000
804	1776.000	0.000
804	1777.000	0.000
804	1778.000	0.000
804	1779.000	0.000
804	1780.000	0.000
804	1781.000	0.000
804	1782.000	0.000
804	1783.000	0.000
804	1784.000	0.000
804	1785.000	0.000
804	1786.000	0.000
804	1787.000	0.000
804	1788.000	0.000
804	1789.000	0.000
804	1790.000	0.000
804	1791.000	0.000
804	1792.000	0.000
804	1793.000	0.000
804	1794.000	0.000
804	1795.000	0.000
804	1796.000	0.000
804	1797.000	0.000
804	1798.000	0.000
804	1799.000	0.000
804	1800.000	0.000
804	1801.000	0.000
804	1802.000	0.000
804	1803.000	0.000
804	1804.000	0.000
804	1805.000	0.000
804	1806.000	0.000
804	1807.000	0.000
804	1808.000	0.000
804	1809.000	0.000
804	1810.000	0.000
804	1811.000	0.000
804	1812.000	0.000
804	1813.000	0.000
804	1814.000	0.000
804	1815.000	0.000
804	1816.000	0.000
804	1817.000	0.000
804	1818.000	0.000
804	1819.000	0.000
804	1820.000	0.000
804	1821.000	0.000
804	1822.000	0.000
804	1823.000	0.000
804	1824.000	0.000
804	1825.000	0.000
804	1826.000	0.000
804	1827.000	0.000
804	1828.000	0.000
804	1829.000	0.000
804	1830.000	0.000
804	1831.000	0.000
804	1832.000	0.000
804	1833.000	0.000
804	1834.000	0.000
804	1835.000	0.000
804	1836.000	0.000
804	1837.000	0.000
804	1838.000	0.000
804	1839.000	0.000
804	1840.000	0.000
804	1841.000	0.000
804	1842.000	0.000
804	1843.000	0.000
804	1844.000	0.000
804	1845.000	0.000
804	1846.000	0.000
804	1847.000	0.000
804	1848.000	0.000
804	1849.000	0.000
804	1850.000	0.000
804	1851.000	0.000
804	1852.000	0.000
804	1853.000	0.000
804	1854.000	0.000
804	1855.000	0.000
804	1856.000	0.000
804	1857.000	0.000
804	1858.000	0.000
804	1859.000	0.000
804	1860.000	0.000
804	1861.000	0.000
804	1862.000	0.000
804	1863.000	0.000
804	1864.000	0.000
804	1865.000	0.000
804	1866.000	0.000
804	1867.000	0.000
804	1868.000	0.000
804	1869.000	0.000
804	1870.000	0.000
804	1871.000	0.000
804	1872.000	0.000
804	1873.000	0.000
804	1874.000	0.000
804	1875.000	0.000
804	1876.000	0.000
804	1877.000	0.000
804	1878.000	0.000
804	1879.000	0.000
804	1880.000	0.000
804	1881.000	0.000
804	1882.000	0.000
804	1883.000	0.000
804	1884.000	0.000
804	1885.000	0.000
804	1886.000	0.000
804	1887.000	0.000
804	1888.000	0.000
804	1889.000	0.000
804	1890.000	0.000
804	1891.000	0.000
804	1892.000	0.000
804	1893.000	0.000
804	1894.000	0.000
804	1895.000	0.000
804	1896.000	0.000
804	1897.000	0.000
804	1898.000	0.000
804	1899.000	0.000
804	1900.000	0.000
804	1901.000	0.000
804	1902.000	0.000
804	1903.000	0.000
804	1904.000	0.000
804	1905.000	0.000
804	1906.000	0.000
804	1907.000	0.000
804	1908.000	0.000
804	1909.000	0.000
804	1910.000	0.000
804	1911.000	0.000
804	1912.000	0.000
804	1913.000	0.000
804	1914.000	0.000
804	1915.000	0.000
804	1916.000	0.000
804	1917.000	0.000
804	1918.000	0.000
804	1919.000	0.000
804	1920.000	0.000
804	1921.000	0.000
804	1922.000	0.000
804	1923.000	0.000
804	1924.000	0.000
804	1925.000	0.000
804	1926.000	0.000
804	1927.000	0.000
804	1928.000	0.000
804	1929.000	0.000
804	1930.000	0.000
804	1931.000	0.000
804	1932.000	0.000
804	1933.000	0.000
804	1934.000	0.000
804	1935.000	0.000
804	1936.000	0.000
804	1937.000	0.000
804	1938.000	0.000
804	1939.000	0.000
804	1940.000	0.000
804	1941.000	0.000
804	1942.000	0.000
804	1943.000	0.000
804	1944.000	0.000
804	1945.000	0.000
804	1946.000	0.000
804	1947.000	0.000
804	1948.000	0.000
804	1949.000	0.000
804	1950.000	0.000
804	1951.000	0.000
804	1952.000	0.000
804	1953.000	0.000
804	1954.000	0.000
804	1955.000	0.000
804	1956.000	0.000
804	1957.000	0.000
804	1958.000	0.000
804	1959.000	0.000
804	1960.000	0.000
804	1961.000	0.000
804	1962.000	0.000
804	1963.000	0.000
804	1964.000	0.000
804	1965.000	0.000
804	1966.000	0.000
804	1967.000	0.000
804	1968.000	0.000
804	1969.000	0.000
804	1970.000	0.000
804	1971.000	0.000
804	1972.000	0.000
804	1973.000	0.000
804	1974.000	0.000
804	1975.000	0.000
804	1976.000	0.000
804	1977.000	0.000
804	1978.000	0.000
804	1979.000	0.000
804	1980.000	0.000
804	1981.000	0.000
804	1982.000	0.000
804	1983.000	0.000
804	1984.000	0.000
804	1985.000	0.000
804	1986.000	0.000
804	1987.000	0.000
804	1988.000	0.000
804	1989.000	0.000
804	1990.000	0.000
804	1991.000	0.000
804	1992.000	0.000
804	1993.000	0.000
804	1994.000	0.000
804	1995.000	0.000
804	1996.000	0.000
804	1997.000	0.000
804	1998.000	0.000
804	1999.000	0.000
804	2000.000	0.000
