# NEST version: UNKNOWN
# RecordingBackendASCII version: 2
sender	time_ms	V_m
5	1.000	-58.807
5	2.000	-59.072
5	3.000	-59.323
5	4.000	-59.563
5	5.000	-59.791
5	6.000	-60.008
5	7.000	-60.215
5	8.000	-60.411
5	9.000	-60.598
5	10.000	-60.776
5	11.000	-60.946
5	12.000	-61.107
5	13.000	-61.260
5	14.000	-61.406
5	15.000	-61.545
5	16.000	-61.677
5	17.000	-61.803
5	18.000	-61.923
5	19.000	-62.037
5	20.000	-62.145
5	21.000	-62.248
5	22.000	-62.346
5	23.000	-62.440
5	24.000	-62.528
5	25.000	-62.613
5	26.000	-62.693
5	27.000	-62.770
5	28.000	-62.843
5	29.000	-62.912
5	30.000	-62.978
5	31.000	-63.041
5	32.000	-63.100
5	33.000	-63.157
5	34.000	-63.211
5	35.000	-63.143
5	36.000	-62.739
5	37.000	-62.365
5	38.000	-62.092
5	39.000	-61.899
5	40.000	-61.771
5	41.000	-61.605
5	42.000	-61.317
5	43.000	-61.120
5	44.000	-60.727
5	45.000	-60.367
5	46.000	-59.945
5	47.000	-59.395
5	48.000	-59.014
5	49.000	-58.766
5	50.000	-58.623
5	51.000	-58.562
5	52.000	-58.536
5	53.000	-58.337
5	54.000	-58.125
5	55.000	-57.869
5	56.000	-57.728
5	57.000	-57.676
5	58.000	-57.694
5	59.000	-57.765
5	60.000	-57.878
5	61.000	-57.938
5	62.000	-57.868
5	63.000	-57.653
5	64.000	-57.255
5	65.000	-56.875
5	66.000	-56.530
5	67.000	-56.200
5	68.000	-55.900
5	69.000	-55.741
5	70.000	-55.693
5	71.000	-55.730
5	72.000	-55.834
5	73.000	-55.988
5	74.000	-55.977
5	75.000	-55.997
5	76.000	-56.085
5	77.000	-56.225
5	78.000	-56.272
5	79.000	-55.589
5	80.000	-54.995
5	81.000	-54.457
5	82.000	-54.127
5	83.000	-53.960
5	84.000	-53.919
5	85.000	-53.976
5	86.000	-54.110
5	87.000	-54.301
5	88.000	-54.537
5	89.000	-54.805
5	90.000	-55.097
5	91.000	-55.404
5	92.000	-55.721
5	93.000	-56.043
5	94.000	-56.232
5	95.000	-56.087
5	96.000	-55.845
5	97.000	-55.686
5	98.000	-55.639
5	99.000	-55.678
5	100.000	-55.783
5	101.000	-55.760
5	102.000	-55.749
5	103.000	-55.815
5	104.000	-55.940
5	105.000	-56.110
5	106.000	-56.314
5	107.000	-56.543
5	108.000	-56.789
5	109.000	-56.990
5	110.000	-57.015
5	111.000	-57.098
5	112.000	-57.225
5	113.000	-57.252
5	114.000	-57.216
5	115.000	-57.195
5	116.000	-57.044
5	117.000	-56.991
5	118.000	-56.763
5	119.000	-56.653
5	120.000	-56.635
5	121.000	-56.606
5	122.000	-56.483
5	123.000	-56.375
5	124.000	-56.193
5	125.000	-56.123
5	126.000	-56.141
5	127.000	-56.225
5	128.000	-56.362
5	129.000	-56.537
5	130.000	-56.742
5	131.000	-56.967
5	132.000	-57.207
5	133.000	-57.456
5	134.000	-57.710
5	135.000	-57.830
5	136.000	-57.860
5	137.000	-57.941
5	138.000	-58.059
5	139.000	-58.206
5	140.000	-58.317
5	141.000	-58.255
5	142.000	-58.261
5	143.000	-58.207
5	144.000	-58.073
5	145.000	-57.996
5	146.000	-57.765
5	147.000	-57.643
5	148.000	-57.608
5	149.000	-57.639
5	150.000	-57.722
5	151.000	-57.845
5	152.000	-57.996
5	153.000	-58.170
5	154.000	-58.359
5	155.000	-58.559
5	156.000	-58.765
5	157.000	-58.974
5	158.000	-59.184
5	159.000	-59.392
5	160.000	-59.598
5	161.000	-59.660
5	162.000	-59.626
5	163.000	-59.640
5	164.000	-59.502
5	165.000	-59.151
5	166.000	-58.879
5	167.000	-58.504
5	168.000	-58.220
5	169.000	-58.053
5	170.000	-57.771
5	171.000	-57.564
5	172.000	-57.463
5	173.000	-57.445
5	174.000	-57.463
5	175.000	-57.313
5	176.000	-57.258
5	177.000	-57.070
5	178.000	-56.943
5	179.000	-56.728
5	180.000	-56.559
5	181.000	-56.497
5	182.000	-56.517
5	183.000	-56.443
5	184.000	-56.116
5	185.000	-55.934
5	186.000	-55.867
5	187.000	-55.758
5	188.000	-55.633
5	189.000	-55.612
5	190.000	-55.671
5	191.000	-55.793
5	192.000	-55.962
5	193.000	-56.166
5	194.000	-56.397
5	195.000	-56.646
5	196.000	-56.907
5	197.000	-57.066
5	198.000	-57.111
5	199.000	-57.208
5	200.000	-57.347
5	201.000	-57.516
5	202.000	-57.707
5	203.000	-57.913
5	204.000	-57.875
5	205.000	-57.693
5	206.000	-57.565
5	207.000	-57.525
5	208.000	-57.301
5	209.000	-57.161
5	210.000	-56.892
5	211.000	-56.750
5	212.000	-56.706
5	213.000	-56.739
5	214.000	-56.581
5	215.000	-56.526
5	216.000	-56.552
5	217.000	-56.641
5	218.000	-56.777
5	219.000	-56.743
5	220.000	-56.738
5	221.000	-56.801
5	222.000	-56.782
5	223.000	-56.717
5	224.000	-56.575
5	225.000	-56.441
5	226.000	-56.352
5	227.000	-56.159
5	228.000	-56.081
5	229.000	-56.093
5	230.000	-56.093
5	231.000	-55.999
5	232.000	-55.774
5	233.000	-55.523
5	234.000	-55.291
5	235.000	-55.190
5	236.000	-55.192
5	237.000	-55.272
5	238.000	-55.414
5	239.000	-55.602
5	240.000	-55.824
5	241.000	-56.071
5	242.000	-56.336
5	243.000	-56.613
5	244.000	-56.896
5	245.000	-57.182
5	246.000	-57.467
5	247.000	-57.750
5	248.000	-58.028
5	249.000	-58.272
5	250.000	-58.150
5	251.000	-57.757
5	252.000	-57.407
5	253.000	-56.274
5	254.000	-54.998
5	255.000	-53.957
5	256.000	-53.164
5	257.000	-52.622
5	258.000	-52.096
5	259.000	-52.323
5	260.000	-52.447
5	261.000	-52.641
5	262.000	-52.434
5	263.000	-52.286
5	264.000	-52.501
5	265.000	-52.761
5	266.000	-52.979
5	267.000	-53.085
5	268.000	-53.261
5	269.000	-53.490
5	270.000	-53.759
5	271.000	-54.057
5	272.000	-54.226
5	273.000	-54.355
5	274.000	-54.541
5	275.000	-54.770
5	276.000	-54.810
5	277.000	-54.903
5	278.000	-55.056
5	279.000	-55.256
5	280.000	-55.490
5	281.000	-55.750
5	282.000	-56.027
5	283.000	-56.315
5	284.000	-56.610
5	285.000	-56.879
5	286.000	-56.931
5	287.000	-56.785
5	288.000	-56.739
5	289.000	-56.770
5	290.000	-56.860
5	291.000	-56.996
5	292.000	-57.166
5	293.000	-57.361
5	294.000	-57.575
5	295.000	-57.800
5	296.000	-57.872
5	297.000	-57.891
5	298.000	-57.962
5	299.000	-58.073
5	300.000	-58.158
5	301.000	-58.079
5	302.000	-58.073
5	303.000	-58.123
5	304.000	-58.055
5	305.000	-57.963
5	306.000	-57.839
5	307.000	-57.654
5	308.000	-57.570
5	309.000	-57.312
5	310.000	-57.174
5	311.000	-57.130
5	312.000	-57.159
5	313.000	-57.245
5	314.000	-57.374
5	315.000	-57.536
5	316.000	-57.722
5	317.000	-57.925
5	318.000	-58.139
5	319.000	-58.361
5	320.000	-58.586
5	321.000	-58.812
5	322.000	-59.038
5	323.000	-59.147
5	324.000	-58.966
5	325.000	-58.777
5	326.000	-58.679
5	327.000	-58.654
5	328.000	-58.685
5	329.000	-58.758
5	330.000	-58.865
5	331.000	-58.996
5	332.000	-59.007
5	333.000	-58.941
5	334.000	-58.879
5	335.000	-58.678
5	336.000	-58.573
5	337.000	-58.542
5	338.000	-58.407
5	339.000	-57.938
5	340.000	-57.444
5	341.000	-57.124
5	342.000	-56.833
5	343.000	-56.531
5	344.000	-56.367
5	345.000	-56.310
5	346.000	-56.336
5	347.000	-56.427
5	348.000	-56.566
5	349.000	-56.743
5	350.000	-56.948
5	351.000	-57.172
5	352.000	-57.410
5	353.000	-57.656
5	354.000	-57.746
5	355.000	-57.779
5	356.000	-57.609
5	357.000	-57.054
5	358.000	-56.669
5	359.000	-56.440
5	360.000	-56.277
5	361.000	-55.782
5	362.000	-55.476
5	363.000	-55.290
5	364.000	-54.834
5	365.000	-54.347
5	366.000	-53.797
5	367.000	-53.164
5	368.000	-52.771
5	369.000	-52.564
5	370.000	-52.451
5	371.000	-52.283
5	372.000	-52.253
5	373.000	-52.331
5	374.000	-52.494
5	375.000	-52.722
5	376.000	-52.876
5	377.000	-52.984
5	378.000	-53.165
5	379.000	-53.200
5	380.000	-53.055
5	381.000	-52.746
5	382.000	-52.429
5	383.000	-52.283
5	384.000	-52.271
5	385.000	-52.363
5	386.000	-52.537
5	387.000	-52.773
5	388.000	-53.057
5	389.000	-53.349
5	390.000	-53.463
5	391.000	-53.645
5	392.000	-53.730
5	393.000	-53.799
5	394.000	-53.944
5	395.000	-54.147
5	396.000	-54.394
5	397.000	-54.521
5	398.000	-54.616
5	399.000	-54.775
5	400.000	-54.928
5	401.000	-54.940
5	402.000	-55.031
5	403.000	-55.184
5	404.000	-55.277
5	405.000	-55.410
5	406.000	-56.007
5	407.000	-56.534
5	408.000	-57.005
5	409.000	-57.430
5	410.000	-57.818
5	411.000	-58.174
5	412.000	-58.294
5	413.000	-58.207
5	414.000	-58.124
5	415.000	-57.905
5	416.000	-57.749
5	417.000	-57.686
5	418.000	-57.536
5	419.000	-57.386
5	420.000	-56.991
5	421.000	-56.590
5	422.000	-56.350
5	423.000	-56.235
5	424.000	-56.217
5	425.000	-56.274
5	426.000	-56.390
5	427.000	-56.549
5	428.000	-56.742
5	429.000	-56.959
5	430.000	-57.192
5	431.000	-57.437
5	432.000	-57.689
5	433.000	-57.944
5	434.000	-58.199
5	435.000	-58.453
5	436.000	-58.702
5	437.000	-58.947
5	438.000	-59.185
5	439.000	-59.416
5	440.000	-59.641
5	441.000	-59.857
5	442.000	-60.066
5	443.000	-60.267
5	444.000	-60.401
5	445.000	-60.332
5	446.000	-60.200
5	447.000	-59.984
5	448.000	-59.856
5	449.000	-59.796
5	450.000	-59.790
5	451.000	-59.826
5	452.000	-59.895
5	453.000	-59.987
5	454.000	-60.098
5	455.000	-59.717
5	456.000	-59.276
5	457.000	-58.884
5	458.000	-58.395
5	459.000	-58.049
5	460.000	-57.837
5	461.000	-57.731
5	462.000	-57.707
5	463.000	-57.562
5	464.000	-57.441
5	465.000	-57.408
5	466.000	-57.444
5	467.000	-57.533
5	468.000	-57.662
5	469.000	-57.822
5	470.000	-58.003
5	471.000	-57.692
5	472.000	-56.688
5	473.000	-55.805
5	474.000	-55.205
5	475.000	-54.397
5	476.000	-53.330
5	477.000	-52.380
5	478.000	-51.699
5	479.000	-51.096
5	480.000	-50.731
5	481.000	-50.551
5	482.000	-50.519
5	483.000	-50.317
5	484.000	-49.876
5	485.000	-49.633
5	486.000	-49.429
5	487.000	-49.267
5	488.000	-49.246
5	489.000	-49.135
5	490.000	-49.135
5	491.000	-49.246
5	492.000	-49.449
5	493.000	-49.589
5	494.000	-49.731
5	495.000	-49.776
5	496.000	-49.721
5	497.000	-49.535
5	498.000	-49.237
5	499.000	-49.102
5	500.000	-49.054
5	501.000	-48.724
5	502.000	-48.557
5	503.000	-48.523
5	504.000	-48.603
5	505.000	-48.779
5	506.000	-49.039
5	507.000	-49.368
5	508.000	-49.753
5	509.000	-50.182
5	510.000	-50.453
5	511.000	-50.518
5	512.000	-50.680
5	513.000	-50.921
5	514.000	-51.222
5	515.000	-51.362
5	516.000	-51.559
5	517.000	-51.796
5	518.000	-51.883
5	519.000	-52.056
5	520.000	-52.128
5	521.000	-52.224
5	522.000	-52.402
5	523.000	-52.642
5	524.000	-52.931
5	525.000	-53.255
5	526.000	-53.604
5	527.000	-53.821
5	528.000	-53.993
5	529.000	-54.216
5	530.000	-54.479
5	531.000	-54.691
5	532.000	-54.777
5	533.000	-54.928
5	534.000	-55.127
5	535.000	-55.336
5	536.000	-55.361
5	537.000	-55.458
5	538.000	-55.612
5	539.000	-55.809
5	540.000	-56.036
5	541.000	-56.287
5	542.000	-56.553
5	543.000	-56.829
5	544.000	-57.111
5	545.000	-57.394
5	546.000	-57.676
5	547.000	-57.701
5	548.000	-57.779
5	549.000	-57.897
5	550.000	-58.047
5	551.000	-58.219
5	552.000	-58.407
5	553.000	-58.607
5	554.000	-58.813
5	555.000	-59.023
5	556.000	-59.234
5	557.000	-59.444
5	558.000	-59.651
5	559.000	-59.854
5	560.000	-60.053
5	561.000	-60.079
5	562.000	-60.039
5	563.000	-59.933
5	564.000	-59.739
5	565.000	-59.631
5	566.000	-59.559
5	567.000	-59.314
5	568.000	-59.169
5	569.000	-58.866
5	570.000	-58.470
5	571.000	-58.146
5	572.000	-57.952
5	573.000	-57.858
5	574.000	-57.843
5	575.000	-57.889
5	576.000	-57.982
5	577.000	-58.110
5	578.000	-58.266
5	579.000	-58.441
5	580.000	-58.630
5	581.000	-58.828
5	582.000	-59.031
5	583.000	-59.236
5	584.000	-59.442
5	585.000	-59.588
5	586.000	-59.539
5	587.000	-59.544
5	588.000	-59.591
5	589.000	-59.670
5	590.000	-59.773
5	591.000	-59.836
5	592.000	-59.720
5	593.000	-59.351
5	594.000	-58.907
5	595.000	-58.614
5	596.000	-58.438
5	597.000	-58.355
5	598.000	-58.344
5	599.000	-58.388
5	600.000	-58.447
5	601.000	-58.317
5	602.000	-58.240
5	603.000	-58.008
5	604.000	-57.885
5	605.000	-57.847
5	606.000	-57.875
5	607.000	-57.954
5	608.000	-58.073
5	609.000	-58.220
5	610.000	-58.390
5	611.000	-58.575
5	612.000	-58.770
5	613.000	-58.972
5	614.000	-59.177
5	615.000	-59.383
5	616.000	-59.588
5	617.000	-59.790
5	618.000	-59.988
5	619.000	-60.181
5	620.000	-60.370
5	621.000	-60.552
5	622.000	-60.613
5	623.000	-60.541
5	624.000	-60.520
5	625.000	-60.344
5	626.000	-60.171
5	627.000	-60.075
5	628.000	-60.038
5	629.000	-60.048
5	630.000	-59.928
5	631.000	-59.776
5	632.000	-59.700
5	633.000	-59.492
5	634.000	-59.064
5	635.000	-58.621
5	636.000	-58.210
5	637.000	-57.947
5	638.000	-57.801
5	639.000	-57.746
5	640.000	-57.734
5	641.000	-57.557
5	642.000	-57.481
5	643.000	-57.483
5	644.000	-57.254
5	645.000	-56.926
5	646.000	-56.581
5	647.000	-56.292
5	648.000	-56.139
5	649.000	-56.094
5	650.000	-56.131
5	651.000	-56.232
5	652.000	-56.383
5	653.000	-56.463
5	654.000	-56.452
5	655.000	-56.514
5	656.000	-56.631
5	657.000	-56.791
5	658.000	-56.899
5	659.000	-56.798
5	660.000	-56.383
5	661.000	-55.873
5	662.000	-55.555
5	663.000	-55.387
5	664.000	-55.335
5	665.000	-55.374
5	666.000	-55.483
5	667.000	-55.646
5	668.000	-55.795
5	669.000	-55.688
5	670.000	-55.334
5	671.000	-54.860
5	672.000	-54.579
5	673.000	-54.446
5	674.000	-54.429
5	675.000	-54.503
5	676.000	-54.646
5	677.000	-54.842
5	678.000	-55.078
5	679.000	-55.343
5	680.000	-55.629
5	681.000	-55.929
5	682.000	-56.236
5	683.000	-56.548
5	684.000	-56.804
5	685.000	-56.875
5	686.000	-56.756
5	687.000	-56.471
5	688.000	-56.320
5	689.000	-56.274
5	690.000	-56.310
5	691.000	-56.409
5	692.000	-56.556
5	693.000	-56.739
5	694.000	-56.815
5	695.000	-56.596
5	696.000	-56.286
5	697.000	-55.810
5	698.000	-55.518
5	699.000	-55.370
5	700.000	-55.335
5	701.000	-55.387
5	702.000	-55.505
5	703.000	-55.675
5	704.000	-55.884
5	705.000	-56.121
5	706.000	-56.378
5	707.000	-56.400
5	708.000	-56.487
5	709.000	-56.376
5	710.000	-56.332
5	711.000	-56.094
5	712.000	-55.636
5	713.000	-55.269
5	714.000	-55.066
5	715.000	-54.990
5	716.000	-55.013
5	717.000	-55.113
5	718.000	-55.271
5	719.000	-55.475
5	720.000	-55.711
5	721.000	-55.971
5	722.000	-56.247
5	723.000	-56.534
5	724.000	-56.827
5	725.000	-56.939
5	726.000	-56.941
5	727.000	-56.839
5	728.000	-56.826
5	729.000	-56.750
5	730.000	-56.401
5	731.000	-55.721
5	732.000	-55.254
5	733.000	-54.973
5	734.000	-54.838
5	735.000	-54.817
5	736.000	-54.884
5	737.000	-54.915
5	738.000	-54.883
5	739.000	-54.941
5	740.000	-55.069
5	741.000	-55.249
5	742.000	-55.470
5	743.000	-55.720
5	744.000	-55.789
5	745.000	-55.792
5	746.000	-55.705
5	747.000	-55.714
5	748.000	-55.690
5	749.000	-55.609
5	750.000	-55.622
5	751.000	-55.710
5	752.000	-55.799
5	753.000	-55.752
5	754.000	-55.792
5	755.000	-55.898
5	756.000	-55.808
5	757.000	-55.814
5	758.000	-55.866
5	759.000	-55.763
5	760.000	-55.704
5	761.000	-55.544
5	762.000	-55.497
5	763.000	-55.384
5	764.000	-55.285
5	765.000	-55.289
5	766.000	-55.193
5	767.000	-55.133
5	768.000	-55.038
5	769.000	-54.933
5	770.000	-54.933
5	771.000	-55.016
5	772.000	-55.010
5	773.000	-54.996
5	774.000	-55.068
5	775.000	-55.205
5	776.000	-55.392
5	777.000	-55.616
5	778.000	-55.868
5	779.000	-56.139
5	780.000	-56.368
5	781.000	-56.422
5	782.000	-56.534
5	783.000	-56.691
5	784.000	-56.880
5	785.000	-57.094
5	786.000	-57.325
5	787.000	-57.567
5	788.000	-57.816
5	789.000	-58.068
5	790.000	-58.320
5	791.000	-58.571
5	792.000	-58.629
5	793.000	-58.598
5	794.000	-58.424
5	795.000	-58.175
5	796.000	-57.693
5	797.000	-57.381
5	798.000	-57.120
5	799.000	-56.813
5	800.000	-56.643
5	801.000	-56.580
5	802.000	-56.373
5	803.000	-56.261
5	804.000	-56.115
5	805.000	-55.958
5	806.000	-55.577
5	807.000	-55.051
5	808.000	-54.638
5	809.000	-54.253
5	810.000	-53.955
5	811.000	-53.815
5	812.000	-53.797
5	813.000	-53.875
5	814.000	-53.810
5	815.000	-53.829
5	816.000	-53.699
5	817.000	-53.689
5	818.000	-53.774
5	819.000	-53.932
5	820.000	-54.146
5	821.000	-54.402
5	822.000	-54.688
5	823.000	-54.996
5	824.000	-55.319
5	825.000	-55.622
5	826.000	-55.717
5	827.000	-55.867
5	828.000	-56.059
5	829.000	-56.226
5	830.000	-56.235
5	831.000	-56.313
5	832.000	-56.445
5	833.000	-56.281
5	834.000	-56.065
5	835.000	-55.971
5	836.000	-55.918
5	837.000	-55.759
5	838.000	-55.712
5	839.000	-55.515
5	840.000	-55.188
5	841.000	-55.015
5	842.000	-54.964
5	843.000	-55.006
5	844.000	-55.121
5	845.000	-55.291
5	846.000	-55.503
5	847.000	-55.568
5	848.000	-55.428
5	849.000	-55.354
5	850.000	-55.375
5	851.000	-55.471
5	852.000	-55.518
5	853.000	-55.493
5	854.000	-55.351
5	855.000	-55.222
5	856.000	-55.013
5	857.000	-54.934
5	858.000	-54.954
5	859.000	-55.053
5	860.000	-55.211
5	861.000	-55.415
5	862.000	-55.652
5	863.000	-55.913
5	864.000	-55.944
5	865.000	-56.043
5	866.000	-56.192
5	867.000	-56.381
5	868.000	-56.350
5	869.000	-56.341
5	870.000	-56.212
5	871.000	-56.184
5	872.000	-56.234
5	873.000	-56.345
5	874.000	-56.503
5	875.000	-56.694
5	876.000	-56.911
5	877.000	-57.012
5	878.000	-57.038
5	879.000	-57.123
5	880.000	-57.253
5	881.000	-57.418
5	882.000	-57.607
5	883.000	-57.815
5	884.000	-57.825
5	885.000	-57.845
5	886.000	-57.734
5	887.000	-57.637
5	888.000	-57.622
5	889.000	-57.670
5	890.000	-57.631
5	891.000	-57.542
5	892.000	-57.534
5	893.000	-57.588
5	894.000	-57.690
5	895.000	-57.669
5	896.000	-57.617
5	897.000	-57.637
5	898.000	-57.713
5	899.000	-57.831
5	900.000	-57.980
5	901.000	-58.154
5	902.000	-58.344
5	903.000	-58.546
5	904.000	-58.755
5	905.000	-58.967
5	906.000	-59.124
5	907.000	-58.977
5	908.000	-58.763
5	909.000	-58.648
5	910.000	-58.581
5	911.000	-58.165
5	912.000	-57.830
5	913.000	-57.241
5	914.000	-56.735
5	915.000	-56.412
5	916.000	-56.234
5	917.000	-56.012
5	918.000	-55.716
5	919.000	-55.425
5	920.000	-55.279
5	921.000	-55.245
5	922.000	-55.299
5	923.000	-55.421
5	924.000	-55.349
5	925.000	-55.373
5	926.000	-55.391
5	927.000	-55.319
5	928.000	-55.343
5	929.000	-55.113
5	930.000	-54.858
5	931.000	-54.743
5	932.000	-54.738
5	933.000	-54.740
5	934.000	-54.663
5	935.000	-54.660
5	936.000	-54.530
5	937.000	-54.461
5	938.000	-54.307
5	939.000	-54.276
5	940.000	-54.339
5	941.000	-54.476
5	942.000	-54.428
5	943.000	-54.478
5	944.000	-54.602
5	945.000	-54.785
5	946.000	-54.984
5	947.000	-55.005
5	948.000	-55.104
5	949.000	-55.262
5	950.000	-55.257
5	951.000	-55.054
5	952.000	-54.978
5	953.000	-55.001
5	954.000	-55.101
5	955.000	-55.131
5	956.000	-54.879
5	957.000	-54.688
5	958.000	-54.463
5	959.000	-54.375
5	960.000	-54.393
5	961.000	-54.495
5	962.000	-54.660
5	963.000	-54.874
5	964.000	-55.124
5	965.000	-55.399
5	966.000	-55.693
5	967.000	-55.998
5	968.000	-56.204
5	969.000	-56.294
5	970.000	-56.435
5	971.000	-56.389
5	972.000	-56.401
5	973.000	-56.300
5	974.000	-56.225
5	975.000	-56.239
5	976.000	-56.322
5	977.000	-56.458
5	978.000	-56.633
5	979.000	-56.838
5	980.000	-57.064
5	981.000	-57.305
5	982.000	-57.555
5	983.000	-57.810
5	984.000	-58.068
5	985.000	-58.324
5	986.000	-58.578
5	987.000	-58.828
5	988.000	-59.014
5	989.000	-59.004
5	990.000	-59.045
5	991.000	-58.881
5	992.000	-58.527
5	993.000	-58.249
5	994.000	-57.890
5	995.000	-57.670
5	996.000	-57.451
5	997.000	-57.199
5	998.000	-57.067
5	999.000	-57.031
5	1000.000	-57.067
5	1001.000	-56.909
5	1002.000	-56.853
5	1003.000	-56.876
5	1004.000	-56.778
5	1005.000	-56.474
5	1006.000	-56.287
5	1007.000	-56.082
5	1008.000	-55.881
5	1009.000	-55.800
5	1010.000	-55.813
5	1011.000	-55.899
5	1012.000	-56.012
5	1013.000	-55.955
5	1014.000	-55.984
5	1015.000	-55.926
5	1016.000	-55.757
5	1017.000	-55.409
5	1018.000	-55.129
5	1019.000	-54.993
5	1020.000	-54.866
5	1021.000	-54.686
5	1022.000	-54.418
5	1023.000	-54.297
5	1024.000	-54.291
5	1025.000	-54.201
5	1026.000	-54.100
5	1027.000	-53.771
5	1028.000	-53.289
5	1029.000	-52.912
5	1030.000	-52.533
5	1031.000	-52.158
5	1032.000	-51.970
5	1033.000	-51.926
5	1034.000	-51.997
5	1035.000	-52.156
5	1036.000	-52.174
5	1037.000	-52.271
5	1038.000	-52.217
5	1039.000	-52.278
5	1040.000	-52.403
5	1041.000	-52.370
5	1042.000	-52.214
5	1043.000	-51.780
5	1044.000	-51.527
5	1045.000	-51.434
5	1046.000	-51.468
5	1047.000	-51.603
5	1048.000	-51.462
5	1049.000	-51.353
5	1050.000	-51.210
5	1051.000	-51.142
5	1052.000	-51.197
5	1053.000	-51.349
5	1054.000	-51.578
5	1055.000	-51.866
5	1056.000	-52.198
5	1057.000	-52.563
5	1058.000	-52.952
5	1059.000	-53.278
5	1060.000	-53.470
5	1061.000	-53.714
5	1062.000	-53.997
5	1063.000	-54.231
5	1064.000	-54.339
5	1065.000	-54.408
5	1066.000	-54.411
5	1067.000	-54.501
5	1068.000	-54.657
5	1069.000	-54.863
5	1070.000	-55.107
5	1071.000	-55.379
5	1072.000	-55.669
5	1073.000	-55.973
5	1074.000	-56.229
5	1075.000	-56.093
5	1076.000	-55.780
5	1077.000	-55.614
5	1078.000	-55.562
5	1079.000	-55.600
5	1080.000	-55.679
5	1081.000	-55.519
5	1082.000	-55.308
5	1083.000	-55.225
5	1084.000	-55.240
5	1085.000	-55.333
5	1086.000	-55.135
5	1087.000	-54.750
5	1088.000	-54.470
5	1089.000	-54.341
5	1090.000	-54.328
5	1091.000	-54.405
5	1092.000	-54.552
5	1093.000	-54.753
5	1094.000	-54.993
5	1095.000	-55.263
5	1096.000	-55.553
5	1097.000	-55.857
5	1098.000	-56.169
5	1099.000	-56.485
5	1100.000	-56.801
5	1101.000	-57.114
5	1102.000	-57.423
5	1103.000	-57.726
5	1104.000	-58.021
5	1105.000	-58.142
5	1106.000	-57.944
5	1107.000	-57.849
5	1108.000	-57.833
5	1109.000	-57.878
5	1110.000	-57.811
5	1111.000	-57.723
5	1112.000	-57.714
5	1113.000	-57.478
5	1114.000	-57.005
5	1115.000	-56.588
5	1116.000	-55.908
5	1117.000	-55.395
5	1118.000	-55.025
5	1119.000	-54.606
5	1120.000	-54.156
5	1121.000	-53.897
5	1122.000	-53.788
5	1123.000	-53.795
5	1124.000	-53.892
5	1125.000	-53.885
5	1126.000	-53.906
5	1127.000	-54.013
5	1128.000	-54.187
5	1129.000	-54.307
5	1130.000	-54.352
5	1131.000	-54.300
5	1132.000	-54.282
5	1133.000	-54.356
5	1134.000	-54.501
5	1135.000	-54.700
5	1136.000	-54.940
5	1137.000	-55.209
5	1138.000	-55.472
5	1139.000	-55.538
5	1140.000	-55.667
5	1141.000	-55.844
5	1142.000	-55.878
5	1143.000	-55.911
5	1144.000	-56.012
5	1145.000	-56.164
5	1146.000	-56.355
5	1147.000	-56.574
5	1148.000	-56.814
5	1149.000	-57.068
5	1150.000	-57.147
5	1151.000	-57.203
5	1152.000	-57.228
5	1153.000	-56.912
5	1154.000	-56.631
5	1155.000	-56.314
5	1156.000	-56.035
5	1157.000	-55.752
5	1158.000	-55.610
5	1159.000	-55.523
5	1160.000	-55.343
5	1161.000	-55.283
5	1162.000	-55.316
5	1163.000	-55.422
5	1164.000	-55.582
5	1165.000	-55.540
5	1166.000	-55.584
5	1167.000	-55.591
5	1168.000	-55.311
5	1169.000	-55.152
5	1170.000	-54.902
5	1171.000	-54.517
5	1172.000	-54.305
5	1173.000	-54.229
5	1174.000	-54.258
5	1175.000	-54.369
5	1176.000	-54.542
5	1177.000	-54.737
5	1178.000	-54.678
5	1179.000	-54.337
5	1180.000	-54.140
5	1181.000	-54.075
5	1182.000	-54.115
5	1183.000	-54.236
5	1184.000	-54.418
5	1185.000	-54.543
5	1186.000	-54.589
5	1187.000	-54.710
5	1188.000	-54.889
5	1189.000	-55.111
5	1190.000	-55.366
5	1191.000	-55.644
5	1192.000	-55.691
5	1193.000	-55.699
5	1194.000	-55.641
5	1195.000	-55.673
5	1196.000	-55.775
5	1197.000	-55.930
5	1198.000	-56.125
5	1199.000	-56.102
5	1200.000	-56.157
5	1201.000	-56.273
5	1202.000	-56.434
5	1203.000	-56.630
5	1204.000	-56.851
5	1205.000	-56.931
5	1206.000	-56.967
5	1207.000	-56.831
5	1208.000	-56.771
5	1209.000	-56.792
5	1210.000	-56.875
5	1211.000	-56.756
5	1212.000	-56.598
5	1213.000	-56.271
5	1214.000	-55.999
5	1215.000	-55.863
5	1216.000	-55.833
5	1217.000	-55.885
5	1218.000	-55.869
5	1219.000	-55.441
5	1220.000	-55.075
5	1221.000	-54.770
5	1222.000	-54.242
5	1223.000	-53.871
5	1224.000	-53.490
5	1225.000	-53.142
5	1226.000	-52.881
5	1227.000	-52.777
5	1228.000	-52.695
5	1229.000	-52.597
5	1230.000	-52.570
5	1231.000	-52.468
5	1232.000	-52.490
5	1233.000	-52.608
5	1234.000	-52.568
5	1235.000	-52.637
5	1236.000	-52.559
5	1237.000	-52.547
5	1238.000	-52.457
5	1239.000	-52.488
5	1240.000	-52.614
5	1241.000	-52.813
5	1242.000	-53.067
5	1243.000	-53.312
5	1244.000	-53.415
5	1245.000	-53.590
5	1246.000	-53.820
5	1247.000	-54.092
5	1248.000	-54.393
5	1249.000	-54.716
5	1250.000	-55.052
5	1251.000	-55.397
5	1252.000	-55.745
5	1253.000	-56.092
5	1254.000	-56.437
5	1255.000	-56.594
5	1256.000	-56.559
5	1257.000	-56.402
5	1258.000	-56.007
5	1259.000	-55.732
5	1260.000	-55.596
5	1261.000	-55.567
5	1262.000	-55.623
5	1263.000	-55.542
5	1264.000	-55.405
5	1265.000	-54.999
5	1266.000	-54.767
5	1267.000	-54.619
5	1268.000	-54.402
5	1269.000	-54.321
5	1270.000	-54.346
5	1271.000	-54.453
5	1272.000	-54.623
5	1273.000	-54.841
5	1274.000	-55.094
5	1275.000	-55.373
5	1276.000	-55.669
5	1277.000	-55.977
5	1278.000	-56.292
5	1279.000	-56.608
5	1280.000	-56.924
5	1281.000	-57.236
5	1282.000	-57.543
5	1283.000	-57.843
5	1284.000	-58.135
5	1285.000	-58.419
5	1286.000	-58.693
5	1287.000	-58.745
5	1288.000	-58.788
5	1289.000	-58.873
5	1290.000	-58.987
5	1291.000	-59.125
5	1292.000	-59.279
5	1293.000	-59.444
5	1294.000	-59.504
5	1295.000	-59.445
5	1296.000	-59.443
5	1297.000	-59.429
5	1298.000	-58.859
5	1299.000	-58.349
5	1300.000	-58.010
5	1301.000	-57.805
5	1302.000	-57.705
5	1303.000	-57.687
5	1304.000	-57.623
5	1305.000	-57.489
5	1306.000	-57.447
5	1307.000	-57.476
5	1308.000	-57.559
5	1309.000	-57.525
5	1310.000	-57.465
5	1311.000	-57.481
5	1312.000	-57.498
5	1313.000	-57.241
5	1314.000	-56.759
5	1315.000	-56.434
5	1316.000	-56.253
5	1317.000	-56.185
5	1318.000	-56.204
5	1319.000	-56.292
5	1320.000	-56.431
5	1321.000	-56.276
5	1322.000	-56.065
5	1323.000	-55.975
5	1324.000	-55.800
5	1325.000	-55.674
5	1326.000	-55.652
5	1327.000	-55.511
5	1328.000	-55.436
5	1329.000	-55.457
5	1330.000	-55.551
5	1331.000	-55.702
5	1332.000	-55.896
5	1333.000	-55.991
5	1334.000	-56.022
5	1335.000	-56.121
5	1336.000	-56.270
5	1337.000	-56.458
5	1338.000	-56.674
5	1339.000	-56.911
5	1340.000	-57.106
5	1341.000	-57.125
5	1342.000	-57.205
5	1343.000	-57.101
5	1344.000	-57.063
5	1345.000	-56.892
5	1346.000	-56.781
5	1347.000	-56.762
5	1348.000	-56.611
5	1349.000	-56.517
5	1350.000	-56.514
5	1351.000	-56.582
5	1352.000	-56.703
5	1353.000	-56.865
5	1354.000	-57.058
5	1355.000	-57.274
5	1356.000	-57.504
5	1357.000	-57.745
5	1358.000	-57.992
5	1359.000	-58.241
5	1360.000	-58.489
5	1361.000	-58.500
5	1362.000	-58.539
5	1363.000	-58.620
5	1364.000	-58.736
5	1365.000	-58.876
5	1366.000	-59.034
5	1367.000	-59.205
5	1368.000	-59.384
5	1369.000	-59.569
5	1370.000	-59.756
5	1371.000	-59.943
5	1372.000	-60.129
5	1373.000	-60.312
5	1374.000	-60.491
5	1375.000	-60.666
5	1376.000	-60.836
5	1377.000	-61.000
5	1378.000	-61.159
5	1379.000	-61.116
5	1380.000	-61.038
5	1381.000	-61.008
5	1382.000	-61.016
5	1383.000	-61.052
5	1384.000	-61.080
5	1385.000	-60.893
5	1386.000	-60.779
5	1387.000	-60.724
5	1388.000	-60.714
5	1389.000	-60.740
5	1390.000	-60.793
5	1391.000	-60.866
5	1392.000	-60.956
5	1393.000	-61.056
5	1394.000	-61.164
5	1395.000	-61.278
5	1396.000	-61.395
5	1397.000	-61.369
5	1398.000	-61.249
5	1399.000	-60.898
5	1400.000	-60.408
5	1401.000	-59.874
5	1402.000	-59.430
5	1403.000	-59.133
5	1404.000	-58.950
5	1405.000	-58.858
5	1406.000	-58.835
5	1407.000	-58.867
5	1408.000	-58.942
5	1409.000	-59.048
5	1410.000	-59.179
5	1411.000	-59.327
5	1412.000	-59.488
5	1413.000	-59.657
5	1414.000	-59.831
5	1415.000	-60.008
5	1416.000	-60.185
5	1417.000	-60.360
5	1418.000	-60.533
5	1419.000	-60.509
5	1420.000	-60.422
5	1421.000	-60.154
5	1422.000	-59.985
5	1423.000	-59.864
5	1424.000	-59.577
5	1425.000	-59.398
5	1426.000	-59.304
5	1427.000	-59.165
5	1428.000	-58.955
5	1429.000	-58.757
5	1430.000	-58.479
5	1431.000	-58.318
5	1432.000	-58.247
5	1433.000	-58.247
5	1434.000	-58.302
5	1435.000	-58.399
5	1436.000	-58.527
5	1437.000	-58.680
5	1438.000	-58.849
5	1439.000	-59.031
5	1440.000	-59.220
5	1441.000	-59.414
5	1442.000	-59.394
5	1443.000	-59.376
5	1444.000	-59.407
5	1445.000	-59.476
5	1446.000	-59.461
5	1447.000	-59.343
5	1448.000	-59.298
5	1449.000	-59.143
5	1450.000	-58.974
5	1451.000	-58.892
5	1452.000	-58.765
5	1453.000	-58.570
5	1454.000	-58.471
5	1455.000	-58.448
5	1456.000	-58.482
5	1457.000	-58.562
5	1458.000	-58.676
5	1459.000	-58.815
5	1460.000	-58.888
5	1461.000	-58.820
5	1462.000	-58.816
5	1463.000	-58.675
5	1464.000	-58.289
5	1465.000	-58.045
5	1466.000	-57.913
5	1467.000	-57.785
5	1468.000	-57.574
5	1469.000	-57.471
5	1470.000	-57.453
5	1471.000	-57.500
5	1472.000	-57.391
5	1473.000	-57.322
5	1474.000	-57.332
5	1475.000	-57.402
5	1476.000	-57.519
5	1477.000	-57.671
5	1478.000	-57.849
5	1479.000	-58.045
5	1480.000	-58.255
5	1481.000	-58.472
5	1482.000	-58.695
5	1483.000	-58.807
5	1484.000	-58.796
5	1485.000	-58.838
5	1486.000	-58.782
5	1487.000	-58.667
5	1488.000	-58.630
5	1489.000	-58.652
5	1490.000	-58.720
5	1491.000	-58.767
5	1492.000	-58.652
5	1493.000	-58.613
5	1494.000	-58.473
5	1495.000	-58.321
5	1496.000	-58.258
5	1497.000	-58.127
5	1498.000	-57.962
5	1499.000	-57.891
5	1500.000	-57.894
5	1501.000	-57.745
5	1502.000	-57.643
5	1503.000	-57.624
5	1504.000	-57.560
5	1505.000	-57.427
5	1506.000	-57.156
5	1507.000	-56.806
5	1508.000	-56.535
5	1509.000	-56.395
5	1510.000	-56.302
5	1511.000	-56.109
5	1512.000	-56.032
5	1513.000	-56.047
5	1514.000	-56.132
5	1515.000	-56.271
5	1516.000	-56.451
5	1517.000	-56.661
5	1518.000	-56.735
5	1519.000	-56.712
5	1520.000	-56.387
5	1521.000	-56.139
5	1522.000	-56.020
5	1523.000	-56.002
5	1524.000	-56.062
5	1525.000	-56.182
5	1526.000	-56.348
5	1527.000	-56.548
5	1528.000	-56.773
5	1529.000	-57.016
5	1530.000	-57.087
5	1531.000	-57.138
5	1532.000	-57.242
5	1533.000	-57.203
5	1534.000	-57.167
5	1535.000	-56.952
5	1536.000	-56.852
5	1537.000	-56.841
5	1538.000	-56.695
5	1539.000	-56.576
5	1540.000	-56.333
5	1541.000	-56.216
5	1542.000	-56.197
5	1543.000	-56.256
5	1544.000	-56.373
5	1545.000	-56.378
5	1546.000	-56.360
5	1547.000	-56.418
5	1548.000	-56.533
5	1549.000	-56.692
5	1550.000	-56.884
5	1551.000	-57.100
5	1552.000	-57.332
5	1553.000	-57.576
5	1554.000	-57.827
5	1555.000	-58.080
5	1556.000	-58.334
5	1557.000	-58.586
5	1558.000	-58.834
5	1559.000	-59.077
5	1560.000	-59.314
5	1561.000	-59.544
5	1562.000	-59.767
5	1563.000	-59.982
5	1564.000	-60.189
5	1565.000	-60.170
5	1566.000	-60.146
5	1567.000	-60.165
5	1568.000	-59.450
5	1569.000	-58.922
5	1570.000	-58.565
5	1571.000	-58.340
5	1572.000	-58.003
5	1573.000	-57.507
5	1574.000	-57.187
5	1575.000	-57.003
5	1576.000	-56.927
5	1577.000	-56.934
5	1578.000	-57.005
5	1579.000	-57.044
5	1580.000	-56.788
5	1581.000	-56.589
5	1582.000	-56.504
5	1583.000	-56.508
5	1584.000	-56.525
5	1585.000	-56.415
5	1586.000	-56.400
5	1587.000	-56.458
5	1588.000	-56.348
5	1589.000	-56.311
5	1590.000	-56.354
5	1591.000	-56.403
5	1592.000	-56.318
5	1593.000	-56.324
5	1594.000	-56.400
5	1595.000	-56.529
5	1596.000	-56.495
5	1597.000	-56.493
5	1598.000	-56.562
5	1599.000	-56.602
5	1600.000	-56.535
5	1601.000	-56.552
5	1602.000	-56.240
5	1603.000	-55.723
5	1604.000	-55.401
5	1605.000	-55.231
5	1606.000	-55.180
5	1607.000	-55.195
5	1608.000	-55.070
5	1609.000	-55.056
5	1610.000	-55.126
5	1611.000	-55.262
5	1612.000	-55.449
5	1613.000	-55.227
5	1614.000	-54.939
5	1615.000	-54.711
5	1616.000	-54.619
5	1617.000	-54.632
5	1618.000	-54.728
5	1619.000	-54.888
5	1620.000	-55.068
5	1621.000	-55.074
5	1622.000	-55.160
5	1623.000	-55.059
5	1624.000	-54.826
5	1625.000	-54.730
5	1626.000	-54.740
5	1627.000	-54.832
5	1628.000	-54.987
5	1629.000	-55.014
5	1630.000	-55.050
5	1631.000	-55.160
5	1632.000	-55.327
5	1633.000	-55.537
5	1634.000	-55.577
5	1635.000	-55.641
5	1636.000	-55.768
5	1637.000	-55.942
5	1638.000	-56.153
5	1639.000	-56.257
5	1640.000	-56.213
5	1641.000	-56.084
5	1642.000	-56.058
5	1643.000	-56.111
5	1644.000	-55.978
5	1645.000	-55.949
5	1646.000	-56.001
5	1647.000	-56.116
5	1648.000	-56.197
5	1649.000	-56.165
5	1650.000	-56.214
5	1651.000	-56.323
5	1652.000	-56.480
5	1653.000	-56.539
5	1654.000	-56.537
5	1655.000	-56.054
5	1656.000	-55.387
5	1657.000	-54.888
5	1658.000	-54.586
5	1659.000	-54.311
5	1660.000	-53.924
5	1661.000	-53.627
5	1662.000	-53.491
5	1663.000	-53.479
5	1664.000	-53.564
5	1665.000	-53.724
5	1666.000	-53.941
5	1667.000	-54.202
5	1668.000	-54.494
5	1669.000	-54.809
5	1670.000	-54.917
5	1671.000	-55.063
5	1672.000	-55.037
5	1673.000	-55.077
5	1674.000	-55.190
5	1675.000	-55.358
5	1676.000	-55.286
5	1677.000	-55.051
5	1678.000	-54.762
5	1679.000	-54.624
5	1680.000	-54.602
5	1681.000	-54.670
5	1682.000	-54.808
5	1683.000	-55.000
5	1684.000	-55.231
5	1685.000	-55.248
5	1686.000	-55.341
5	1687.000	-55.494
5	1688.000	-55.690
5	1689.000	-55.789
5	1690.000	-55.826
5	1691.000	-55.930
5	1692.000	-55.930
5	1693.000	-55.914
5	1694.000	-55.976
5	1695.000	-56.098
5	1696.000	-56.266
5	1697.000	-55.996
5	1698.000	-55.839
5	1699.000	-55.793
5	1700.000	-55.833
5	1701.000	-55.912
5	1702.000	-55.829
5	1703.000	-55.840
5	1704.000	-55.924
5	1705.000	-56.064
5	1706.000	-56.000
5	1707.000	-56.024
5	1708.000	-55.984
5	1709.000	-55.858
5	1710.000	-55.644
5	1711.000	-55.333
5	1712.000	-55.151
5	1713.000	-55.091
5	1714.000	-55.126
5	1715.000	-55.234
5	1716.000	-55.399
5	1717.000	-55.607
5	1718.000	-55.715
5	1719.000	-55.760
5	1720.000	-55.871
5	1721.000	-56.032
5	1722.000	-56.232
5	1723.000	-56.459
5	1724.000	-56.706
5	1725.000	-56.967
5	1726.000	-57.236
5	1727.000	-57.509
5	1728.000	-57.783
5	1729.000	-57.845
5	1730.000	-57.906
5	1731.000	-58.012
5	1732.000	-58.150
5	1733.000	-58.314
5	1734.000	-58.495
5	1735.000	-58.689
5	1736.000	-58.891
5	1737.000	-58.985
5	1738.000	-58.929
5	1739.000	-58.705
5	1740.000	-58.582
5	1741.000	-58.538
5	1742.000	-58.528
5	1743.000	-58.157
5	1744.000	-57.672
5	1745.000	-57.288
5	1746.000	-57.056
5	1747.000	-56.941
5	1748.000	-56.918
5	1749.000	-56.967
5	1750.000	-56.865
5	1751.000	-56.807
5	1752.000	-56.829
5	1753.000	-56.914
5	1754.000	-57.046
5	1755.000	-57.007
5	1756.000	-56.998
5	1757.000	-57.056
5	1758.000	-57.166
5	1759.000	-57.316
5	1760.000	-57.495
5	1761.000	-57.696
5	1762.000	-57.912
5	1763.000	-58.138
5	1764.000	-58.232
5	1765.000	-58.241
5	1766.000	-58.302
5	1767.000	-58.404
5	1768.000	-58.537
5	1769.000	-58.663
5	1770.000	-58.583
5	1771.000	-58.573
5	1772.000	-58.617
5	1773.000	-58.703
5	1774.000	-58.682
5	1775.000	-58.339
5	1776.000	-58.128
5	1777.000	-58.020
5	1778.000	-57.994
5	1779.000	-58.030
5	1780.000	-58.115
5	1781.000	-58.076
5	1782.000	-58.006
5	1783.000	-58.010
5	1784.000	-58.069
5	1785.000	-58.172
5	1786.000	-58.307
5	1787.000	-58.467
5	1788.000	-58.644
5	1789.000	-58.833
5	1790.000	-58.703
5	1791.000	-58.117
5	1792.000	-57.554
5	1793.000	-57.000
5	1794.000	-56.366
5	1795.000	-55.906
5	1796.000	-55.627
5	1797.000	-55.488
5	1798.000	-55.459
5	1799.000	-55.461
5	1800.000	-55.128
5	1801.000	-54.690
5	1802.000	-54.437
5	1803.000	-53.981
5	1804.000	-53.589
5	1805.000	-53.379
5	1806.000	-53.141
5	1807.000	-52.911
5	1808.000	-52.674
5	1809.000	-52.589
5	1810.000	-52.624
5	1811.000	-52.751
5	1812.000	-52.737
5	1813.000	-52.806
5	1814.000	-52.906
5	1815.000	-52.728
5	1816.000	-52.296
5	1817.000	-51.931
5	1818.000	-51.751
5	1819.000	-51.715
5	1820.000	-51.767
5	1821.000	-51.522
5	1822.000	-51.395
5	1823.000	-51.403
5	1824.000	-51.466
5	1825.000	-51.258
5	1826.000	-50.934
5	1827.000	-50.737
5	1828.000	-50.490
5	1829.000	-50.204
5	1830.000	-50.086
5	1831.000	-50.104
5	1832.000	-50.231
5	1833.000	-50.349
5	1834.000	-50.426
5	1835.000	-50.600
5	1836.000	-50.851
5	1837.000	-51.162
5	1838.000	-51.518
5	1839.000	-51.620
5	1840.000	-51.427
5	1841.000	-51.363
5	1842.000	-51.420
5	1843.000	-51.573
5	1844.000	-51.800
5	1845.000	-52.086
5	1846.000	-52.292
5	1847.000	-52.447
5	1848.000	-52.671
5	1849.000	-52.947
5	1850.000	-53.261
5	1851.000	-53.604
5	1852.000	-53.965
5	1853.000	-54.339
5	1854.000	-54.615
5	1855.000	-54.778
5	1856.000	-54.989
5	1857.000	-55.236
5	1858.000	-55.332
5	1859.000	-55.419
5	1860.000	-55.365
5	1861.000	-55.304
5	1862.000	-55.147
5	1863.000	-55.107
5	1864.000	-55.103
5	1865.000	-54.993
5	1866.000	-54.990
5	1867.000	-55.070
5	1868.000	-54.992
5	1869.000	-54.993
5	1870.000	-55.076
5	1871.000	-55.093
5	1872.000	-55.074
5	1873.000	-55.141
5	1874.000	-54.952
5	1875.000	-54.725
5	1876.000	-54.635
5	1877.000	-54.596
5	1878.000	-54.465
5	1879.000	-54.449
5	1880.000	-54.306
5	1881.000	-54.261
5	1882.000	-54.314
5	1883.000	-54.444
5	1884.000	-54.631
5	1885.000	-54.711
5	1886.000	-54.767
5	1887.000	-54.896
5	1888.000	-55.079
5	1889.000	-55.304
5	1890.000	-55.558
5	1891.000	-55.835
5	1892.000	-56.125
5	1893.000	-56.425
5	1894.000	-56.493
5	1895.000	-56.353
5	1896.000	-56.316
5	1897.000	-56.359
5	1898.000	-56.408
5	1899.000	-56.323
5	1900.000	-56.328
5	1901.000	-56.044
5	1902.000	-55.763
5	1903.000	-55.492
5	1904.000	-54.918
5	1905.000	-54.403
5	1906.000	-54.094
5	1907.000	-53.944
5	1908.000	-53.918
5	1909.000	-53.989
5	1910.000	-54.135
5	1911.000	-54.338
5	1912.000	-54.584
5	1913.000	-54.862
5	1914.000	-55.108
5	1915.000	-55.138
5	1916.000	-55.053
5	1917.000	-55.069
5	1918.000	-54.964
5	1919.000	-54.922
5	1920.000	-54.667
5	1921.000	-54.377
5	1922.000	-54.240
5	1923.000	-54.223
5	1924.000	-54.298
5	1925.000	-54.204
5	1926.000	-54.221
5	1927.000	-54.148
5	1928.000	-54.116
5	1929.000	-54.180
5	1930.000	-54.319
5	1931.000	-54.436
5	1932.000	-54.060
5	1933.000	-53.747
5	1934.000	-53.387
5	1935.000	-53.151
5	1936.000	-52.882
5	1937.000	-52.771
5	1938.000	-52.784
5	1939.000	-52.681
5	1940.000	-52.680
5	1941.000	-52.779
5	1942.000	-52.809
5	1943.000	-52.844
5	1944.000	-52.824
5	1945.000	-52.820
5	1946.000	-52.916
5	1947.000	-53.090
5	1948.000	-53.323
5	1949.000	-53.601
5	1950.000	-53.911
5	1951.000	-54.245
5	1952.000	-54.515
5	1953.000	-54.410
5	1954.000	-54.416
5	1955.000	-54.507
5	1956.000	-54.665
5	1957.000	-54.873
5	1958.000	-55.118
5	1959.000	-55.391
5	1960.000	-55.504
5	1961.000	-55.604
5	1962.000	-55.535
5	1963.000	-55.538
5	1964.000	-55.618
5	1965.000	-55.758
5	1966.000	-55.741
5	1967.000	-55.759
5	1968.000	-55.769
5	1969.000	-55.688
5	1970.000	-55.701
5	1971.000	-55.788
5	1972.000	-55.931
5	1973.000	-56.118
5	1974.000	-56.179
5	1975.000	-56.208
5	1976.000	-56.303
5	1977.000	-56.393
5	1978.000	-56.339
5	1979.000	-56.370
5	1980.000	-56.464
5	1981.000	-56.607
5	1982.000	-56.680
5	1983.000	-56.662
5	1984.000	-56.717
5	1985.000	-56.828
5	1986.000	-56.981
5	1987.000	-57.165
5	1988.000	-57.373
5	1989.000	-57.542
5	1990.000	-57.535
5	1991.000	-57.591
5	1992.000	-57.426
5	1993.000	-57.123
5	1994.000	-56.954
5	1995.000	-56.683
5	1996.000	-56.498
5	1997.000	-56.424
5	1998.000	-56.438
5	1999.000	-56.519
5	2000.000	-56.651
