# NEST version: UNKNOWN
# RecordingBackendASCII version: 2
sender	time_ms	V_m
9	1.000	-52.837
9	2.000	-53.648
9	3.000	-54.361
9	4.000	-54.996
9	5.000	-55.566
9	6.000	-56.083
9	7.000	-56.554
9	8.000	-56.986
9	9.000	-57.358
9	10.000	-57.482
9	11.000	-57.638
9	12.000	-57.818
9	13.000	-58.014
9	14.000	-58.223
9	15.000	-58.438
9	16.000	-58.657
9	17.000	-58.878
9	18.000	-59.097
9	19.000	-59.314
9	20.000	-59.527
9	21.000	-59.735
9	22.000	-59.938
9	23.000	-60.135
9	24.000	-60.325
9	25.000	-60.509
9	26.000	-60.686
9	27.000	-60.856
9	28.000	-61.019
9	29.000	-61.176
9	30.000	-61.325
9	31.000	-61.352
9	32.000	-61.245
9	33.000	-60.968
9	34.000	-60.516
9	35.000	-60.153
9	36.000	-59.909
9	37.000	-59.507
9	38.000	-58.968
9	39.000	-58.600
9	40.000	-58.367
9	41.000	-58.239
9	42.000	-58.194
9	43.000	-58.026
9	44.000	-57.882
9	45.000	-57.574
9	46.000	-57.394
9	47.000	-57.317
9	48.000	-57.112
9	49.000	-56.971
9	50.000	-56.927
9	51.000	-56.729
9	52.000	-56.621
9	53.000	-56.605
9	54.000	-56.660
9	55.000	-56.770
9	56.000	-56.922
9	57.000	-57.105
9	58.000	-57.311
9	59.000	-57.533
9	60.000	-57.766
9	61.000	-58.005
9	62.000	-58.061
9	63.000	-58.089
9	64.000	-58.166
9	65.000	-58.037
9	66.000	-57.724
9	67.000	-57.541
9	68.000	-57.459
9	69.000	-57.321
9	70.000	-57.158
9	71.000	-56.912
9	72.000	-56.719
9	73.000	-56.636
9	74.000	-56.639
9	75.000	-56.460
9	76.000	-56.391
9	77.000	-56.407
9	78.000	-56.488
9	79.000	-56.621
9	80.000	-56.541
9	81.000	-56.467
9	82.000	-56.311
9	83.000	-56.233
9	84.000	-56.023
9	85.000	-55.749
9	86.000	-55.307
9	87.000	-55.044
9	88.000	-54.923
9	89.000	-54.806
9	90.000	-54.660
9	91.000	-54.632
9	92.000	-54.566
9	93.000	-54.486
9	94.000	-54.510
9	95.000	-54.417
9	96.000	-54.387
9	97.000	-54.450
9	98.000	-54.584
9	99.000	-54.774
9	100.000	-55.005
9	101.000	-55.266
9	102.000	-55.549
9	103.000	-55.846
9	104.000	-56.152
9	105.000	-56.306
9	106.000	-56.403
9	107.000	-56.345
9	108.000	-56.325
9	109.000	-56.380
9	110.000	-56.492
9	111.000	-56.648
9	112.000	-56.704
9	113.000	-56.697
9	114.000	-56.759
9	115.000	-56.874
9	116.000	-57.028
9	117.000	-57.213
9	118.000	-57.419
9	119.000	-57.641
9	120.000	-57.873
9	121.000	-58.110
9	122.000	-58.350
9	123.000	-58.332
9	124.000	-58.371
9	125.000	-58.181
9	126.000	-57.848
9	127.000	-57.649
9	128.000	-57.553
9	129.000	-57.430
9	130.000	-57.251
9	131.000	-57.176
9	132.000	-56.946
9	133.000	-56.566
9	134.000	-56.185
9	135.000	-55.626
9	136.000	-54.967
9	137.000	-54.363
9	138.000	-53.768
9	139.000	-53.379
9	140.000	-53.172
9	141.000	-53.107
9	142.000	-53.152
9	143.000	-53.283
9	144.000	-53.480
9	145.000	-53.727
9	146.000	-53.774
9	147.000	-53.902
9	148.000	-54.092
9	149.000	-54.328
9	150.000	-54.600
9	151.000	-54.896
9	152.000	-55.210
9	153.000	-55.534
9	154.000	-55.865
9	155.000	-56.196
9	156.000	-56.527
9	157.000	-56.853
9	158.000	-57.173
9	159.000	-57.486
9	160.000	-57.791
9	161.000	-58.086
9	162.000	-58.371
9	163.000	-58.646
9	164.000	-58.723
9	165.000	-58.704
9	166.000	-58.537
9	167.000	-58.460
9	168.000	-58.452
9	169.000	-58.498
9	170.000	-58.585
9	171.000	-58.492
9	172.000	-58.315
9	173.000	-58.084
9	174.000	-57.962
9	175.000	-57.923
9	176.000	-57.950
9	177.000	-58.027
9	178.000	-58.143
9	179.000	-58.054
9	180.000	-58.018
9	181.000	-58.046
9	182.000	-57.962
9	183.000	-57.859
9	184.000	-57.836
9	185.000	-57.876
9	186.000	-57.936
9	187.000	-57.193
9	188.000	-56.547
9	189.000	-56.119
9	190.000	-55.807
9	191.000	-55.450
9	192.000	-55.252
9	193.000	-55.179
9	194.000	-55.202
9	195.000	-55.146
9	196.000	-55.093
9	197.000	-55.132
9	198.000	-55.001
9	199.000	-54.827
9	200.000	-54.687
9	201.000	-54.661
9	202.000	-54.726
9	203.000	-54.860
9	204.000	-55.047
9	205.000	-55.274
9	206.000	-55.348
9	207.000	-55.178
9	208.000	-55.126
9	209.000	-55.166
9	210.000	-55.278
9	211.000	-55.444
9	212.000	-55.651
9	213.000	-55.888
9	214.000	-56.147
9	215.000	-56.421
9	216.000	-56.704
9	217.000	-56.991
9	218.000	-57.281
9	219.000	-57.568
9	220.000	-57.852
9	221.000	-58.131
9	222.000	-58.403
9	223.000	-58.668
9	224.000	-58.925
9	225.000	-59.173
9	226.000	-59.413
9	227.000	-59.643
9	228.000	-59.864
9	229.000	-59.885
9	230.000	-59.868
9	231.000	-59.894
9	232.000	-59.763
9	233.000	-59.391
9	234.000	-59.124
9	235.000	-58.964
9	236.000	-58.888
9	237.000	-58.878
9	238.000	-58.918
9	239.000	-58.998
9	240.000	-58.870
9	241.000	-58.797
9	242.000	-58.789
9	243.000	-58.833
9	244.000	-58.886
9	245.000	-58.746
9	246.000	-58.549
9	247.000	-58.328
9	248.000	-58.210
9	249.000	-58.173
9	250.000	-58.199
9	251.000	-58.274
9	252.000	-58.386
9	253.000	-58.282
9	254.000	-57.730
9	255.000	-57.111
9	256.000	-56.700
9	257.000	-56.451
9	258.000	-56.101
9	259.000	-55.882
9	260.000	-55.609
9	261.000	-55.407
9	262.000	-55.330
9	263.000	-55.348
9	264.000	-55.241
9	265.000	-55.018
9	266.000	-54.662
9	267.000	-54.173
9	268.000	-53.446
9	269.000	-52.960
9	270.000	-52.505
9	271.000	-51.938
9	272.000	-51.397
9	273.000	-51.081
9	274.000	-50.890
9	275.000	-50.671
9	276.000	-50.401
9	277.000	-50.276
9	278.000	-50.287
9	279.000	-50.407
9	280.000	-50.518
9	281.000	-50.446
9	282.000	-50.114
9	283.000	-49.574
9	284.000	-49.035
9	285.000	-48.700
9	286.000	-48.528
9	287.000	-48.396
9	288.000	-48.236
9	289.000	-48.001
9	290.000	-47.874
9	291.000	-47.567
9	292.000	-47.251
9	293.000	-47.046
9	294.000	-46.935
9	295.000	-46.908
9	296.000	-46.962
9	297.000	-47.097
9	298.000	-47.312
9	299.000	-47.605
9	300.000	-47.970
9	301.000	-48.399
9	302.000	-48.878
9	303.000	-49.396
9	304.000	-49.939
9	305.000	-50.496
9	306.000	-51.057
9	307.000	-51.473
9	308.000	-51.824
9	309.000	-52.207
9	310.000	-52.612
9	311.000	-52.797
9	312.000	-53.040
9	313.000	-53.328
9	314.000	-53.546
9	315.000	-53.401
9	316.000	-53.184
9	317.000	-53.111
9	318.000	-53.025
9	319.000	-52.945
9	320.000	-52.981
9	321.000	-53.106
9	322.000	-53.300
9	323.000	-53.494
9	324.000	-53.555
9	325.000	-53.618
9	326.000	-53.188
9	327.000	-52.658
9	328.000	-52.347
9	329.000	-52.084
9	330.000	-51.872
9	331.000	-51.811
9	332.000	-51.868
9	333.000	-51.967
9	334.000	-51.968
9	335.000	-52.074
9	336.000	-52.260
9	337.000	-52.508
9	338.000	-52.804
9	339.000	-53.135
9	340.000	-53.491
9	341.000	-53.811
9	342.000	-53.966
9	343.000	-54.178
9	344.000	-54.352
9	345.000	-54.413
9	346.000	-54.548
9	347.000	-54.737
9	348.000	-54.969
9	349.000	-55.232
9	350.000	-55.516
9	351.000	-55.816
9	352.000	-56.124
9	353.000	-56.437
9	354.000	-56.751
9	355.000	-57.063
9	356.000	-57.370
9	357.000	-57.643
9	358.000	-57.689
9	359.000	-57.784
9	360.000	-57.805
9	361.000	-57.600
9	362.000	-57.382
9	363.000	-57.275
9	364.000	-57.096
9	365.000	-56.929
9	366.000	-56.865
9	367.000	-56.826
9	368.000	-56.668
9	369.000	-56.530
9	370.000	-56.078
9	371.000	-55.803
9	372.000	-55.666
9	373.000	-55.636
9	374.000	-55.689
9	375.000	-55.806
9	376.000	-55.973
9	377.000	-56.148
9	378.000	-55.934
9	379.000	-55.798
9	380.000	-55.768
9	381.000	-55.820
9	382.000	-55.936
9	383.000	-56.100
9	384.000	-56.219
9	385.000	-56.216
9	386.000	-56.204
9	387.000	-55.853
9	388.000	-55.657
9	389.000	-55.381
9	390.000	-55.203
9	391.000	-55.145
9	392.000	-55.180
9	393.000	-55.288
9	394.000	-55.452
9	395.000	-55.657
9	396.000	-55.893
9	397.000	-56.152
9	398.000	-56.199
9	399.000	-56.285
9	400.000	-56.424
9	401.000	-56.601
9	402.000	-56.451
9	403.000	-56.262
9	404.000	-56.188
9	405.000	-56.202
9	406.000	-56.285
9	407.000	-56.421
9	408.000	-56.596
9	409.000	-56.801
9	410.000	-57.027
9	411.000	-57.134
9	412.000	-56.956
9	413.000	-56.839
9	414.000	-56.815
9	415.000	-56.807
9	416.000	-56.673
9	417.000	-56.388
9	418.000	-56.058
9	419.000	-55.809
9	420.000	-55.692
9	421.000	-55.277
9	422.000	-54.948
9	423.000	-54.776
9	424.000	-54.486
9	425.000	-54.348
9	426.000	-54.327
9	427.000	-54.399
9	428.000	-54.301
9	429.000	-54.139
9	430.000	-54.037
9	431.000	-54.047
9	432.000	-54.144
9	433.000	-54.308
9	434.000	-54.524
9	435.000	-54.625
9	436.000	-54.700
9	437.000	-54.565
9	438.000	-54.341
9	439.000	-54.255
9	440.000	-54.080
9	441.000	-53.912
9	442.000	-53.587
9	443.000	-53.192
9	444.000	-52.872
9	445.000	-52.722
9	446.000	-52.704
9	447.000	-52.789
9	448.000	-52.955
9	449.000	-53.182
9	450.000	-53.456
9	451.000	-53.764
9	452.000	-54.070
9	453.000	-54.186
9	454.000	-54.365
9	455.000	-54.591
9	456.000	-54.853
9	457.000	-54.933
9	458.000	-54.800
9	459.000	-54.727
9	460.000	-54.462
9	461.000	-54.208
9	462.000	-54.098
9	463.000	-53.953
9	464.000	-53.841
9	465.000	-53.846
9	466.000	-53.941
9	467.000	-54.105
9	468.000	-54.322
9	469.000	-54.579
9	470.000	-54.811
9	471.000	-54.707
9	472.000	-54.407
9	473.000	-54.263
9	474.000	-54.238
9	475.000	-53.903
9	476.000	-53.424
9	477.000	-53.148
9	478.000	-53.031
9	479.000	-52.959
9	480.000	-52.844
9	481.000	-52.656
9	482.000	-52.340
9	483.000	-52.195
9	484.000	-52.184
9	485.000	-52.279
9	486.000	-52.404
9	487.000	-52.422
9	488.000	-52.538
9	489.000	-52.629
9	490.000	-52.667
9	491.000	-52.417
9	492.000	-52.027
9	493.000	-51.806
9	494.000	-51.738
9	495.000	-51.790
9	496.000	-51.936
9	497.000	-52.156
9	498.000	-52.431
9	499.000	-52.750
9	500.000	-53.099
9	501.000	-53.470
9	502.000	-53.855
9	503.000	-54.247
9	504.000	-54.607
9	505.000	-55.146
9	506.000	-55.570
9	507.000	-55.970
9	508.000	-56.350
9	509.000	-56.713
9	510.000	-57.059
9	511.000	-57.391
9	512.000	-57.709
9	513.000	-57.611
9	514.000	-56.853
9	515.000	-56.226
9	516.000	-55.817
9	517.000	-55.420
9	518.000	-54.566
9	519.000	-53.818
9	520.000	-53.120
9	521.000	-52.558
9	522.000	-51.903
9	523.000	-51.197
9	524.000	-50.559
9	525.000	-50.165
9	526.000	-49.821
9	527.000	-49.389
9	528.000	-48.763
9	529.000	-48.246
9	530.000	-47.909
9	531.000	-47.461
9	532.000	-46.943
9	533.000	-46.527
9	534.000	-46.169
9	535.000	-45.832
9	536.000	-45.470
9	537.000	-45.012
9	538.000	-44.289
9	539.000	-42.513
9	540.000	-64.500
9	541.000	-64.500
9	542.000	-64.500
9	543.000	-64.500
9	544.000	-64.500
9	545.000	-64.258
9	546.000	-63.475
9	547.000	-62.881
9	548.000	-62.407
9	549.000	-61.816
9	550.000	-61.163
9	551.000	-60.642
9	552.000	-60.033
9	553.000	-59.580
9	554.000	-59.275
9	555.000	-59.085
9	556.000	-58.986
9	557.000	-58.958
9	558.000	-58.986
9	559.000	-58.944
9	560.000	-58.813
9	561.000	-58.762
9	562.000	-58.773
9	563.000	-58.832
9	564.000	-58.928
9	565.000	-59.052
9	566.000	-59.168
9	567.000	-59.073
9	568.000	-58.910
9	569.000	-58.711
9	570.000	-58.608
9	571.000	-58.581
9	572.000	-58.339
9	573.000	-57.965
9	574.000	-57.734
9	575.000	-57.616
9	576.000	-57.585
9	577.000	-57.622
9	578.000	-57.711
9	579.000	-57.840
9	580.000	-57.999
9	581.000	-58.124
9	582.000	-58.077
9	583.000	-58.098
9	584.000	-58.170
9	585.000	-58.146
9	586.000	-58.063
9	587.000	-58.027
9	588.000	-57.621
9	589.000	-57.323
9	590.000	-57.128
9	591.000	-56.819
9	592.000	-56.593
9	593.000	-56.294
9	594.000	-56.135
9	595.000	-56.085
9	596.000	-56.121
9	597.000	-56.222
9	598.000	-56.318
9	599.000	-56.271
9	600.000	-56.306
9	601.000	-56.202
9	602.000	-56.150
9	603.000	-56.183
9	604.000	-56.281
9	605.000	-56.374
9	606.000	-56.325
9	607.000	-56.358
9	608.000	-56.268
9	609.000	-55.962
9	610.000	-55.800
9	611.000	-55.751
9	612.000	-55.659
9	613.000	-55.420
9	614.000	-55.200
9	615.000	-54.878
9	616.000	-54.463
9	617.000	-54.229
9	618.000	-54.137
9	619.000	-54.156
9	620.000	-54.042
9	621.000	-53.920
9	622.000	-53.781
9	623.000	-53.766
9	624.000	-53.846
9	625.000	-54.001
9	626.000	-54.212
9	627.000	-54.466
9	628.000	-54.752
9	629.000	-55.059
9	630.000	-55.204
9	631.000	-55.331
9	632.000	-55.510
9	633.000	-55.728
9	634.000	-55.974
9	635.000	-56.241
9	636.000	-56.521
9	637.000	-56.627
9	638.000	-56.711
9	639.000	-56.844
9	640.000	-57.015
9	641.000	-56.985
9	642.000	-57.005
9	643.000	-56.880
9	644.000	-56.806
9	645.000	-56.634
9	646.000	-56.502
9	647.000	-56.470
9	648.000	-56.461
9	649.000	-56.330
9	650.000	-56.301
9	651.000	-56.350
9	652.000	-56.459
9	653.000	-56.615
9	654.000	-56.601
9	655.000	-56.614
9	656.000	-56.693
9	657.000	-56.715
9	658.000	-56.659
9	659.000	-56.684
9	660.000	-56.744
9	661.000	-56.555
9	662.000	-56.311
9	663.000	-56.194
9	664.000	-56.177
9	665.000	-56.023
9	666.000	-55.698
9	667.000	-55.524
9	668.000	-55.440
9	669.000	-55.237
9	670.000	-55.161
9	671.000	-55.184
9	672.000	-55.283
9	673.000	-55.440
9	674.000	-55.641
9	675.000	-55.875
9	676.000	-56.133
9	677.000	-56.408
9	678.000	-56.692
9	679.000	-56.667
9	680.000	-56.532
9	681.000	-56.364
9	682.000	-56.189
9	683.000	-56.127
9	684.000	-56.152
9	685.000	-56.217
9	686.000	-55.837
9	687.000	-55.411
9	688.000	-55.162
9	689.000	-55.050
9	690.000	-54.848
9	691.000	-54.556
9	692.000	-54.112
9	693.000	-53.859
9	694.000	-53.755
9	695.000	-53.766
9	696.000	-53.867
9	697.000	-53.800
9	698.000	-53.840
9	699.000	-53.964
9	700.000	-54.151
9	701.000	-54.386
9	702.000	-54.331
9	703.000	-54.222
9	704.000	-54.226
9	705.000	-54.319
9	706.000	-54.479
9	707.000	-54.437
9	708.000	-54.264
9	709.000	-54.219
9	710.000	-54.273
9	711.000	-54.403
9	712.000	-54.592
9	713.000	-54.826
9	714.000	-55.092
9	715.000	-55.381
9	716.000	-55.687
9	717.000	-55.974
9	718.000	-55.561
9	719.000	-55.039
9	720.000	-54.517
9	721.000	-54.201
9	722.000	-54.045
9	723.000	-54.015
9	724.000	-54.082
9	725.000	-54.224
9	726.000	-54.223
9	727.000	-53.883
9	728.000	-53.624
9	729.000	-53.516
9	730.000	-53.527
9	731.000	-53.630
9	732.000	-53.803
9	733.000	-54.031
9	734.000	-54.299
9	735.000	-54.597
9	736.000	-54.915
9	737.000	-55.026
9	738.000	-55.173
9	739.000	-55.368
9	740.000	-55.494
9	741.000	-55.532
9	742.000	-55.639
9	743.000	-55.800
9	744.000	-56.001
9	745.000	-56.232
9	746.000	-56.484
9	747.000	-56.751
9	748.000	-56.821
9	749.000	-56.898
9	750.000	-56.810
9	751.000	-56.391
9	752.000	-56.023
9	753.000	-55.813
9	754.000	-55.726
9	755.000	-55.736
9	756.000	-55.820
9	757.000	-55.962
9	758.000	-55.967
9	759.000	-55.978
9	760.000	-56.061
9	761.000	-56.199
9	762.000	-56.380
9	763.000	-56.591
9	764.000	-56.825
9	765.000	-57.075
9	766.000	-57.200
9	767.000	-57.243
9	768.000	-57.206
9	769.000	-57.124
9	770.000	-57.124
9	771.000	-57.162
9	772.000	-57.031
9	773.000	-56.541
9	774.000	-56.188
9	775.000	-55.989
9	776.000	-55.804
9	777.000	-55.418
9	778.000	-55.134
9	779.000	-54.891
9	780.000	-54.649
9	781.000	-54.548
9	782.000	-54.555
9	783.000	-54.647
9	784.000	-54.804
9	785.000	-55.011
9	786.000	-55.255
9	787.000	-55.525
9	788.000	-55.814
9	789.000	-56.115
9	790.000	-56.424
9	791.000	-56.508
9	792.000	-56.593
9	793.000	-56.280
9	794.000	-56.008
9	795.000	-55.706
9	796.000	-55.550
9	797.000	-55.508
9	798.000	-55.499
9	799.000	-55.380
9	800.000	-55.367
9	801.000	-55.437
9	802.000	-55.571
9	803.000	-55.752
9	804.000	-55.970
9	805.000	-56.187
9	806.000	-55.850
9	807.000	-55.530
9	808.000	-55.361
9	809.000	-55.311
9	810.000	-55.351
9	811.000	-55.463
9	812.000	-55.628
9	813.000	-55.834
9	814.000	-56.071
9	815.000	-56.328
9	816.000	-56.601
9	817.000	-56.882
9	818.000	-57.060
9	819.000	-57.120
9	820.000	-57.232
9	821.000	-57.382
9	822.000	-57.562
9	823.000	-57.762
9	824.000	-57.978
9	825.000	-58.203
9	826.000	-58.434
9	827.000	-58.668
9	828.000	-58.901
9	829.000	-59.132
9	830.000	-59.330
9	831.000	-59.297
9	832.000	-59.318
9	833.000	-59.380
9	834.000	-59.473
9	835.000	-59.532
9	836.000	-59.417
9	837.000	-59.373
9	838.000	-59.326
9	839.000	-59.047
9	840.000	-58.704
9	841.000	-58.491
9	842.000	-58.379
9	843.000	-58.346
9	844.000	-58.213
9	845.000	-58.071
9	846.000	-58.017
9	847.000	-58.032
9	848.000	-58.101
9	849.000	-58.049
9	850.000	-57.971
9	851.000	-57.736
9	852.000	-57.591
9	853.000	-57.540
9	854.000	-57.561
9	855.000	-57.639
9	856.000	-57.760
9	857.000	-57.681
9	858.000	-57.657
9	859.000	-57.699
9	860.000	-57.791
9	861.000	-57.922
9	862.000	-57.826
9	863.000	-57.810
9	864.000	-57.747
9	865.000	-57.453
9	866.000	-57.195
9	867.000	-57.059
9	868.000	-56.775
9	869.000	-56.120
9	870.000	-55.584
9	871.000	-55.111
9	872.000	-54.828
9	873.000	-54.694
9	874.000	-54.675
9	875.000	-54.617
9	876.000	-54.545
9	877.000	-54.575
9	878.000	-54.685
9	879.000	-54.855
9	880.000	-54.967
9	881.000	-54.778
9	882.000	-54.695
9	883.000	-54.716
9	884.000	-54.816
9	885.000	-54.979
9	886.000	-55.188
9	887.000	-55.189
9	888.000	-55.270
9	889.000	-55.414
9	890.000	-55.605
9	891.000	-55.831
9	892.000	-56.083
9	893.000	-56.353
9	894.000	-56.635
9	895.000	-56.923
9	896.000	-56.794
9	897.000	-56.430
9	898.000	-56.220
9	899.000	-56.131
9	900.000	-55.888
9	901.000	-55.524
9	902.000	-54.885
9	903.000	-54.434
9	904.000	-54.174
9	905.000	-54.009
9	906.000	-53.785
9	907.000	-53.705
9	908.000	-53.735
9	909.000	-53.851
9	910.000	-54.033
9	911.000	-54.266
9	912.000	-54.535
9	913.000	-54.833
9	914.000	-55.148
9	915.000	-55.276
9	916.000	-55.412
9	917.000	-55.596
9	918.000	-55.818
9	919.000	-55.841
9	920.000	-55.913
9	921.000	-56.044
9	922.000	-56.088
9	923.000	-56.053
9	924.000	-55.880
9	925.000	-55.821
9	926.000	-55.696
9	927.000	-55.586
9	928.000	-55.578
9	929.000	-55.650
9	930.000	-55.755
9	931.000	-55.695
9	932.000	-55.645
9	933.000	-55.439
9	934.000	-55.194
9	935.000	-55.085
9	936.000	-55.083
9	937.000	-55.164
9	938.000	-55.307
9	939.000	-55.499
9	940.000	-55.621
9	941.000	-55.654
9	942.000	-55.756
9	943.000	-55.912
9	944.000	-56.108
9	945.000	-56.335
9	946.000	-56.582
9	947.000	-56.711
9	948.000	-56.573
9	949.000	-56.227
9	950.000	-55.830
9	951.000	-55.555
9	952.000	-55.421
9	953.000	-55.396
9	954.000	-55.326
9	955.000	-55.108
9	956.000	-54.908
9	957.000	-54.595
9	958.000	-54.439
9	959.000	-54.405
9	960.000	-54.315
9	961.000	-54.244
9	962.000	-54.278
9	963.000	-54.340
9	964.000	-54.288
9	965.000	-54.337
9	966.000	-54.463
9	967.000	-54.648
9	968.000	-54.877
9	969.000	-55.140
9	970.000	-55.296
9	971.000	-55.229
9	972.000	-54.992
9	973.000	-54.825
9	974.000	-54.779
9	975.000	-54.828
9	976.000	-54.950
9	977.000	-55.128
9	978.000	-55.348
9	979.000	-55.599
9	980.000	-55.873
9	981.000	-56.161
9	982.000	-56.459
9	983.000	-56.761
9	984.000	-57.065
9	985.000	-57.367
9	986.000	-57.434
9	987.000	-57.525
9	988.000	-57.658
9	989.000	-57.821
9	990.000	-57.923
9	991.000	-57.888
9	992.000	-57.919
9	993.000	-58.001
9	994.000	-58.122
9	995.000	-58.272
9	996.000	-58.443
9	997.000	-58.395
9	998.000	-58.389
9	999.000	-58.251
9	1000.000	-57.919
9	1001.000	-57.675
9	1002.000	-57.546
9	1003.000	-57.507
9	1004.000	-57.456
9	1005.000	-57.307
9	1006.000	-57.256
9	1007.000	-57.279
9	1008.000	-57.361
9	1009.000	-57.487
9	1010.000	-57.647
9	1011.000	-57.696
9	1012.000	-57.675
9	1013.000	-57.718
9	1014.000	-57.811
9	1015.000	-57.942
9	1016.000	-58.102
9	1017.000	-58.283
9	1018.000	-58.341
9	1019.000	-58.320
9	1020.000	-58.358
9	1021.000	-58.442
9	1022.000	-58.302
9	1023.000	-58.081
9	1024.000	-57.624
9	1025.000	-57.332
9	1026.000	-57.169
9	1027.000	-57.107
9	1028.000	-56.942
9	1029.000	-56.756
9	1030.000	-56.237
9	1031.000	-55.911
9	1032.000	-55.579
9	1033.000	-55.310
9	1034.000	-54.962
9	1035.000	-54.754
9	1036.000	-54.437
9	1037.000	-54.083
9	1038.000	-53.856
9	1039.000	-53.596
9	1040.000	-53.192
9	1041.000	-52.783
9	1042.000	-52.524
9	1043.000	-52.233
9	1044.000	-52.067
9	1045.000	-51.832
9	1046.000	-51.733
9	1047.000	-51.761
9	1048.000	-51.889
9	1049.000	-52.096
9	1050.000	-52.311
9	1051.000	-52.402
9	1052.000	-52.575
9	1053.000	-52.736
9	1054.000	-52.804
9	1055.000	-52.957
9	1056.000	-53.175
9	1057.000	-53.442
9	1058.000	-53.746
9	1059.000	-53.923
9	1060.000	-53.777
9	1061.000	-53.571
9	1062.000	-53.504
9	1063.000	-53.547
9	1064.000	-53.674
9	1065.000	-53.867
9	1066.000	-54.108
9	1067.000	-54.387
9	1068.000	-54.692
9	1069.000	-55.015
9	1070.000	-55.349
9	1071.000	-55.690
9	1072.000	-56.033
9	1073.000	-56.375
9	1074.000	-56.712
9	1075.000	-57.043
9	1076.000	-57.115
9	1077.000	-57.236
9	1078.000	-57.607
9	1079.000	-58.231
9	1080.000	-58.489
9	1081.000	-58.498
9	1082.000	-58.558
9	1083.000	-58.656
9	1084.000	-58.560
9	1085.000	-58.247
9	1086.000	-58.061
9	1087.000	-57.975
9	1088.000	-57.966
9	1089.000	-58.017
9	1090.000	-58.113
9	1091.000	-58.243
9	1092.000	-58.399
9	1093.000	-58.574
9	1094.000	-58.762
9	1095.000	-58.959
9	1096.000	-58.947
9	1097.000	-58.940
9	1098.000	-58.984
9	1099.000	-59.037
9	1100.000	-58.660
9	1101.000	-58.056
9	1102.000	-57.319
9	1103.000	-56.724
9	1104.000	-56.124
9	1105.000	-55.427
9	1106.000	-54.756
9	1107.000	-54.325
9	1108.000	-54.080
9	1109.000	-53.705
9	1110.000	-53.309
9	1111.000	-53.098
9	1112.000	-53.031
9	1113.000	-53.077
9	1114.000	-53.210
9	1115.000	-53.411
9	1116.000	-53.662
9	1117.000	-53.952
9	1118.000	-54.270
9	1119.000	-54.607
9	1120.000	-54.827
9	1121.000	-54.968
9	1122.000	-55.161
9	1123.000	-55.393
9	1124.000	-55.653
9	1125.000	-55.932
9	1126.000	-56.225
9	1127.000	-56.525
9	1128.000	-56.829
9	1129.000	-57.000
9	1130.000	-56.972
9	1131.000	-56.873
9	1132.000	-56.500
9	1133.000	-56.147
9	1134.000	-55.948
9	1135.000	-55.868
9	1136.000	-55.882
9	1137.000	-55.967
9	1138.000	-56.109
9	1139.000	-56.292
9	1140.000	-56.506
9	1141.000	-56.743
9	1142.000	-56.813
9	1143.000	-56.866
9	1144.000	-56.974
9	1145.000	-57.016
9	1146.000	-56.765
9	1147.000	-56.594
9	1148.000	-56.531
9	1149.000	-56.552
9	1150.000	-56.637
9	1151.000	-56.773
9	1152.000	-56.946
9	1153.000	-57.147
9	1154.000	-57.367
9	1155.000	-57.602
9	1156.000	-57.845
9	1157.000	-58.064
9	1158.000	-58.064
9	1159.000	-57.934
9	1160.000	-57.822
9	1161.000	-57.793
9	1162.000	-57.830
9	1163.000	-57.917
9	1164.000	-58.043
9	1165.000	-58.197
9	1166.000	-58.373
9	1167.000	-58.563
9	1168.000	-58.764
9	1169.000	-58.971
9	1170.000	-59.180
9	1171.000	-59.390
9	1172.000	-59.599
9	1173.000	-59.805
9	1174.000	-60.007
9	1175.000	-60.011
9	1176.000	-59.841
9	1177.000	-59.626
9	1178.000	-59.504
9	1179.000	-59.453
9	1180.000	-59.457
9	1181.000	-59.366
9	1182.000	-59.218
9	1183.000	-59.150
9	1184.000	-59.144
9	1185.000	-58.969
9	1186.000	-58.523
9	1187.000	-58.033
9	1188.000	-57.712
9	1189.000	-57.524
9	1190.000	-57.384
9	1191.000	-57.141
9	1192.000	-57.018
9	1193.000	-56.989
9	1194.000	-56.781
9	1195.000	-56.688
9	1196.000	-56.684
9	1197.000	-56.750
9	1198.000	-56.868
9	1199.000	-56.822
9	1200.000	-56.808
9	1201.000	-56.865
9	1202.000	-56.975
9	1203.000	-57.127
9	1204.000	-57.310
9	1205.000	-57.516
9	1206.000	-57.737
9	1207.000	-57.969
9	1208.000	-57.996
9	1209.000	-58.029
9	1210.000	-58.111
9	1211.000	-58.231
9	1212.000	-58.269
9	1213.000	-58.206
9	1214.000	-58.213
9	1215.000	-58.274
9	1216.000	-58.376
9	1217.000	-58.509
9	1218.000	-58.665
9	1219.000	-58.838
9	1220.000	-58.884
9	1221.000	-58.848
9	1222.000	-58.869
9	1223.000	-58.878
9	1224.000	-58.732
9	1225.000	-58.670
9	1226.000	-58.673
9	1227.000	-58.727
9	1228.000	-58.820
9	1229.000	-58.682
9	1230.000	-58.516
9	1231.000	-58.293
9	1232.000	-58.014
9	1233.000	-57.507
9	1234.000	-57.178
9	1235.000	-56.989
9	1236.000	-56.852
9	1237.000	-56.263
9	1238.000	-55.742
9	1239.000	-55.418
9	1240.000	-55.246
9	1241.000	-55.194
9	1242.000	-55.081
9	1243.000	-54.985
9	1244.000	-54.994
9	1245.000	-55.083
9	1246.000	-55.234
9	1247.000	-55.405
9	1248.000	-55.320
9	1249.000	-55.041
9	1250.000	-54.794
9	1251.000	-54.687
9	1252.000	-54.689
9	1253.000	-54.776
9	1254.000	-54.927
9	1255.000	-54.952
9	1256.000	-54.988
9	1257.000	-55.098
9	1258.000	-55.266
9	1259.000	-55.255
9	1260.000	-55.304
9	1261.000	-55.423
9	1262.000	-55.540
9	1263.000	-55.388
9	1264.000	-55.208
9	1265.000	-54.934
9	1266.000	-54.806
9	1267.000	-54.790
9	1268.000	-54.862
9	1269.000	-55.002
9	1270.000	-55.193
9	1271.000	-55.423
9	1272.000	-55.681
9	1273.000	-55.904
9	1274.000	-55.961
9	1275.000	-56.079
9	1276.000	-56.245
9	1277.000	-56.446
9	1278.000	-56.673
9	1279.000	-56.918
9	1280.000	-57.175
9	1281.000	-57.440
9	1282.000	-57.500
9	1283.000	-57.562
9	1284.000	-57.671
9	1285.000	-57.816
9	1286.000	-57.988
9	1287.000	-58.178
9	1288.000	-58.189
9	1289.000	-57.932
9	1290.000	-57.792
9	1291.000	-57.743
9	1292.000	-57.763
9	1293.000	-57.839
9	1294.000	-57.872
9	1295.000	-57.785
9	1296.000	-57.591
9	1297.000	-57.433
9	1298.000	-57.372
9	1299.000	-57.387
9	1300.000	-57.462
9	1301.000	-57.582
9	1302.000	-57.735
9	1303.000	-57.914
9	1304.000	-58.111
9	1305.000	-58.321
9	1306.000	-58.281
9	1307.000	-58.090
9	1308.000	-57.645
9	1309.000	-57.058
9	1310.000	-56.529
9	1311.000	-56.192
9	1312.000	-55.726
9	1313.000	-55.232
9	1314.000	-54.932
9	1315.000	-54.783
9	1316.000	-54.752
9	1317.000	-54.812
9	1318.000	-54.814
9	1319.000	-54.449
9	1320.000	-53.635
9	1321.000	-53.103
9	1322.000	-52.788
9	1323.000	-52.543
9	1324.000	-52.320
9	1325.000	-52.018
9	1326.000	-51.887
9	1327.000	-51.718
9	1328.000	-51.404
9	1329.000	-51.144
9	1330.000	-50.940
9	1331.000	-50.889
9	1332.000	-50.839
9	1333.000	-50.802
9	1334.000	-50.883
9	1335.000	-51.058
9	1336.000	-51.307
9	1337.000	-51.588
9	1338.000	-51.713
9	1339.000	-51.918
9	1340.000	-52.185
9	1341.000	-52.499
9	1342.000	-52.847
9	1343.000	-53.220
9	1344.000	-53.608
9	1345.000	-54.007
9	1346.000	-54.409
9	1347.000	-54.811
9	1348.000	-55.056
9	1349.000	-55.239
9	1350.000	-55.462
9	1351.000	-55.714
9	1352.000	-55.907
9	1353.000	-55.965
9	1354.000	-56.085
9	1355.000	-56.197
9	1356.000	-56.163
9	1357.000	-56.210
9	1358.000	-56.163
9	1359.000	-56.107
9	1360.000	-56.137
9	1361.000	-56.054
9	1362.000	-55.995
9	1363.000	-55.869
9	1364.000	-55.755
9	1365.000	-55.689
9	1366.000	-55.523
9	1367.000	-55.473
9	1368.000	-55.513
9	1369.000	-55.444
9	1370.000	-55.403
9	1371.000	-55.450
9	1372.000	-55.365
9	1373.000	-55.281
9	1374.000	-55.106
9	1375.000	-55.052
9	1376.000	-55.092
9	1377.000	-55.205
9	1378.000	-55.374
9	1379.000	-55.505
9	1380.000	-55.520
9	1381.000	-55.432
9	1382.000	-55.376
9	1383.000	-55.411
9	1384.000	-55.518
9	1385.000	-55.680
9	1386.000	-55.680
9	1387.000	-55.714
9	1388.000	-55.816
9	1389.000	-55.971
9	1390.000	-56.035
9	1391.000	-56.042
9	1392.000	-56.122
9	1393.000	-56.257
9	1394.000	-56.247
9	1395.000	-55.796
9	1396.000	-55.241
9	1397.000	-54.815
9	1398.000	-54.408
9	1399.000	-54.182
9	1400.000	-54.095
9	1401.000	-54.118
9	1402.000	-54.122
9	1403.000	-54.078
9	1404.000	-54.134
9	1405.000	-54.268
9	1406.000	-54.460
9	1407.000	-54.696
9	1408.000	-54.966
9	1409.000	-55.259
9	1410.000	-55.567
9	1411.000	-55.886
9	1412.000	-56.210
9	1413.000	-56.354
9	1414.000	-56.469
9	1415.000	-56.629
9	1416.000	-56.594
9	1417.000	-56.614
9	1418.000	-56.699
9	1419.000	-56.833
9	1420.000	-57.004
9	1421.000	-57.203
9	1422.000	-57.422
9	1423.000	-57.314
9	1424.000	-56.994
9	1425.000	-56.695
9	1426.000	-56.533
9	1427.000	-56.296
9	1428.000	-56.117
9	1429.000	-56.052
9	1430.000	-55.873
9	1431.000	-55.765
9	1432.000	-55.627
9	1433.000	-55.483
9	1434.000	-55.450
9	1435.000	-55.503
9	1436.000	-55.623
9	1437.000	-55.793
9	1438.000	-56.001
9	1439.000	-56.238
9	1440.000	-56.494
9	1441.000	-56.682
9	1442.000	-56.728
9	1443.000	-56.832
9	1444.000	-56.980
9	1445.000	-57.160
9	1446.000	-57.365
9	1447.000	-57.588
9	1448.000	-57.821
9	1449.000	-58.062
9	1450.000	-58.306
9	1451.000	-58.387
9	1452.000	-58.175
9	1453.000	-58.044
9	1454.000	-57.999
9	1455.000	-58.021
9	1456.000	-58.095
9	1457.000	-57.999
9	1458.000	-57.936
9	1459.000	-57.944
9	1460.000	-57.753
9	1461.000	-57.665
9	1462.000	-57.657
9	1463.000	-57.710
9	1464.000	-57.811
9	1465.000	-57.948
9	1466.000	-58.113
9	1467.000	-58.297
9	1468.000	-58.494
9	1469.000	-58.701
9	1470.000	-58.913
9	1471.000	-59.127
9	1472.000	-59.127
9	1473.000	-58.989
9	1474.000	-58.808
9	1475.000	-58.719
9	1476.000	-58.442
9	1477.000	-58.253
9	1478.000	-57.934
9	1479.000	-57.746
9	1480.000	-57.659
9	1481.000	-57.652
9	1482.000	-57.707
9	1483.000	-57.809
9	1484.000	-57.947
9	1485.000	-58.112
9	1486.000	-58.296
9	1487.000	-58.383
9	1488.000	-58.247
9	1489.000	-58.050
9	1490.000	-57.955
9	1491.000	-57.939
9	1492.000	-57.738
9	1493.000	-57.379
9	1494.000	-57.164
9	1495.000	-57.062
9	1496.000	-56.912
9	1497.000	-56.499
9	1498.000	-56.250
9	1499.000	-56.129
9	1500.000	-56.109
9	1501.000	-56.167
9	1502.000	-56.284
9	1503.000	-56.448
9	1504.000	-56.645
9	1505.000	-56.867
9	1506.000	-57.107
9	1507.000	-57.142
9	1508.000	-56.946
9	1509.000	-56.861
9	1510.000	-56.861
9	1511.000	-56.929
9	1512.000	-57.047
9	1513.000	-57.205
9	1514.000	-57.200
9	1515.000	-56.947
9	1516.000	-56.818
9	1517.000	-56.558
9	1518.000	-56.404
9	1519.000	-56.356
9	1520.000	-56.389
9	1521.000	-56.487
9	1522.000	-56.632
9	1523.000	-56.814
9	1524.000	-57.023
9	1525.000	-57.251
9	1526.000	-57.464
9	1527.000	-57.466
9	1528.000	-57.369
9	1529.000	-57.264
9	1530.000	-57.163
9	1531.000	-56.797
9	1532.000	-56.514
9	1533.000	-56.186
9	1534.000	-55.937
9	1535.000	-55.819
9	1536.000	-55.804
9	1537.000	-55.689
9	1538.000	-55.610
9	1539.000	-55.472
9	1540.000	-55.353
9	1541.000	-55.313
9	1542.000	-55.145
9	1543.000	-55.097
9	1544.000	-55.141
9	1545.000	-55.257
9	1546.000	-55.427
9	1547.000	-55.639
9	1548.000	-55.881
9	1549.000	-56.144
9	1550.000	-56.368
9	1551.000	-56.418
9	1552.000	-56.529
9	1553.000	-56.684
9	1554.000	-56.873
9	1555.000	-57.087
9	1556.000	-57.319
9	1557.000	-57.562
9	1558.000	-57.812
9	1559.000	-58.009
9	1560.000	-58.020
9	1561.000	-58.085
9	1562.000	-58.192
9	1563.000	-58.008
9	1564.000	-57.733
9	1565.000	-57.580
9	1566.000	-57.315
9	1567.000	-57.128
9	1568.000	-57.048
9	1569.000	-57.051
9	1570.000	-57.118
9	1571.000	-57.235
9	1572.000	-57.390
9	1573.000	-57.573
9	1574.000	-57.776
9	1575.000	-57.993
9	1576.000	-58.219
9	1577.000	-58.450
9	1578.000	-58.683
9	1579.000	-58.753
9	1580.000	-58.623
9	1581.000	-58.454
9	1582.000	-58.376
9	1583.000	-58.369
9	1584.000	-58.418
9	1585.000	-58.509
9	1586.000	-58.633
9	1587.000	-58.781
9	1588.000	-58.946
9	1589.000	-59.123
9	1590.000	-59.309
9	1591.000	-59.499
9	1592.000	-59.691
9	1593.000	-59.883
9	1594.000	-60.073
9	1595.000	-60.173
9	1596.000	-60.110
9	1597.000	-60.100
9	1598.000	-60.131
9	1599.000	-60.049
9	1600.000	-59.640
9	1601.000	-59.255
9	1602.000	-58.856
9	1603.000	-58.598
9	1604.000	-58.287
9	1605.000	-58.008
9	1606.000	-57.849
9	1607.000	-57.784
9	1608.000	-57.793
9	1609.000	-57.627
9	1610.000	-57.536
9	1611.000	-57.526
9	1612.000	-57.580
9	1613.000	-57.683
9	1614.000	-57.822
9	1615.000	-57.625
9	1616.000	-57.388
9	1617.000	-57.212
9	1618.000	-56.835
9	1619.000	-56.266
9	1620.000	-55.856
9	1621.000	-55.615
9	1622.000	-55.507
9	1623.000	-55.501
9	1624.000	-55.574
9	1625.000	-55.709
9	1626.000	-55.712
9	1627.000	-55.724
9	1628.000	-55.809
9	1629.000	-55.897
9	1630.000	-55.848
9	1631.000	-55.885
9	1632.000	-55.990
9	1633.000	-56.145
9	1634.000	-56.338
9	1635.000	-56.561
9	1636.000	-56.803
9	1637.000	-57.059
9	1638.000	-57.324
9	1639.000	-57.593
9	1640.000	-57.863
9	1641.000	-57.996
9	1642.000	-58.036
9	1643.000	-58.040
9	1644.000	-57.928
9	1645.000	-57.898
9	1646.000	-57.934
9	1647.000	-58.019
9	1648.000	-57.844
9	1649.000	-57.555
9	1650.000	-57.162
9	1651.000	-56.696
9	1652.000	-56.360
9	1653.000	-56.172
9	1654.000	-56.100
9	1655.000	-56.117
9	1656.000	-56.001
9	1657.000	-55.940
9	1658.000	-55.968
9	1659.000	-56.064
9	1660.000	-56.212
9	1661.000	-56.400
9	1662.000	-56.368
9	1663.000	-56.414
9	1664.000	-56.521
9	1665.000	-56.469
9	1666.000	-56.454
9	1667.000	-56.513
9	1668.000	-56.628
9	1669.000	-56.787
9	1670.000	-56.844
9	1671.000	-56.838
9	1672.000	-56.901
9	1673.000	-56.802
9	1674.000	-56.506
9	1675.000	-56.348
9	1676.000	-56.296
9	1677.000	-56.125
9	1678.000	-55.774
9	1679.000	-55.357
9	1680.000	-54.989
9	1681.000	-54.475
9	1682.000	-54.100
9	1683.000	-53.750
9	1684.000	-53.291
9	1685.000	-52.937
9	1686.000	-52.433
9	1687.000	-51.869
9	1688.000	-51.493
9	1689.000	-51.306
9	1690.000	-51.080
9	1691.000	-50.970
9	1692.000	-50.992
9	1693.000	-51.120
9	1694.000	-51.123
9	1695.000	-51.214
9	1696.000	-51.344
9	1697.000	-51.352
9	1698.000	-51.263
9	1699.000	-51.302
9	1700.000	-51.440
9	1701.000	-51.449
9	1702.000	-51.543
9	1703.000	-51.725
9	1704.000	-51.974
9	1705.000	-52.276
9	1706.000	-52.467
9	1707.000	-52.403
9	1708.000	-52.454
9	1709.000	-52.596
9	1710.000	-52.808
9	1711.000	-52.973
9	1712.000	-53.066
9	1713.000	-53.236
9	1714.000	-53.466
9	1715.000	-53.740
9	1716.000	-54.046
9	1717.000	-54.376
9	1718.000	-54.721
9	1719.000	-55.022
9	1720.000	-55.149
9	1721.000	-55.329
9	1722.000	-55.549
9	1723.000	-55.692
9	1724.000	-55.741
9	1725.000	-55.723
9	1726.000	-55.493
9	1727.000	-55.327
9	1728.000	-55.278
9	1729.000	-55.320
9	1730.000	-55.433
9	1731.000	-55.572
9	1732.000	-55.540
9	1733.000	-55.593
9	1734.000	-55.712
9	1735.000	-55.881
9	1736.000	-56.088
9	1737.000	-56.322
9	1738.000	-56.576
9	1739.000	-56.843
9	1740.000	-56.960
9	1741.000	-57.023
9	1742.000	-56.704
9	1743.000	-56.458
9	1744.000	-56.339
9	1745.000	-56.263
9	1746.000	-55.927
9	1747.000	-55.652
9	1748.000	-55.517
9	1749.000	-55.436
9	1750.000	-55.262
9	1751.000	-55.208
9	1752.000	-55.246
9	1753.000	-55.357
9	1754.000	-55.416
9	1755.000	-55.403
9	1756.000	-55.471
9	1757.000	-55.603
9	1758.000	-55.783
9	1759.000	-55.999
9	1760.000	-56.242
9	1761.000	-56.503
9	1762.000	-56.643
9	1763.000	-56.703
9	1764.000	-56.818
9	1765.000	-56.975
9	1766.000	-56.934
9	1767.000	-56.946
9	1768.000	-57.021
9	1769.000	-57.145
9	1770.000	-57.306
9	1771.000	-57.494
9	1772.000	-57.702
9	1773.000	-57.923
9	1774.000	-58.154
9	1775.000	-58.202
9	1776.000	-58.224
9	1777.000	-58.297
9	1778.000	-58.408
9	1779.000	-58.547
9	1780.000	-58.708
9	1781.000	-58.884
9	1782.000	-59.071
9	1783.000	-59.050
9	1784.000	-59.035
9	1785.000	-59.071
9	1786.000	-59.147
9	1787.000	-59.253
9	1788.000	-59.381
9	1789.000	-59.527
9	1790.000	-59.570
9	1791.000	-59.193
9	1792.000	-58.593
9	1793.000	-57.928
9	1794.000	-57.356
9	1795.000	-56.750
9	1796.000	-55.858
9	1797.000	-55.230
9	1798.000	-54.827
9	1799.000	-54.600
9	1800.000	-54.510
9	1801.000	-54.330
9	1802.000	-53.996
9	1803.000	-53.702
9	1804.000	-53.456
9	1805.000	-53.115
9	1806.000	-52.723
9	1807.000	-52.278
9	1808.000	-51.813
9	1809.000	-51.555
9	1810.000	-51.460
9	1811.000	-51.467
9	1812.000	-51.376
9	1813.000	-51.413
9	1814.000	-51.549
9	1815.000	-51.765
9	1816.000	-51.601
9	1817.000	-51.559
9	1818.000	-51.633
9	1819.000	-51.772
9	1820.000	-51.783
9	1821.000	-51.898
9	1822.000	-52.018
9	1823.000	-52.061
9	1824.000	-52.199
9	1825.000	-52.411
9	1826.000	-52.553
9	1827.000	-52.400
9	1828.000	-52.177
9	1829.000	-52.106
9	1830.000	-52.103
9	1831.000	-52.024
9	1832.000	-52.067
9	1833.000	-52.154
9	1834.000	-52.044
9	1835.000	-51.628
9	1836.000	-51.027
9	1837.000	-50.639
9	1838.000	-50.242
9	1839.000	-49.916
9	1840.000	-49.438
9	1841.000	-49.021
9	1842.000	-48.703
9	1843.000	-48.545
9	1844.000	-48.520
9	1845.000	-48.584
9	1846.000	-48.548
9	1847.000	-48.488
9	1848.000	-48.459
9	1849.000	-48.543
9	1850.000	-48.725
9	1851.000	-48.965
9	1852.000	-49.079
9	1853.000	-49.286
9	1854.000	-49.571
9	1855.000	-49.918
9	1856.000	-50.314
9	1857.000	-50.748
9	1858.000	-51.207
9	1859.000	-51.682
9	1860.000	-52.167
9	1861.000	-52.654
9	1862.000	-53.138
9	1863.000	-53.616
9	1864.000	-54.084
9	1865.000	-54.541
9	1866.000	-54.985
9	1867.000	-55.415
9	1868.000	-55.628
9	1869.000	-55.721
9	1870.000	-55.624
9	1871.000	-55.487
9	1872.000	-55.459
9	1873.000	-55.516
9	1874.000	-55.508
9	1875.000	-55.466
9	1876.000	-55.511
9	1877.000	-55.519
9	1878.000	-55.220
9	1879.000	-54.871
9	1880.000	-54.642
9	1881.000	-54.228
9	1882.000	-53.840
9	1883.000	-53.631
9	1884.000	-53.414
9	1885.000	-53.253
9	1886.000	-53.223
9	1887.000	-53.297
9	1888.000	-53.450
9	1889.000	-53.586
9	1890.000	-53.627
9	1891.000	-53.752
9	1892.000	-53.704
9	1893.000	-53.658
9	1894.000	-53.580
9	1895.000	-53.612
9	1896.000	-53.731
9	1897.000	-53.917
9	1898.000	-54.152
9	1899.000	-54.425
9	1900.000	-54.726
9	1901.000	-55.045
9	1902.000	-55.376
9	1903.000	-55.714
9	1904.000	-56.054
9	1905.000	-56.393
9	1906.000	-56.728
9	1907.000	-56.949
9	1908.000	-57.044
9	1909.000	-57.183
9	1910.000	-57.356
9	1911.000	-57.552
9	1912.000	-57.766
9	1913.000	-57.552
9	1914.000	-57.378
9	1915.000	-57.172
9	1916.000	-56.959
9	1917.000	-56.860
9	1918.000	-56.850
9	1919.000	-56.909
9	1920.000	-57.022
9	1921.000	-57.175
9	1922.000	-57.249
9	1923.000	-57.227
9	1924.000	-57.114
9	1925.000	-56.998
9	1926.000	-56.974
9	1927.000	-56.771
9	1928.000	-56.681
9	1929.000	-56.680
9	1930.000	-56.692
9	1931.000	-56.468
9	1932.000	-56.224
9	1933.000	-56.107
9	1934.000	-56.090
9	1935.000	-56.150
9	1936.000	-56.090
9	1937.000	-56.049
9	1938.000	-55.984
9	1939.000	-55.868
9	1940.000	-55.853
9	1941.000	-55.917
9	1942.000	-56.041
9	1943.000	-56.212
9	1944.000	-56.261
9	1945.000	-56.278
9	1946.000	-56.364
9	1947.000	-56.501
9	1948.000	-56.678
9	1949.000	-56.702
9	1950.000	-56.721
9	1951.000	-56.721
9	1952.000	-56.621
9	1953.000	-56.613
9	1954.000	-56.675
9	1955.000	-56.792
9	1956.000	-56.950
9	1957.000	-57.140
9	1958.000	-57.351
9	1959.000	-57.579
9	1960.000	-57.585
9	1961.000	-57.628
9	1962.000	-57.490
9	1963.000	-57.422
9	1964.000	-57.431
9	1965.000	-57.501
9	1966.000	-57.616
9	1967.000	-57.766
9	1968.000	-57.942
9	1969.000	-57.921
9	1970.000	-57.667
9	1971.000	-57.531
9	1972.000	-57.486
9	1973.000	-57.513
9	1974.000	-57.342
9	1975.000	-57.273
9	1976.000	-57.226
9	1977.000	-57.058
9	1978.000	-56.992
9	1979.000	-57.008
9	1980.000	-57.085
9	1981.000	-57.210
9	1982.000	-57.371
9	1983.000	-57.559
9	1984.000	-57.766
9	1985.000	-57.986
9	1986.000	-58.215
9	1987.000	-58.448
9	1988.000	-58.683
9	1989.000	-58.917
9	1990.000	-59.009
9	1991.000	-58.513
9	1992.000	-58.160
9	1993.000	-57.943
9	1994.000	-57.673
9	1995.000	-57.430
9	1996.000	-57.248
9	1997.000	-56.920
9	1998.000	-56.538
9	1999.000	-56.232
9	2000.000	-55.902
