# NEST version: UNKNOWN
# RecordingBackendASCII version: 2
sender	time_ms	V_m
804	1.000	-59.817
804	2.000	-60.069
804	3.000	-60.310
804	4.000	-60.539
804	5.000	-60.756
804	6.000	-60.963
804	7.000	-61.160
804	8.000	-61.347
804	9.000	-61.355
804	10.000	-61.292
804	11.000	-61.276
804	12.000	-61.297
804	13.000	-61.346
804	14.000	-61.416
804	15.000	-61.502
804	16.000	-61.600
804	17.000	-61.706
804	18.000	-61.818
804	19.000	-61.933
804	20.000	-62.050
804	21.000	-62.167
804	22.000	-62.283
804	23.000	-62.307
804	24.000	-62.165
804	25.000	-62.080
804	26.000	-62.039
804	27.000	-62.034
804	28.000	-62.056
804	29.000	-61.927
804	30.000	-61.752
804	31.000	-61.646
804	32.000	-61.593
804	33.000	-61.582
804	34.000	-61.604
804	35.000	-61.650
804	36.000	-61.716
804	37.000	-61.797
804	38.000	-61.888
804	39.000	-61.955
804	40.000	-61.761
804	41.000	-61.282
804	42.000	-60.792
804	43.000	-60.451
804	44.000	-60.228
804	45.000	-60.098
804	46.000	-60.040
804	47.000	-59.775
804	48.000	-59.616
804	49.000	-59.541
804	50.000	-59.531
804	51.000	-59.571
804	52.000	-59.650
804	53.000	-59.759
804	54.000	-59.890
804	55.000	-60.037
804	56.000	-60.195
804	57.000	-60.360
804	58.000	-60.530
804	59.000	-60.586
804	60.000	-60.516
804	61.000	-60.502
804	62.000	-60.530
804	63.000	-60.592
804	64.000	-60.679
804	65.000	-60.784
804	66.000	-60.904
804	67.000	-61.033
804	68.000	-61.168
804	69.000	-61.307
804	70.000	-61.448
804	71.000	-61.589
804	72.000	-61.729
804	73.000	-61.837
804	74.000	-61.483
804	75.000	-61.133
804	76.000	-60.571
804	77.000	-59.887
804	78.000	-59.283
804	79.000	-58.869
804	80.000	-58.605
804	81.000	-58.457
804	82.000	-58.400
804	83.000	-58.385
804	84.000	-58.204
804	85.000	-57.708
804	86.000	-57.298
804	87.000	-57.050
804	88.000	-56.928
804	89.000	-56.850
804	90.000	-56.667
804	91.000	-56.599
804	92.000	-56.621
804	93.000	-56.711
804	94.000	-56.855
804	95.000	-57.038
804	96.000	-56.998
804	97.000	-57.039
804	98.000	-57.140
804	99.000	-57.288
804	100.000	-57.264
804	101.000	-57.267
804	102.000	-57.227
804	103.000	-56.873
804	104.000	-56.514
804	105.000	-56.221
804	106.000	-56.073
804	107.000	-56.038
804	108.000	-56.089
804	109.000	-56.207
804	110.000	-56.377
804	111.000	-56.584
804	112.000	-56.791
804	113.000	-56.802
804	114.000	-56.883
804	115.000	-57.017
804	116.000	-57.191
804	117.000	-57.339
804	118.000	-57.191
804	119.000	-56.737
804	120.000	-56.252
804	121.000	-55.956
804	122.000	-55.808
804	123.000	-55.775
804	124.000	-55.831
804	125.000	-55.955
804	126.000	-56.130
804	127.000	-56.345
804	128.000	-56.588
804	129.000	-56.795
804	130.000	-56.834
804	131.000	-56.935
804	132.000	-57.085
804	133.000	-57.088
804	134.000	-57.091
804	135.000	-56.958
804	136.000	-56.880
804	137.000	-56.891
804	138.000	-56.766
804	139.000	-56.697
804	140.000	-56.717
804	141.000	-56.806
804	142.000	-56.946
804	143.000	-56.968
804	144.000	-56.963
804	145.000	-56.848
804	146.000	-56.706
804	147.000	-56.477
804	148.000	-56.374
804	149.000	-56.371
804	150.000	-56.445
804	151.000	-56.578
804	152.000	-56.755
804	153.000	-56.965
804	154.000	-57.199
804	155.000	-57.290
804	156.000	-57.106
804	157.000	-57.011
804	158.000	-57.008
804	159.000	-57.076
804	160.000	-57.199
804	161.000	-57.363
804	162.000	-57.557
804	163.000	-57.774
804	164.000	-58.007
804	165.000	-57.993
804	166.000	-58.044
804	167.000	-57.960
804	168.000	-57.886
804	169.000	-57.892
804	170.000	-57.959
804	171.000	-58.074
804	172.000	-57.968
804	173.000	-57.948
804	174.000	-57.994
804	175.000	-58.092
804	176.000	-58.173
804	177.000	-57.910
804	178.000	-57.700
804	179.000	-57.602
804	180.000	-57.482
804	181.000	-57.312
804	182.000	-57.248
804	183.000	-57.015
804	184.000	-56.907
804	185.000	-56.894
804	186.000	-56.847
804	187.000	-56.740
804	188.000	-56.731
804	189.000	-56.569
804	190.000	-56.496
804	191.000	-56.334
804	192.000	-56.218
804	193.000	-56.003
804	194.000	-55.872
804	195.000	-55.852
804	196.000	-55.916
804	197.000	-56.046
804	198.000	-56.226
804	199.000	-56.443
804	200.000	-56.687
804	201.000	-56.950
804	202.000	-57.225
804	203.000	-57.508
804	204.000	-57.793
804	205.000	-58.080
804	206.000	-57.967
804	207.000	-57.826
804	208.000	-57.780
804	209.000	-57.809
804	210.000	-57.640
804	211.000	-57.518
804	212.000	-57.293
804	213.000	-56.778
804	214.000	-56.363
804	215.000	-56.120
804	216.000	-56.011
804	217.000	-56.006
804	218.000	-56.054
804	219.000	-55.951
804	220.000	-55.951
804	221.000	-56.031
804	222.000	-56.172
804	223.000	-56.359
804	224.000	-56.399
804	225.000	-56.438
804	226.000	-56.296
804	227.000	-56.060
804	228.000	-55.885
804	229.000	-55.612
804	230.000	-55.405
804	231.000	-55.167
804	232.000	-55.069
804	233.000	-55.082
804	234.000	-55.179
804	235.000	-55.341
804	236.000	-55.551
804	237.000	-55.797
804	238.000	-56.070
804	239.000	-56.333
804	240.000	-56.392
804	241.000	-56.514
804	242.000	-56.684
804	243.000	-56.889
804	244.000	-57.119
804	245.000	-57.368
804	246.000	-57.469
804	247.000	-57.491
804	248.000	-57.350
804	249.000	-57.308
804	250.000	-57.344
804	251.000	-57.439
804	252.000	-57.579
804	253.000	-56.362
804	254.000	-54.916
804	255.000	-53.885
804	256.000	-52.993
804	257.000	-52.421
804	258.000	-51.995
804	259.000	-51.654
804	260.000	-51.460
804	261.000	-51.014
804	262.000	-50.361
804	263.000	-49.981
804	264.000	-49.806
804	265.000	-49.793
804	266.000	-49.678
804	267.000	-49.493
804	268.000	-49.294
804	269.000	-48.923
804	270.000	-48.615
804	271.000	-48.173
804	272.000	-65.000
804	273.000	-65.000
804	274.000	-65.000
804	275.000	-65.000
804	276.000	-65.000
804	277.000	-64.886
804	278.000	-64.566
804	279.000	-64.321
804	280.000	-64.137
804	281.000	-63.880
804	282.000	-63.531
804	283.000	-63.273
804	284.000	-63.089
804	285.000	-62.963
804	286.000	-62.883
804	287.000	-62.839
804	288.000	-62.825
804	289.000	-62.742
804	290.000	-62.511
804	291.000	-62.355
804	292.000	-61.942
804	293.000	-61.148
804	294.000	-60.573
804	295.000	-60.168
804	296.000	-59.899
804	297.000	-59.736
804	298.000	-59.441
804	299.000	-59.215
804	300.000	-59.091
804	301.000	-58.963
804	302.000	-58.604
804	303.000	-58.264
804	304.000	-58.060
804	305.000	-57.965
804	306.000	-57.953
804	307.000	-58.005
804	308.000	-57.968
804	309.000	-57.631
804	310.000	-57.436
804	311.000	-57.352
804	312.000	-57.355
804	313.000	-57.315
804	314.000	-56.872
804	315.000	-56.438
804	316.000	-56.049
804	317.000	-55.536
804	318.000	-55.159
804	319.000	-54.956
804	320.000	-54.713
804	321.000	-54.551
804	322.000	-54.300
804	323.000	-54.180
804	324.000	-54.183
804	325.000	-54.042
804	326.000	-54.030
804	327.000	-54.118
804	328.000	-54.281
804	329.000	-54.502
804	330.000	-54.766
804	331.000	-55.061
804	332.000	-55.377
804	333.000	-55.708
804	334.000	-56.047
804	335.000	-56.390
804	336.000	-56.704
804	337.000	-56.800
804	338.000	-56.946
804	339.000	-57.130
804	340.000	-57.343
804	341.000	-57.576
804	342.000	-57.822
804	343.000	-58.077
804	344.000	-58.097
804	345.000	-57.716
804	346.000	-57.417
804	347.000	-57.198
804	348.000	-56.519
804	349.000	-55.713
804	350.000	-54.958
804	351.000	-54.371
804	352.000	-53.855
804	353.000	-53.559
804	354.000	-53.431
804	355.000	-53.435
804	356.000	-53.392
804	357.000	-53.373
804	358.000	-53.248
804	359.000	-53.234
804	360.000	-53.327
804	361.000	-53.501
804	362.000	-53.738
804	363.000	-54.020
804	364.000	-54.336
804	365.000	-54.675
804	366.000	-55.029
804	367.000	-55.393
804	368.000	-55.706
804	369.000	-55.839
804	370.000	-55.474
804	371.000	-55.092
804	372.000	-54.782
804	373.000	-54.497
804	374.000	-54.220
804	375.000	-54.014
804	376.000	-53.952
804	377.000	-53.875
804	378.000	-53.587
804	379.000	-53.394
804	380.000	-52.974
804	381.000	-52.716
804	382.000	-52.626
804	383.000	-52.666
804	384.000	-52.805
804	385.000	-53.020
804	386.000	-53.114
804	387.000	-52.975
804	388.000	-52.768
804	389.000	-52.352
804	390.000	-51.495
804	391.000	-50.808
804	392.000	-50.207
804	393.000	-49.768
804	394.000	-49.405
804	395.000	-49.212
804	396.000	-49.159
804	397.000	-49.238
804	398.000	-49.445
804	399.000	-49.763
804	400.000	-50.161
804	401.000	-50.611
804	402.000	-51.092
804	403.000	-51.589
804	404.000	-51.950
804	405.000	-52.260
804	406.000	-52.613
804	407.000	-52.895
804	408.000	-52.840
804	409.000	-52.686
804	410.000	-52.466
804	411.000	-52.220
804	412.000	-51.959
804	413.000	-51.502
804	414.000	-51.082
804	415.000	-50.882
804	416.000	-50.825
804	417.000	-50.707
804	418.000	-50.740
804	419.000	-50.728
804	420.000	-50.783
804	421.000	-50.950
804	422.000	-51.203
804	423.000	-51.521
804	424.000	-51.886
804	425.000	-52.285
804	426.000	-52.584
804	427.000	-52.669
804	428.000	-52.758
804	429.000	-52.935
804	430.000	-53.177
804	431.000	-53.470
804	432.000	-53.798
804	433.000	-54.151
804	434.000	-54.521
804	435.000	-54.901
804	436.000	-55.285
804	437.000	-55.670
804	438.000	-56.052
804	439.000	-56.180
804	440.000	-56.357
804	441.000	-56.571
804	442.000	-56.811
804	443.000	-57.041
804	444.000	-57.067
804	445.000	-57.157
804	446.000	-56.907
804	447.000	-56.672
804	448.000	-56.565
804	449.000	-56.200
804	450.000	-55.858
804	451.000	-55.474
804	452.000	-55.219
804	453.000	-55.109
804	454.000	-55.112
804	455.000	-55.071
804	456.000	-55.014
804	457.000	-54.905
804	458.000	-54.821
804	459.000	-54.845
804	460.000	-54.954
804	461.000	-55.126
804	462.000	-55.347
804	463.000	-55.359
804	464.000	-55.454
804	465.000	-55.411
804	466.000	-55.418
804	467.000	-55.155
804	468.000	-54.665
804	469.000	-54.381
804	470.000	-54.105
804	471.000	-53.901
804	472.000	-53.842
804	473.000	-53.895
804	474.000	-54.033
804	475.000	-54.020
804	476.000	-54.086
804	477.000	-54.232
804	478.000	-54.441
804	479.000	-54.592
804	480.000	-54.663
804	481.000	-54.809
804	482.000	-55.013
804	483.000	-55.258
804	484.000	-55.454
804	485.000	-55.526
804	486.000	-55.665
804	487.000	-55.775
804	488.000	-55.775
804	489.000	-55.857
804	490.000	-55.921
804	491.000	-55.551
804	492.000	-55.193
804	493.000	-55.296
804	494.000	-55.467
804	495.000	-55.680
804	496.000	-55.769
804	497.000	-55.827
804	498.000	-55.952
804	499.000	-56.127
804	500.000	-56.340
804	501.000	-56.354
804	502.000	-56.419
804	503.000	-56.544
804	504.000	-56.715
804	505.000	-56.921
804	506.000	-57.151
804	507.000	-57.398
804	508.000	-57.039
804	509.000	-56.334
804	510.000	-55.737
804	511.000	-55.232
804	512.000	-54.765
804	513.000	-54.311
804	514.000	-54.057
804	515.000	-53.958
804	516.000	-53.979
804	517.000	-54.065
804	518.000	-54.017
804	519.000	-54.077
804	520.000	-54.219
804	521.000	-54.273
804	522.000	-54.321
804	523.000	-54.200
804	524.000	-53.977
804	525.000	-53.708
804	526.000	-53.559
804	527.000	-53.544
804	528.000	-53.634
804	529.000	-53.777
804	530.000	-53.650
804	531.000	-54.066
804	532.000	-54.524
804	533.000	-54.964
804	534.000	-54.992
804	535.000	-55.014
804	536.000	-54.966
804	537.000	-54.929
804	538.000	-54.988
804	539.000	-55.122
804	540.000	-55.312
804	541.000	-55.544
804	542.000	-55.806
804	543.000	-56.090
804	544.000	-56.185
804	545.000	-56.292
804	546.000	-56.451
804	547.000	-56.650
804	548.000	-56.650
804	549.000	-56.702
804	550.000	-56.815
804	551.000	-56.974
804	552.000	-57.169
804	553.000	-57.389
804	554.000	-57.627
804	555.000	-57.877
804	556.000	-58.135
804	557.000	-58.395
804	558.000	-58.657
804	559.000	-58.916
804	560.000	-59.171
804	561.000	-59.421
804	562.000	-59.666
804	563.000	-59.903
804	564.000	-60.018
804	565.000	-60.001
804	566.000	-59.791
804	567.000	-59.651
804	568.000	-59.400
804	569.000	-59.098
804	570.000	-58.742
804	571.000	-58.523
804	572.000	-58.411
804	573.000	-58.272
804	574.000	-58.049
804	575.000	-57.711
804	576.000	-57.516
804	577.000	-57.178
804	578.000	-56.932
804	579.000	-56.618
804	580.000	-56.451
804	581.000	-56.397
804	582.000	-56.431
804	583.000	-56.451
804	584.000	-56.375
804	585.000	-56.236
804	586.000	-56.114
804	587.000	-56.098
804	588.000	-56.165
804	589.000	-56.294
804	590.000	-56.245
804	591.000	-56.262
804	592.000	-56.352
804	593.000	-56.499
804	594.000	-56.687
804	595.000	-56.773
804	596.000	-56.795
804	597.000	-56.885
804	598.000	-56.797
804	599.000	-56.780
804	600.000	-56.839
804	601.000	-56.799
804	602.000	-56.747
804	603.000	-56.443
804	604.000	-56.124
804	605.000	-55.875
804	606.000	-55.469
804	607.000	-55.128
804	608.000	-54.952
804	609.000	-54.905
804	610.000	-54.958
804	611.000	-55.087
804	612.000	-55.274
804	613.000	-55.400
804	614.000	-55.289
804	615.000	-55.146
804	616.000	-54.933
804	617.000	-54.779
804	618.000	-54.485
804	619.000	-54.216
804	620.000	-54.103
804	621.000	-54.113
804	622.000	-54.216
804	623.000	-54.391
804	624.000	-54.620
804	625.000	-54.784
804	626.000	-54.736
804	627.000	-54.676
804	628.000	-54.721
804	629.000	-54.793
804	630.000	-54.751
804	631.000	-54.680
804	632.000	-54.577
804	633.000	-54.376
804	634.000	-54.316
804	635.000	-54.363
804	636.000	-54.493
804	637.000	-54.534
804	638.000	-54.570
804	639.000	-54.636
804	640.000	-54.591
804	641.000	-54.648
804	642.000	-54.784
804	643.000	-54.978
804	644.000	-55.008
804	645.000	-54.844
804	646.000	-54.807
804	647.000	-54.868
804	648.000	-54.829
804	649.000	-54.823
804	650.000	-54.907
804	651.000	-55.061
804	652.000	-55.013
804	653.000	-54.834
804	654.000	-54.786
804	655.000	-54.839
804	656.000	-54.970
804	657.000	-55.159
804	658.000	-55.392
804	659.000	-55.658
804	660.000	-55.947
804	661.000	-56.251
804	662.000	-56.565
804	663.000	-56.884
804	664.000	-56.952
804	665.000	-57.075
804	666.000	-57.241
804	667.000	-57.438
804	668.000	-57.658
804	669.000	-57.894
804	670.000	-58.140
804	671.000	-58.158
804	672.000	-58.209
804	673.000	-58.309
804	674.000	-58.445
804	675.000	-58.609
804	676.000	-58.793
804	677.000	-58.933
804	678.000	-58.893
804	679.000	-58.916
804	680.000	-58.987
804	681.000	-59.095
804	682.000	-59.018
804	683.000	-58.907
804	684.000	-58.437
804	685.000	-58.111
804	686.000	-57.920
804	687.000	-57.835
804	688.000	-57.624
804	689.000	-57.480
804	690.000	-57.435
804	691.000	-57.468
804	692.000	-57.559
804	693.000	-57.535
804	694.000	-57.489
804	695.000	-57.519
804	696.000	-57.609
804	697.000	-57.743
804	698.000	-57.912
804	699.000	-58.105
804	700.000	-58.317
804	701.000	-58.540
804	702.000	-58.582
804	703.000	-58.601
804	704.000	-58.672
804	705.000	-58.783
804	706.000	-58.925
804	707.000	-59.088
804	708.000	-59.267
804	709.000	-59.218
804	710.000	-59.209
804	711.000	-59.252
804	712.000	-59.337
804	713.000	-59.394
804	714.000	-59.285
804	715.000	-59.250
804	716.000	-59.274
804	717.000	-59.343
804	718.000	-59.447
804	719.000	-59.382
804	720.000	-59.052
804	721.000	-58.850
804	722.000	-58.749
804	723.000	-58.725
804	724.000	-58.762
804	725.000	-58.846
804	726.000	-58.827
804	727.000	-58.745
804	728.000	-58.737
804	729.000	-58.787
804	730.000	-58.879
804	731.000	-58.920
804	732.000	-58.693
804	733.000	-58.218
804	734.000	-57.890
804	735.000	-57.700
804	736.000	-57.617
804	737.000	-57.562
804	738.000	-57.388
804	739.000	-57.320
804	740.000	-57.335
804	741.000	-57.415
804	742.000	-57.544
804	743.000	-57.709
804	744.000	-57.902
804	745.000	-58.115
804	746.000	-58.341
804	747.000	-58.575
804	748.000	-58.602
804	749.000	-58.633
804	750.000	-58.525
804	751.000	-58.428
804	752.000	-58.411
804	753.000	-58.456
804	754.000	-58.549
804	755.000	-58.283
804	756.000	-58.017
804	757.000	-57.873
804	758.000	-57.769
804	759.000	-57.554
804	760.000	-57.453
804	761.000	-57.442
804	762.000	-57.500
804	763.000	-57.359
804	764.000	-57.316
804	765.000	-57.351
804	766.000	-57.446
804	767.000	-57.586
804	768.000	-57.760
804	769.000	-57.959
804	770.000	-58.176
804	771.000	-58.294
804	772.000	-58.298
804	773.000	-58.360
804	774.000	-58.305
804	775.000	-58.226
804	776.000	-58.225
804	777.000	-58.284
804	778.000	-58.202
804	779.000	-58.128
804	780.000	-58.132
804	781.000	-58.195
804	782.000	-58.305
804	783.000	-58.448
804	784.000	-58.618
804	785.000	-58.806
804	786.000	-59.007
804	787.000	-59.216
804	788.000	-59.430
804	789.000	-59.645
804	790.000	-59.861
804	791.000	-60.073
804	792.000	-60.282
804	793.000	-60.487
804	794.000	-60.571
804	795.000	-60.523
804	796.000	-60.525
804	797.000	-60.566
804	798.000	-60.637
804	799.000	-60.644
804	800.000	-60.507
804	801.000	-60.441
804	802.000	-60.430
804	803.000	-60.461
804	804.000	-60.526
804	805.000	-60.616
804	806.000	-60.530
804	807.000	-60.430
804	808.000	-60.393
804	809.000	-60.404
804	810.000	-60.454
804	811.000	-60.503
804	812.000	-60.344
804	813.000	-60.262
804	814.000	-60.240
804	815.000	-59.759
804	816.000	-59.326
804	817.000	-58.704
804	818.000	-58.187
804	819.000	-57.849
804	820.000	-57.652
804	821.000	-57.564
804	822.000	-57.562
804	823.000	-57.626
804	824.000	-57.741
804	825.000	-57.894
804	826.000	-58.075
804	827.000	-58.277
804	828.000	-58.237
804	829.000	-58.181
804	830.000	-57.770
804	831.000	-57.518
804	832.000	-57.390
804	833.000	-57.357
804	834.000	-57.400
804	835.000	-57.499
804	836.000	-57.643
804	837.000	-57.819
804	838.000	-58.020
804	839.000	-57.767
804	840.000	-57.342
804	841.000	-57.082
804	842.000	-56.952
804	843.000	-56.894
804	844.000	-56.698
804	845.000	-56.484
804	846.000	-56.034
804	847.000	-55.768
804	848.000	-55.644
804	849.000	-55.631
804	850.000	-55.703
804	851.000	-55.841
804	852.000	-56.029
804	853.000	-56.254
804	854.000	-56.505
804	855.000	-56.776
804	856.000	-56.830
804	857.000	-56.922
804	858.000	-57.064
804	859.000	-56.993
804	860.000	-57.009
804	861.000	-56.933
804	862.000	-56.853
804	863.000	-56.863
804	864.000	-56.942
804	865.000	-57.075
804	866.000	-57.247
804	867.000	-57.450
804	868.000	-57.674
804	869.000	-57.752
804	870.000	-57.597
804	871.000	-57.474
804	872.000	-57.445
804	873.000	-57.406
804	874.000	-57.273
804	875.000	-57.009
804	876.000	-56.853
804	877.000	-56.805
804	878.000	-56.840
804	879.000	-56.806
804	880.000	-56.734
804	881.000	-56.752
804	882.000	-56.838
804	883.000	-56.977
804	884.000	-57.156
804	885.000	-57.363
804	886.000	-57.592
804	887.000	-57.835
804	888.000	-58.088
804	889.000	-58.345
804	890.000	-58.604
804	891.000	-58.862
804	892.000	-59.117
804	893.000	-59.367
804	894.000	-59.421
804	895.000	-59.441
804	896.000	-59.505
804	897.000	-59.603
804	898.000	-59.727
804	899.000	-59.870
804	900.000	-60.026
804	901.000	-60.192
804	902.000	-60.363
804	903.000	-60.537
804	904.000	-60.544
804	905.000	-60.247
804	906.000	-60.035
804	907.000	-59.916
804	908.000	-59.605
804	909.000	-59.247
804	910.000	-58.667
804	911.000	-58.277
804	912.000	-58.007
804	913.000	-57.634
804	914.000	-57.412
804	915.000	-57.308
804	916.000	-57.065
804	917.000	-56.926
804	918.000	-56.889
804	919.000	-56.933
804	920.000	-57.037
804	921.000	-57.189
804	922.000	-57.241
804	923.000	-57.231
804	924.000	-57.292
804	925.000	-57.408
804	926.000	-57.564
804	927.000	-57.383
804	928.000	-57.172
804	929.000	-56.996
804	930.000	-56.762
804	931.000	-56.654
804	932.000	-56.589
804	933.000	-56.337
804	934.000	-56.054
804	935.000	-55.914
804	936.000	-55.887
804	937.000	-55.945
804	938.000	-55.915
804	939.000	-55.881
804	940.000	-55.935
804	941.000	-55.901
804	942.000	-55.864
804	943.000	-55.916
804	944.000	-56.036
804	945.000	-56.208
804	946.000	-56.419
804	947.000	-56.659
804	948.000	-56.919
804	949.000	-57.192
804	950.000	-57.473
804	951.000	-57.758
804	952.000	-57.908
804	953.000	-57.967
804	954.000	-58.075
804	955.000	-58.220
804	956.000	-58.392
804	957.000	-58.584
804	958.000	-58.790
804	959.000	-59.005
804	960.000	-59.226
804	961.000	-59.233
804	962.000	-59.243
804	963.000	-59.302
804	964.000	-59.397
804	965.000	-59.521
804	966.000	-59.666
804	967.000	-59.825
804	968.000	-59.995
804	969.000	-60.171
804	970.000	-60.133
804	971.000	-60.099
804	972.000	-60.115
804	973.000	-60.171
804	974.000	-60.257
804	975.000	-60.251
804	976.000	-59.896
804	977.000	-59.644
804	978.000	-59.496
804	979.000	-59.430
804	980.000	-59.428
804	981.000	-59.476
804	982.000	-59.562
804	983.000	-59.414
804	984.000	-59.135
804	985.000	-58.924
804	986.000	-58.815
804	987.000	-58.784
804	988.000	-58.816
804	989.000	-58.895
804	990.000	-59.010
804	991.000	-58.939
804	992.000	-58.891
804	993.000	-58.907
804	994.000	-58.888
804	995.000	-58.753
804	996.000	-58.704
804	997.000	-58.721
804	998.000	-58.790
804	999.000	-58.898
804	1000.000	-58.847
804	1001.000	-58.791
804	1002.000	-58.802
804	1003.000	-58.866
804	1004.000	-58.969
804	1005.000	-59.102
804	1006.000	-59.258
804	1007.000	-59.430
804	1008.000	-59.613
804	1009.000	-59.802
804	1010.000	-59.779
804	1011.000	-59.594
804	1012.000	-59.402
804	1013.000	-59.302
804	1014.000	-59.275
804	1015.000	-59.305
804	1016.000	-59.378
804	1017.000	-59.484
804	1018.000	-59.616
804	1019.000	-59.600
804	1020.000	-59.538
804	1021.000	-59.479
804	1022.000	-59.279
804	1023.000	-59.036
804	1024.000	-58.779
804	1025.000	-58.525
804	1026.000	-58.077
804	1027.000	-57.616
804	1028.000	-57.157
804	1029.000	-56.873
804	1030.000	-56.726
804	1031.000	-56.686
804	1032.000	-56.727
804	1033.000	-56.833
804	1034.000	-56.931
804	1035.000	-56.854
804	1036.000	-56.645
804	1037.000	-56.558
804	1038.000	-56.564
804	1039.000	-56.511
804	1040.000	-56.428
804	1041.000	-56.412
804	1042.000	-56.255
804	1043.000	-56.211
804	1044.000	-56.098
804	1045.000	-55.998
804	1046.000	-55.531
804	1047.000	-55.181
804	1048.000	-54.810
804	1049.000	-54.615
804	1050.000	-54.556
804	1051.000	-54.603
804	1052.000	-54.730
804	1053.000	-54.767
804	1054.000	-54.599
804	1055.000	-54.344
804	1056.000	-54.074
804	1057.000	-53.656
804	1058.000	-53.371
804	1059.000	-53.254
804	1060.000	-53.268
804	1061.000	-53.381
804	1062.000	-53.572
804	1063.000	-53.820
804	1064.000	-54.110
804	1065.000	-54.432
804	1066.000	-54.774
804	1067.000	-55.131
804	1068.000	-55.495
804	1069.000	-55.862
804	1070.000	-56.228
804	1071.000	-56.590
804	1072.000	-56.890
804	1073.000	-57.000
804	1074.000	-57.155
804	1075.000	-57.345
804	1076.000	-57.560
804	1077.000	-57.793
804	1078.000	-58.246
804	1079.000	-58.923
804	1080.000	-59.493
804	1081.000	-59.978
804	1082.000	-60.395
804	1083.000	-60.756
804	1084.000	-61.072
804	1085.000	-61.155
804	1086.000	-61.180
804	1087.000	-61.232
804	1088.000	-61.306
804	1089.000	-61.396
804	1090.000	-61.409
804	1091.000	-61.125
804	1092.000	-60.814
804	1093.000	-60.443
804	1094.000	-60.099
804	1095.000	-59.877
804	1096.000	-59.750
804	1097.000	-59.699
804	1098.000	-59.705
804	1099.000	-59.757
804	1100.000	-59.581
804	1101.000	-59.492
804	1102.000	-59.472
804	1103.000	-59.505
804	1104.000	-59.580
804	1105.000	-59.656
804	1106.000	-59.389
804	1107.000	-59.110
804	1108.000	-58.947
804	1109.000	-58.874
804	1110.000	-58.871
804	1111.000	-58.923
804	1112.000	-59.017
804	1113.000	-59.143
804	1114.000	-59.293
804	1115.000	-59.245
804	1116.000	-58.998
804	1117.000	-58.813
804	1118.000	-58.725
804	1119.000	-58.712
804	1120.000	-58.757
804	1121.000	-58.847
804	1122.000	-58.972
804	1123.000	-59.036
804	1124.000	-58.964
804	1125.000	-58.961
804	1126.000	-59.012
804	1127.000	-59.104
804	1128.000	-59.228
804	1129.000	-59.375
804	1130.000	-59.539
804	1131.000	-59.715
804	1132.000	-59.898
804	1133.000	-60.086
804	1134.000	-60.276
804	1135.000	-60.465
804	1136.000	-60.652
804	1137.000	-60.837
804	1138.000	-61.017
804	1139.000	-61.192
804	1140.000	-61.363
804	1141.000	-61.197
804	1142.000	-60.892
804	1143.000	-60.634
804	1144.000	-59.691
804	1145.000	-58.800
804	1146.000	-58.174
804	1147.000	-57.753
804	1148.000	-57.493
804	1149.000	-57.358
804	1150.000	-57.322
804	1151.000	-57.361
804	1152.000	-57.459
804	1153.000	-57.602
804	1154.000	-57.777
804	1155.000	-57.978
804	1156.000	-58.111
804	1157.000	-58.103
804	1158.000	-58.158
804	1159.000	-58.261
804	1160.000	-58.400
804	1161.000	-58.566
804	1162.000	-58.752
804	1163.000	-58.952
804	1164.000	-58.972
804	1165.000	-58.969
804	1166.000	-58.831
804	1167.000	-58.708
804	1168.000	-58.668
804	1169.000	-58.693
804	1170.000	-58.768
804	1171.000	-58.882
804	1172.000	-59.024
804	1173.000	-59.187
804	1174.000	-59.365
804	1175.000	-59.553
804	1176.000	-59.747
804	1177.000	-59.945
804	1178.000	-60.085
804	1179.000	-60.031
804	1180.000	-60.032
804	1181.000	-59.885
804	1182.000	-59.744
804	1183.000	-59.681
804	1184.000	-59.680
804	1185.000	-59.725
804	1186.000	-59.807
804	1187.000	-59.917
804	1188.000	-59.988
804	1189.000	-59.882
804	1190.000	-59.845
804	1191.000	-59.861
804	1192.000	-59.806
804	1193.000	-59.419
804	1194.000	-59.147
804	1195.000	-58.989
804	1196.000	-58.919
804	1197.000	-58.919
804	1198.000	-58.972
804	1199.000	-59.067
804	1200.000	-59.193
804	1201.000	-59.342
804	1202.000	-59.508
804	1203.000	-59.685
804	1204.000	-59.630
804	1205.000	-59.472
804	1206.000	-59.275
804	1207.000	-59.174
804	1208.000	-59.147
804	1209.000	-59.178
804	1210.000	-59.253
804	1211.000	-59.362
804	1212.000	-59.496
804	1213.000	-59.410
804	1214.000	-59.370
804	1215.000	-59.388
804	1216.000	-59.452
804	1217.000	-59.550
804	1218.000	-59.675
804	1219.000	-59.818
804	1220.000	-59.976
804	1221.000	-60.143
804	1222.000	-60.286
804	1223.000	-60.202
804	1224.000	-60.180
804	1225.000	-59.958
804	1226.000	-59.550
804	1227.000	-59.145
804	1228.000	-58.550
804	1229.000	-58.104
804	1230.000	-57.822
804	1231.000	-57.459
804	1232.000	-57.067
804	1233.000	-56.718
804	1234.000	-56.494
804	1235.000	-56.176
804	1236.000	-56.010
804	1237.000	-55.960
804	1238.000	-55.756
804	1239.000	-55.680
804	1240.000	-55.703
804	1241.000	-55.580
804	1242.000	-55.546
804	1243.000	-55.449
804	1244.000	-55.368
804	1245.000	-55.390
804	1246.000	-55.338
804	1247.000	-54.971
804	1248.000	-54.442
804	1249.000	-54.064
804	1250.000	-53.870
804	1251.000	-53.819
804	1252.000	-53.877
804	1253.000	-53.700
804	1254.000	-53.485
804	1255.000	-53.212
804	1256.000	-53.106
804	1257.000	-53.129
804	1258.000	-53.175
804	1259.000	-53.157
804	1260.000	-53.247
804	1261.000	-53.421
804	1262.000	-53.657
804	1263.000	-53.940
804	1264.000	-54.256
804	1265.000	-54.597
804	1266.000	-54.953
804	1267.000	-55.189
804	1268.000	-55.345
804	1269.000	-55.550
804	1270.000	-55.793
804	1271.000	-55.982
804	1272.000	-56.014
804	1273.000	-55.818
804	1274.000	-55.584
804	1275.000	-55.486
804	1276.000	-55.494
804	1277.000	-55.585
804	1278.000	-55.737
804	1279.000	-55.937
804	1280.000	-56.173
804	1281.000	-56.433
804	1282.000	-56.711
804	1283.000	-57.000
804	1284.000	-57.295
804	1285.000	-57.593
804	1286.000	-57.890
804	1287.000	-58.184
804	1288.000	-58.473
804	1289.000	-58.544
804	1290.000	-58.524
804	1291.000	-58.393
804	1292.000	-58.350
804	1293.000	-58.375
804	1294.000	-58.453
804	1295.000	-58.571
804	1296.000	-58.719
804	1297.000	-58.890
804	1298.000	-59.077
804	1299.000	-59.085
804	1300.000	-58.883
804	1301.000	-58.710
804	1302.000	-58.436
804	1303.000	-57.880
804	1304.000	-57.346
804	1305.000	-57.003
804	1306.000	-56.560
804	1307.000	-56.187
804	1308.000	-55.838
804	1309.000	-55.519
804	1310.000	-55.244
804	1311.000	-54.989
804	1312.000	-54.768
804	1313.000	-54.688
804	1314.000	-54.717
804	1315.000	-54.726
804	1316.000	-54.534
804	1317.000	-54.391
804	1318.000	-54.200
804	1319.000	-54.083
804	1320.000	-54.089
804	1321.000	-54.190
804	1322.000	-54.363
804	1323.000	-54.591
804	1324.000	-54.859
804	1325.000	-55.156
804	1326.000	-55.474
804	1327.000	-55.805
804	1328.000	-56.144
804	1329.000	-56.485
804	1330.000	-56.826
804	1331.000	-57.163
804	1332.000	-57.494
804	1333.000	-57.819
804	1334.000	-58.135
804	1335.000	-58.441
804	1336.000	-58.738
804	1337.000	-59.024
804	1338.000	-59.300
804	1339.000	-59.565
804	1340.000	-59.679
804	1341.000	-59.691
804	1342.000	-59.748
804	1343.000	-59.838
804	1344.000	-59.954
804	1345.000	-60.088
804	1346.000	-60.121
804	1347.000	-60.040
804	1348.000	-60.020
804	1349.000	-60.048
804	1350.000	-60.114
804	1351.000	-60.016
804	1352.000	-59.798
804	1353.000	-59.525
804	1354.000	-59.363
804	1355.000	-59.026
804	1356.000	-58.819
804	1357.000	-58.714
804	1358.000	-58.687
804	1359.000	-58.723
804	1360.000	-58.805
804	1361.000	-58.924
804	1362.000	-59.013
804	1363.000	-58.932
804	1364.000	-58.710
804	1365.000	-58.160
804	1366.000	-57.165
804	1367.000	-56.476
804	1368.000	-56.023
804	1369.000	-55.755
804	1370.000	-55.629
804	1371.000	-55.535
804	1372.000	-55.381
804	1373.000	-55.025
804	1374.000	-54.677
804	1375.000	-54.501
804	1376.000	-54.431
804	1377.000	-54.257
804	1378.000	-54.218
804	1379.000	-54.283
804	1380.000	-54.427
804	1381.000	-54.632
804	1382.000	-54.685
804	1383.000	-54.773
804	1384.000	-54.699
804	1385.000	-54.483
804	1386.000	-54.410
804	1387.000	-54.343
804	1388.000	-54.250
804	1389.000	-54.272
804	1390.000	-54.384
804	1391.000	-54.564
804	1392.000	-54.795
804	1393.000	-55.065
804	1394.000	-55.362
804	1395.000	-55.677
804	1396.000	-55.873
804	1397.000	-55.990
804	1398.000	-55.703
804	1399.000	-55.086
804	1400.000	-54.658
804	1401.000	-54.420
804	1402.000	-54.135
804	1403.000	-53.968
804	1404.000	-53.937
804	1405.000	-54.011
804	1406.000	-54.164
804	1407.000	-54.379
804	1408.000	-54.638
804	1409.000	-54.904
804	1410.000	-54.984
804	1411.000	-55.134
804	1412.000	-55.232
804	1413.000	-55.256
804	1414.000	-55.360
804	1415.000	-55.396
804	1416.000	-55.394
804	1417.000	-55.477
804	1418.000	-55.625
804	1419.000	-55.822
804	1420.000	-56.056
804	1421.000	-56.317
804	1422.000	-56.596
804	1423.000	-56.887
804	1424.000	-57.185
804	1425.000	-57.486
804	1426.000	-57.650
804	1427.000	-57.724
804	1428.000	-57.710
804	1429.000	-57.413
804	1430.000	-57.229
804	1431.000	-57.155
804	1432.000	-57.167
804	1433.000	-57.246
804	1434.000	-57.145
804	1435.000	-57.114
804	1436.000	-57.160
804	1437.000	-57.264
804	1438.000	-57.414
804	1439.000	-57.596
804	1440.000	-57.804
804	1441.000	-58.028
804	1442.000	-58.264
804	1443.000	-58.507
804	1444.000	-58.754
804	1445.000	-59.001
804	1446.000	-59.246
804	1447.000	-59.487
804	1448.000	-59.471
804	1449.000	-59.235
804	1450.000	-58.915
804	1451.000	-58.651
804	1452.000	-58.503
804	1453.000	-58.445
804	1454.000	-58.459
804	1455.000	-58.527
804	1456.000	-58.637
804	1457.000	-58.778
804	1458.000	-58.943
804	1459.000	-59.125
804	1460.000	-59.318
804	1461.000	-59.328
804	1462.000	-59.314
804	1463.000	-59.324
804	1464.000	-59.150
804	1465.000	-59.067
804	1466.000	-58.819
804	1467.000	-58.658
804	1468.000	-58.590
804	1469.000	-58.593
804	1470.000	-58.568
804	1471.000	-58.432
804	1472.000	-58.384
804	1473.000	-58.406
804	1474.000	-58.481
804	1475.000	-58.596
804	1476.000	-58.742
804	1477.000	-58.911
804	1478.000	-59.096
804	1479.000	-59.292
804	1480.000	-59.495
804	1481.000	-59.702
804	1482.000	-59.909
804	1483.000	-60.115
804	1484.000	-60.319
804	1485.000	-60.519
804	1486.000	-60.715
804	1487.000	-60.685
804	1488.000	-60.592
804	1489.000	-60.184
804	1490.000	-59.814
804	1491.000	-59.574
804	1492.000	-59.436
804	1493.000	-59.379
804	1494.000	-59.384
804	1495.000	-59.324
804	1496.000	-59.180
804	1497.000	-59.034
804	1498.000	-58.799
804	1499.000	-58.672
804	1500.000	-58.600
804	1501.000	-58.373
804	1502.000	-58.255
804	1503.000	-58.224
804	1504.000	-58.260
804	1505.000	-58.347
804	1506.000	-58.416
804	1507.000	-58.190
804	1508.000	-57.956
804	1509.000	-57.838
804	1510.000	-57.625
804	1511.000	-57.456
804	1512.000	-57.140
804	1513.000	-56.966
804	1514.000	-56.902
804	1515.000	-56.924
804	1516.000	-57.012
804	1517.000	-57.069
804	1518.000	-57.013
804	1519.000	-57.041
804	1520.000	-57.132
804	1521.000	-57.272
804	1522.000	-57.449
804	1523.000	-57.653
804	1524.000	-57.877
804	1525.000	-58.113
804	1526.000	-58.358
804	1527.000	-58.607
804	1528.000	-58.537
804	1529.000	-58.109
804	1530.000	-57.818
804	1531.000	-57.657
804	1532.000	-57.598
804	1533.000	-57.617
804	1534.000	-57.696
804	1535.000	-57.823
804	1536.000	-57.984
804	1537.000	-58.171
804	1538.000	-58.377
804	1539.000	-58.596
804	1540.000	-58.822
804	1541.000	-59.053
804	1542.000	-59.285
804	1543.000	-59.516
804	1544.000	-59.744
804	1545.000	-59.968
804	1546.000	-60.187
804	1547.000	-60.400
804	1548.000	-60.412
804	1549.000	-60.390
804	1550.000	-60.413
804	1551.000	-60.471
804	1552.000	-60.556
804	1553.000	-60.662
804	1554.000	-60.782
804	1555.000	-60.913
804	1556.000	-61.051
804	1557.000	-61.134
804	1558.000	-60.754
804	1559.000	-60.497
804	1560.000	-60.339
804	1561.000	-60.257
804	1562.000	-60.236
804	1563.000	-60.069
804	1564.000	-59.910
804	1565.000	-59.558
804	1566.000	-59.084
804	1567.000	-58.772
804	1568.000	-58.585
804	1569.000	-58.498
804	1570.000	-58.376
804	1571.000	-58.194
804	1572.000	-58.114
804	1573.000	-58.112
804	1574.000	-58.172
804	1575.000	-58.278
804	1576.000	-58.096
804	1577.000	-57.828
804	1578.000	-57.684
804	1579.000	-57.637
804	1580.000	-57.666
804	1581.000	-57.752
804	1582.000	-57.884
804	1583.000	-58.020
804	1584.000	-57.820
804	1585.000	-57.305
804	1586.000	-56.782
804	1587.000	-56.453
804	1588.000	-56.275
804	1589.000	-56.214
804	1590.000	-56.245
804	1591.000	-56.345
804	1592.000	-56.500
804	1593.000	-56.695
804	1594.000	-56.919
804	1595.000	-57.136
804	1596.000	-56.900
804	1597.000	-56.789
804	1598.000	-56.775
804	1599.000	-56.837
804	1600.000	-56.957
804	1601.000	-57.121
804	1602.000	-57.318
804	1603.000	-57.539
804	1604.000	-57.776
804	1605.000	-58.024
804	1606.000	-58.250
804	1607.000	-58.257
804	1608.000	-58.088
804	1609.000	-57.996
804	1610.000	-57.801
804	1611.000	-57.644
804	1612.000	-57.380
804	1613.000	-57.198
804	1614.000	-57.127
804	1615.000	-57.141
804	1616.000	-57.221
804	1617.000	-57.352
804	1618.000	-57.520
804	1619.000	-57.718
804	1620.000	-57.726
804	1621.000	-57.751
804	1622.000	-57.834
804	1623.000	-57.962
804	1624.000	-58.123
804	1625.000	-58.309
804	1626.000	-58.513
804	1627.000	-58.728
804	1628.000	-58.951
804	1629.000	-59.178
804	1630.000	-59.406
804	1631.000	-59.633
804	1632.000	-59.857
804	1633.000	-60.018
804	1634.000	-59.981
804	1635.000	-59.996
804	1636.000	-59.860
804	1637.000	-59.728
804	1638.000	-59.673
804	1639.000	-59.676
804	1640.000	-59.726
804	1641.000	-59.812
804	1642.000	-59.924
804	1643.000	-60.056
804	1644.000	-60.172
804	1645.000	-60.070
804	1646.000	-59.947
804	1647.000	-59.719
804	1648.000	-59.590
804	1649.000	-59.537
804	1650.000	-59.330
804	1651.000	-59.172
804	1652.000	-59.102
804	1653.000	-59.099
804	1654.000	-59.149
804	1655.000	-59.240
804	1656.000	-59.147
804	1657.000	-59.079
804	1658.000	-59.079
804	1659.000	-59.132
804	1660.000	-59.224
804	1661.000	-59.234
804	1662.000	-59.031
804	1663.000	-58.695
804	1664.000	-58.318
804	1665.000	-58.086
804	1666.000	-57.968
804	1667.000	-57.911
804	1668.000	-57.702
804	1669.000	-57.496
804	1670.000	-57.260
804	1671.000	-57.145
804	1672.000	-57.126
804	1673.000	-57.181
804	1674.000	-57.292
804	1675.000	-57.446
804	1676.000	-57.498
804	1677.000	-57.485
804	1678.000	-57.541
804	1679.000	-57.651
804	1680.000	-57.801
804	1681.000	-57.980
804	1682.000	-58.098
804	1683.000	-58.078
804	1684.000	-58.095
804	1685.000	-57.941
804	1686.000	-57.885
804	1687.000	-57.904
804	1688.000	-57.982
804	1689.000	-58.104
804	1690.000	-58.003
804	1691.000	-57.778
804	1692.000	-57.513
804	1693.000	-57.231
804	1694.000	-57.081
804	1695.000	-57.036
804	1696.000	-57.071
804	1697.000	-56.962
804	1698.000	-56.653
804	1699.000	-56.382
804	1700.000	-55.906
804	1701.000	-55.577
804	1702.000	-55.406
804	1703.000	-55.360
804	1704.000	-55.704
804	1705.000	-56.044
804	1706.000	-56.157
804	1707.000	-56.299
804	1708.000	-56.484
804	1709.000	-56.700
804	1710.000	-56.939
804	1711.000	-57.194
804	1712.000	-57.431
804	1713.000	-57.457
804	1714.000	-57.543
804	1715.000	-57.592
804	1716.000	-57.525
804	1717.000	-57.538
804	1718.000	-57.407
804	1719.000	-57.327
804	1720.000	-57.333
804	1721.000	-57.406
804	1722.000	-57.528
804	1723.000	-57.690
804	1724.000	-57.879
804	1725.000	-58.089
804	1726.000	-58.313
804	1727.000	-58.547
804	1728.000	-58.785
804	1729.000	-59.025
804	1730.000	-59.265
804	1731.000	-59.502
804	1732.000	-59.735
804	1733.000	-59.963
804	1734.000	-60.185
804	1735.000	-60.401
804	1736.000	-60.609
804	1737.000	-60.810
804	1738.000	-61.003
804	1739.000	-61.189
804	1740.000	-61.368
804	1741.000	-61.539
804	1742.000	-61.703
804	1743.000	-61.860
804	1744.000	-62.010
804	1745.000	-62.153
804	1746.000	-62.289
804	1747.000	-62.420
804	1748.000	-62.544
804	1749.000	-62.663
804	1750.000	-62.776
804	1751.000	-62.822
804	1752.000	-62.435
804	1753.000	-62.078
804	1754.000	-61.339
804	1755.000	-60.779
804	1756.000	-60.299
804	1757.000	-59.792
804	1758.000	-59.447
804	1759.000	-59.066
804	1760.000	-58.728
804	1761.000	-58.523
804	1762.000	-58.421
804	1763.000	-58.008
804	1764.000	-57.632
804	1765.000	-57.408
804	1766.000	-57.168
804	1767.000	-56.934
804	1768.000	-56.824
804	1769.000	-56.812
804	1770.000	-56.646
804	1771.000	-56.570
804	1772.000	-56.586
804	1773.000	-56.672
804	1774.000	-56.784
804	1775.000	-56.721
804	1776.000	-56.746
804	1777.000	-56.837
804	1778.000	-56.981
804	1779.000	-57.162
804	1780.000	-57.372
804	1781.000	-57.603
804	1782.000	-57.663
804	1783.000	-57.704
804	1784.000	-57.800
804	1785.000	-57.938
804	1786.000	-58.108
804	1787.000	-58.301
804	1788.000	-58.453
804	1789.000	-58.427
804	1790.000	-58.466
804	1791.000	-58.553
804	1792.000	-58.678
804	1793.000	-58.831
804	1794.000	-59.004
804	1795.000	-59.191
804	1796.000	-59.249
804	1797.000	-59.222
804	1798.000	-59.253
804	1799.000	-59.327
804	1800.000	-59.434
804	1801.000	-59.567
804	1802.000	-59.718
804	1803.000	-59.883
804	1804.000	-60.055
804	1805.000	-60.092
804	1806.000	-60.040
804	1807.000	-60.044
804	1808.000	-60.090
804	1809.000	-60.169
804	1810.000	-60.273
804	1811.000	-60.396
804	1812.000	-60.532
804	1813.000	-60.678
804	1814.000	-60.829
804	1815.000	-60.984
804	1816.000	-61.051
804	1817.000	-60.957
804	1818.000	-60.537
804	1819.000	-60.101
804	1820.000	-59.807
804	1821.000	-59.627
804	1822.000	-59.534
804	1823.000	-59.511
804	1824.000	-59.541
804	1825.000	-59.613
804	1826.000	-59.716
804	1827.000	-59.843
804	1828.000	-59.987
804	1829.000	-60.143
804	1830.000	-60.308
804	1831.000	-60.477
804	1832.000	-60.649
804	1833.000	-60.821
804	1834.000	-60.849
804	1835.000	-60.514
804	1836.000	-60.295
804	1837.000	-59.975
804	1838.000	-59.699
804	1839.000	-59.533
804	1840.000	-59.424
804	1841.000	-59.156
804	1842.000	-59.001
804	1843.000	-58.934
804	1844.000	-58.935
804	1845.000	-58.990
804	1846.000	-59.085
804	1847.000	-59.211
804	1848.000	-59.361
804	1849.000	-59.361
804	1850.000	-59.314
804	1851.000	-59.328
804	1852.000	-59.389
804	1853.000	-59.486
804	1854.000	-59.470
804	1855.000	-59.298
804	1856.000	-59.040
804	1857.000	-58.893
804	1858.000	-58.833
804	1859.000	-58.841
804	1860.000	-58.902
804	1861.000	-59.003
804	1862.000	-59.134
804	1863.000	-59.288
804	1864.000	-59.458
804	1865.000	-59.639
804	1866.000	-59.827
804	1867.000	-60.019
804	1868.000	-60.213
804	1869.000	-60.406
804	1870.000	-60.596
804	1871.000	-60.784
804	1872.000	-60.967
804	1873.000	-61.145
804	1874.000	-61.008
804	1875.000	-60.709
804	1876.000	-60.515
804	1877.000	-60.404
804	1878.000	-60.359
804	1879.000	-60.365
804	1880.000	-60.410
804	1881.000	-60.486
804	1882.000	-60.417
804	1883.000	-60.305
804	1884.000	-60.260
804	1885.000	-60.266
804	1886.000	-60.313
804	1887.000	-60.391
804	1888.000	-60.492
804	1889.000	-60.611
804	1890.000	-60.654
804	1891.000	-60.546
804	1892.000	-60.360
804	1893.000	-59.991
804	1894.000	-59.627
804	1895.000	-59.394
804	1896.000	-59.263
804	1897.000	-58.835
804	1898.000	-58.417
804	1899.000	-58.154
804	1900.000	-58.011
804	1901.000	-57.962
804	1902.000	-57.986
804	1903.000	-58.067
804	1904.000	-58.191
804	1905.000	-58.024
804	1906.000	-57.514
804	1907.000	-57.188
804	1908.000	-57.005
804	1909.000	-56.935
804	1910.000	-56.951
804	1911.000	-57.035
804	1912.000	-57.170
804	1913.000	-57.344
804	1914.000	-57.547
804	1915.000	-57.770
804	1916.000	-58.007
804	1917.000	-58.254
804	1918.000	-58.505
804	1919.000	-58.757
804	1920.000	-59.009
804	1921.000	-59.258
804	1922.000	-59.502
804	1923.000	-59.741
804	1924.000	-59.973
804	1925.000	-59.982
804	1926.000	-59.984
804	1927.000	-60.031
804	1928.000	-60.111
804	1929.000	-60.216
804	1930.000	-60.173
804	1931.000	-59.911
804	1932.000	-59.313
804	1933.000	-58.730
804	1934.000	-58.336
804	1935.000	-58.092
804	1936.000	-57.964
804	1937.000	-57.927
804	1938.000	-57.776
804	1939.000	-57.653
804	1940.000	-57.623
804	1941.000	-57.665
804	1942.000	-57.761
804	1943.000	-57.669
804	1944.000	-57.639
804	1945.000	-57.681
804	1946.000	-57.778
804	1947.000	-57.917
804	1948.000	-58.087
804	1949.000	-58.280
804	1950.000	-58.490
804	1951.000	-58.710
804	1952.000	-58.937
804	1953.000	-59.168
804	1954.000	-59.398
804	1955.000	-59.627
804	1956.000	-59.589
804	1957.000	-59.522
804	1958.000	-59.099
804	1959.000	-58.548
804	1960.000	-58.098
804	1961.000	-57.641
804	1962.000	-57.245
804	1963.000	-56.531
804	1964.000	-55.897
804	1965.000	-55.492
804	1966.000	-55.264
804	1967.000	-55.174
804	1968.000	-55.138
804	1969.000	-55.008
804	1970.000	-54.995
804	1971.000	-55.074
804	1972.000	-55.222
804	1973.000	-55.423
804	1974.000	-55.663
804	1975.000	-55.687
804	1976.000	-55.787
804	1977.000	-55.946
804	1978.000	-56.149
804	1979.000	-56.384
804	1980.000	-56.643
804	1981.000	-56.918
804	1982.000	-57.203
804	1983.000	-57.493
804	1984.000	-57.786
804	1985.000	-58.077
804	1986.000	-58.154
804	1987.000	-58.117
804	1988.000	-57.975
804	1989.000	-57.701
804	1990.000	-57.554
804	1991.000	-57.299
804	1992.000	-57.125
804	1993.000	-57.059
804	1994.000	-57.079
804	1995.000	-57.164
804	1996.000	-57.140
804	1997.000	-57.097
804	1998.000	-57.134
804	1999.000	-57.232
804	2000.000	-57.376
