# NEST version: UNKNOWN
# RecordingBackendASCII version: 2
sender	time_ms	w
5	1.000	-2.462
5	2.000	-2.457
5	3.000	-2.452
5	4.000	-2.447
5	5.000	-2.442
5	6.000	-2.437
5	7.000	-2.432
5	8.000	-2.427
5	9.000	-2.423
5	10.000	-2.418
5	11.000	-2.413
5	12.000	-2.408
5	13.000	-2.403
5	14.000	-2.398
5	15.000	-2.394
5	16.000	-2.389
5	17.000	-2.384
5	18.000	-2.379
5	19.000	-2.375
5	20.000	-2.370
5	21.000	-2.365
5	22.000	-2.360
5	23.000	-2.356
5	24.000	-2.351
5	25.000	-2.346
5	26.000	-2.342
5	27.000	-2.337
5	28.000	-2.332
5	29.000	-2.328
5	30.000	-2.323
5	31.000	-2.318
5	32.000	-2.314
5	33.000	-2.309
5	34.000	-2.304
5	35.000	-2.300
5	36.000	-2.295
5	37.000	-2.291
5	38.000	-2.286
5	39.000	-2.281
5	40.000	-2.277
5	41.000	-2.272
5	42.000	-2.268
5	43.000	-2.263
5	44.000	-2.259
5	45.000	-2.254
5	46.000	-2.250
5	47.000	-2.245
5	48.000	-2.241
5	49.000	-2.236
5	50.000	-2.232
5	51.000	-2.227
5	52.000	-2.223
5	53.000	-2.218
5	54.000	-2.214
5	55.000	-2.210
5	56.000	-2.205
5	57.000	-2.201
5	58.000	-2.196
5	59.000	-2.192
5	60.000	-2.188
5	61.000	-2.183
5	62.000	-2.179
5	63.000	-2.175
5	64.000	-2.170
5	65.000	-2.166
5	66.000	-2.162
5	67.000	-2.157
5	68.000	-2.153
5	69.000	-2.149
5	70.000	-2.144
5	71.000	-2.140
5	72.000	-2.136
5	73.000	-2.131
5	74.000	-2.127
5	75.000	-2.123
5	76.000	-2.119
5	77.000	-2.114
5	78.000	-2.110
5	79.000	-2.106
5	80.000	-2.102
5	81.000	-2.098
5	82.000	-2.093
5	83.000	-2.089
5	84.000	-2.085
5	85.000	-2.081
5	86.000	-2.077
5	87.000	-2.073
5	88.000	-2.068
5	89.000	-2.064
5	90.000	-2.060
5	91.000	-2.056
5	92.000	-2.052
5	93.000	-2.048
5	94.000	-2.044
5	95.000	-2.040
5	96.000	-2.036
5	97.000	-2.032
5	98.000	-2.028
5	99.000	-2.023
5	100.000	-2.019
5	101.000	-2.015
5	102.000	-2.011
5	103.000	-2.007
5	104.000	-2.003
5	105.000	-1.999
5	106.000	-1.995
5	107.000	-1.991
5	108.000	-1.987
5	109.000	-1.983
5	110.000	-1.979
5	111.000	-1.975
5	112.000	-1.972
5	113.000	-1.968
5	114.000	-1.964
5	115.000	-1.960
5	116.000	-1.956
5	117.000	-1.952
5	118.000	-1.948
5	119.000	-1.944
5	120.000	-1.940
5	121.000	-1.936
5	122.000	-1.932
5	123.000	-1.929
5	124.000	-1.925
5	125.000	-1.921
5	126.000	-1.917
5	127.000	-1.913
5	128.000	-1.909
5	129.000	-1.906
5	130.000	-1.902
5	131.000	-1.898
5	132.000	-1.894
5	133.000	-1.890
5	134.000	-1.887
5	135.000	-1.883
5	136.000	-1.879
5	137.000	-1.875
5	138.000	-1.872
5	139.000	-1.868
5	140.000	-1.864
5	141.000	-1.860
5	142.000	-1.857
5	143.000	-1.853
5	144.000	-1.849
5	145.000	-1.846
5	146.000	-1.842
5	147.000	-1.838
5	148.000	-1.835
5	149.000	-1.831
5	150.000	-1.827
5	151.000	-1.824
5	152.000	-1.820
5	153.000	-1.816
5	154.000	-1.813
5	155.000	-1.809
5	156.000	-1.805
5	157.000	-1.802
5	158.000	-1.798
5	159.000	-1.795
5	160.000	-1.791
5	161.000	-1.787
5	162.000	-1.784
5	163.000	-1.780
5	164.000	-1.777
5	165.000	-1.773
5	166.000	-1.770
5	167.000	-1.766
5	168.000	-1.763
5	169.000	-1.759
5	170.000	-1.756
5	171.000	-1.752
5	172.000	-1.749
5	173.000	-1.745
5	174.000	-1.742
5	175.000	-1.738
5	176.000	-1.735
5	177.000	-1.731
5	178.000	-1.728
5	179.000	-1.724
5	180.000	-1.721
5	181.000	-1.717
5	182.000	-1.714
5	183.000	-1.711
5	184.000	-1.707
5	185.000	-1.704
5	186.000	-1.700
5	187.000	-1.697
5	188.000	-1.694
5	189.000	-1.690
5	190.000	-1.687
5	191.000	-1.683
5	192.000	-1.680
5	193.000	-1.677
5	194.000	-1.673
5	195.000	-1.670
5	196.000	-1.667
5	197.000	-1.663
5	198.000	-1.660
5	199.000	-1.657
5	200.000	-1.653
5	201.000	-1.650
5	202.000	-1.647
5	203.000	-1.643
5	204.000	-1.640
5	205.000	-1.637
5	206.000	-1.634
5	207.000	-1.630
5	208.000	-1.627
5	209.000	-1.624
5	210.000	-1.621
5	211.000	-1.617
5	212.000	-1.614
5	213.000	-1.611
5	214.000	-1.608
5	215.000	-1.604
5	216.000	-1.601
5	217.000	-1.598
5	218.000	-1.595
5	219.000	-1.592
5	220.000	-1.589
5	221.000	-1.585
5	222.000	-1.582
5	223.000	-1.579
5	224.000	-1.576
5	225.000	-1.573
5	226.000	-1.570
5	227.000	-1.566
5	228.000	-1.563
5	229.000	-1.560
5	230.000	-1.557
5	231.000	-1.554
5	232.000	-1.551
5	233.000	-1.548
5	234.000	-1.545
5	235.000	-1.542
5	236.000	-1.539
5	237.000	-1.535
5	238.000	-1.532
5	239.000	-1.529
5	240.000	-1.526
5	241.000	-1.523
5	242.000	-1.520
5	243.000	-1.517
5	244.000	-1.514
5	245.000	-1.511
5	246.000	-1.508
5	247.000	-1.505
5	248.000	-1.502
5	249.000	-1.499
5	250.000	-1.496
5	251.000	-1.493
5	252.000	-1.490
5	253.000	-1.487
5	254.000	-1.484
5	255.000	-1.481
5	256.000	-1.478
5	257.000	-1.475
5	258.000	-1.472
5	259.000	-1.469
5	260.000	-1.466
5	261.000	-1.463
5	262.000	-1.461
5	263.000	-1.458
5	264.000	-1.455
5	265.000	-1.452
5	266.000	-1.449
5	267.000	-1.446
5	268.000	-1.443
5	269.000	-1.440
5	270.000	-1.437
5	271.000	-1.434
5	272.000	-1.432
5	273.000	-1.429
5	274.000	-1.426
5	275.000	-1.423
5	276.000	-1.420
5	277.000	-1.417
5	278.000	-1.415
5	279.000	-1.412
5	280.000	-1.409
5	281.000	-1.406
5	282.000	-1.403
5	283.000	-1.400
5	284.000	-1.398
5	285.000	-1.395
5	286.000	-1.392
5	287.000	-1.389
5	288.000	-1.387
5	289.000	-1.384
5	290.000	-1.381
5	291.000	-1.378
5	292.000	-1.375
5	293.000	-1.373
5	294.000	-1.370
5	295.000	-1.367
5	296.000	-1.365
5	297.000	-1.362
5	298.000	-1.359
5	299.000	-1.356
5	300.000	-1.354
5	301.000	-1.351
5	302.000	-1.348
5	303.000	-1.346
5	304.000	-1.343
5	305.000	-1.340
5	306.000	-1.338
5	307.000	-1.335
5	308.000	-1.332
5	309.000	-1.330
5	310.000	-1.327
5	311.000	-1.324
5	312.000	-1.322
5	313.000	-1.319
5	314.000	-1.316
5	315.000	-1.314
5	316.000	-1.311
5	317.000	-1.308
5	318.000	-1.306
5	319.000	-1.303
5	320.000	-1.301
5	321.000	-1.298
5	322.000	-1.295
5	323.000	-1.293
5	324.000	-1.290
5	325.000	-1.288
5	326.000	-1.285
5	327.000	-1.282
5	328.000	-1.280
5	329.000	-1.277
5	330.000	-1.275
5	331.000	-1.272
5	332.000	-1.270
5	333.000	-1.267
5	334.000	-1.265
5	335.000	-1.262
5	336.000	-1.260
5	337.000	-1.257
5	338.000	-1.255
5	339.000	-1.252
5	340.000	-1.250
5	341.000	-1.247
5	342.000	-1.245
5	343.000	-1.242
5	344.000	-1.240
5	345.000	-1.237
5	346.000	-1.235
5	347.000	-1.232
5	348.000	-1.230
5	349.000	-1.227
5	350.000	-1.225
5	351.000	-1.222
5	352.000	-1.220
5	353.000	-1.218
5	354.000	-1.215
5	355.000	-1.213
5	356.000	-1.210
5	357.000	-1.208
5	358.000	-1.205
5	359.000	-1.203
5	360.000	-1.201
5	361.000	-1.198
5	362.000	-1.196
5	363.000	-1.193
5	364.000	-1.191
5	365.000	-1.189
5	366.000	-1.186
5	367.000	-1.184
5	368.000	-1.182
5	369.000	-1.179
5	370.000	-1.177
5	371.000	-1.174
5	372.000	-1.172
5	373.000	-1.170
5	374.000	-1.167
5	375.000	-1.165
5	376.000	-1.163
5	377.000	-1.160
5	378.000	-1.158
5	379.000	-1.156
5	380.000	-1.154
5	381.000	-1.151
5	382.000	-1.149
5	383.000	-1.147
5	384.000	-1.144
5	385.000	-1.142
5	386.000	-1.140
5	387.000	-1.137
5	388.000	-1.135
5	389.000	-1.133
5	390.000	-1.131
5	391.000	-1.128
5	392.000	-1.126
5	393.000	-1.124
5	394.000	-1.122
5	395.000	-1.119
5	396.000	-1.117
5	397.000	-1.115
5	398.000	-1.113
5	399.000	-1.111
5	400.000	-1.108
5	401.000	-1.106
5	402.000	-1.104
5	403.000	-1.102
5	404.000	-1.099
5	405.000	-1.097
5	406.000	-1.095
5	407.000	-1.093
5	408.000	-1.091
5	409.000	-1.089
5	410.000	-1.086
5	411.000	-1.084
5	412.000	-1.082
5	413.000	-1.080
5	414.000	-1.078
5	415.000	-1.076
5	416.000	-1.073
5	417.000	-1.071
5	418.000	-1.069
5	419.000	-1.067
5	420.000	-1.065
5	421.000	-1.063
5	422.000	-1.061
5	423.000	-1.058
5	424.000	-1.056
5	425.000	-1.054
5	426.000	-1.052
5	427.000	-1.050
5	428.000	-1.048
5	429.000	-1.046
5	430.000	-1.044
5	431.000	-1.042
5	432.000	-1.040
5	433.000	-1.037
5	434.000	-1.035
5	435.000	-1.033
5	436.000	-1.031
5	437.000	-1.029
5	438.000	-1.027
5	439.000	-1.025
5	440.000	-1.023
5	441.000	-1.021
5	442.000	-1.019
5	443.000	-1.017
5	444.000	-1.015
5	445.000	-1.013
5	446.000	-0.012
5	447.000	-0.012
5	448.000	-0.012
5	449.000	-0.012
5	450.000	-0.012
5	451.000	-0.012
5	452.000	-0.012
5	453.000	-0.012
5	454.000	-0.012
5	455.000	-0.012
5	456.000	-0.012
5	457.000	-0.012
5	458.000	-0.012
5	459.000	-0.012
5	460.000	-0.012
5	461.000	-0.012
5	462.000	-0.012
5	463.000	-0.012
5	464.000	-0.011
5	465.000	-0.011
5	466.000	-0.011
5	467.000	-0.011
5	468.000	-0.011
5	469.000	-0.011
5	470.000	-0.011
5	471.000	-0.011
5	472.000	-0.011
5	473.000	-0.011
5	474.000	-0.011
5	475.000	-0.011
5	476.000	-0.011
5	477.000	-0.011
5	478.000	-0.011
5	479.000	-0.011
5	480.000	-0.011
5	481.000	-0.011
5	482.000	-0.011
5	483.000	-0.011
5	484.000	-0.011
5	485.000	-0.011
5	486.000	-0.011
5	487.000	-0.011
5	488.000	-0.011
5	489.000	-0.011
5	490.000	-0.011
5	491.000	-0.011
5	492.000	-0.011
5	493.000	-0.011
5	494.000	-0.011
5	495.000	-0.011
5	496.000	-0.011
5	497.000	-0.011
5	498.000	-0.011
5	499.000	-0.011
5	500.000	-0.011
5	501.000	-0.011
5	502.000	-0.011
5	503.000	-0.011
5	504.000	-0.011
5	505.000	-0.011
5	506.000	-0.011
5	507.000	-0.011
5	508.000	-0.011
5	509.000	-0.010
5	510.000	-0.010
5	511.000	-0.010
5	512.000	-0.010
5	513.000	-0.010
5	514.000	-0.010
5	515.000	-0.010
5	516.000	-0.010
5	517.000	-0.010
5	518.000	-0.010
5	519.000	-0.010
5	520.000	-0.010
5	521.000	-0.010
5	522.000	-0.010
5	523.000	-0.010
5	524.000	-0.010
5	525.000	-0.010
5	526.000	-0.010
5	527.000	-0.010
5	528.000	-0.010
5	529.000	-0.010
5	530.000	-0.010
5	531.000	-0.010
5	532.000	-0.010
5	533.000	-0.010
5	534.000	-0.010
5	535.000	-0.010
5	536.000	-0.010
5	537.000	-0.010
5	538.000	-0.010
5	539.000	-0.010
5	540.000	-0.010
5	541.000	-0.010
5	542.000	-0.010
5	543.000	-0.010
5	544.000	-0.010
5	545.000	-0.010
5	546.000	-0.010
5	547.000	-0.010
5	548.000	-0.010
5	549.000	-0.010
5	550.000	-0.010
5	551.000	-0.010
5	552.000	-0.010
5	553.000	-0.010
5	554.000	-0.010
5	555.000	-0.010
5	556.000	-0.010
5	557.000	-0.010
5	558.000	-0.010
5	559.000	-0.009
5	560.000	-0.009
5	561.000	-0.009
5	562.000	-0.009
5	563.000	-0.009
5	564.000	-0.009
5	565.000	-0.009
5	566.000	-0.009
5	567.000	-0.009
5	568.000	-0.009
5	569.000	-0.009
5	570.000	-0.009
5	571.000	-0.009
5	572.000	-0.009
5	573.000	-0.009
5	574.000	-0.009
5	575.000	-0.009
5	576.000	-0.009
5	577.000	-0.009
5	578.000	-0.009
5	579.000	-0.009
5	580.000	-0.009
5	581.000	-0.009
5	582.000	-0.009
5	583.000	-0.009
5	584.000	-0.009
5	585.000	-0.009
5	586.000	-0.009
5	587.000	-0.009
5	588.000	-0.009
5	589.000	-0.009
5	590.000	-0.009
5	591.000	-0.009
5	592.000	-0.009
5	593.000	-0.009
5	594.000	-0.009
5	595.000	-0.009
5	596.000	-0.009
5	597.000	-0.009
5	598.000	-0.009
5	599.000	-0.009
5	600.000	-0.009
5	601.000	-0.009
5	602.000	-0.009
5	603.000	-0.009
5	604.000	-0.009
5	605.000	-0.009
5	606.000	-0.009
5	607.000	-0.009
5	608.000	-0.009
5	609.000	-0.009
5	610.000	-0.009
5	611.000	-0.009
5	612.000	-0.009
5	613.000	-0.009
5	614.000	-0.009
5	615.000	-0.008
5	616.000	-0.008
5	617.000	-0.008
5	618.000	-0.008
5	619.000	-0.008
5	620.000	-0.008
5	621.000	-0.008
5	622.000	-0.008
5	623.000	-0.008
5	624.000	-0.008
5	625.000	-0.008
5	626.000	-0.008
5	627.000	-0.008
5	628.000	-0.008
5	629.000	-0.008
5	630.000	-0.008
5	631.000	-0.008
5	632.000	-0.008
5	633.000	-0.008
5	634.000	-0.008
5	635.000	-0.008
5	636.000	-0.008
5	637.000	-0.008
5	638.000	-0.008
5	639.000	-0.008
5	640.000	-0.008
5	641.000	-0.008
5	642.000	-0.008
5	643.000	-0.008
5	644.000	-0.008
5	645.000	-0.008
5	646.000	-0.008
5	647.000	-0.008
5	648.000	-0.008
5	649.000	-0.008
5	650.000	-0.008
5	651.000	-0.008
5	652.000	-0.008
5	653.000	-0.008
5	654.000	-0.008
5	655.000	-0.008
5	656.000	-0.008
5	657.000	-0.008
5	658.000	-0.008
5	659.000	-0.008
5	660.000	-0.008
5	661.000	-0.008
5	662.000	-0.008
5	663.000	-0.008
5	664.000	-0.008
5	665.000	-0.008
5	666.000	-0.008
5	667.000	-0.008
5	668.000	-0.008
5	669.000	-0.008
5	670.000	-0.008
5	671.000	-0.008
5	672.000	-0.008
5	673.000	-0.008
5	674.000	-0.008
5	675.000	-0.008
5	676.000	-0.008
5	677.000	-0.007
5	678.000	-0.007
5	679.000	-0.007
5	680.000	-0.007
5	681.000	-0.007
5	682.000	-0.007
5	683.000	-0.007
5	684.000	-0.007
5	685.000	-0.007
5	686.000	-0.007
5	687.000	-0.007
5	688.000	-0.007
5	689.000	-0.007
5	690.000	-0.007
5	691.000	-0.007
5	692.000	-0.007
5	693.000	-0.007
5	694.000	-0.007
5	695.000	-0.007
5	696.000	-0.007
5	697.000	-0.007
5	698.000	-0.007
5	699.000	-0.007
5	700.000	-0.007
5	701.000	-0.007
5	702.000	-0.007
5	703.000	-0.007
5	704.000	-0.007
5	705.000	-0.007
5	706.000	-0.007
5	707.000	-0.007
5	708.000	-0.007
5	709.000	-0.007
5	710.000	-0.007
5	711.000	-0.007
5	712.000	-0.007
5	713.000	-0.007
5	714.000	-0.007
5	715.000	-0.007
5	716.000	-0.007
5	717.000	-0.007
5	718.000	-0.007
5	719.000	-0.007
5	720.000	-0.007
5	721.000	-0.007
5	722.000	-0.007
5	723.000	-0.007
5	724.000	-0.007
5	725.000	-0.007
5	726.000	-0.007
5	727.000	-0.007
5	728.000	-0.007
5	729.000	-0.007
5	730.000	-0.007
5	731.000	-0.007
5	732.000	-0.007
5	733.000	-0.007
5	734.000	-0.007
5	735.000	-0.007
5	736.000	-0.007
5	737.000	-0.007
5	738.000	-0.007
5	739.000	-0.007
5	740.000	-0.007
5	741.000	-0.007
5	742.000	-0.007
5	743.000	-0.007
5	744.000	-0.007
5	745.000	-0.007
5	746.000	-0.007
5	747.000	-0.007
5	748.000	-0.007
5	749.000	-0.006
5	750.000	-0.006
5	751.000	-0.006
5	752.000	-0.006
5	753.000	-0.006
5	754.000	-0.006
5	755.000	-0.006
5	756.000	-0.006
5	757.000	-0.006
5	758.000	-0.006
5	759.000	-0.006
5	760.000	-0.006
5	761.000	-0.006
5	762.000	-0.006
5	763.000	-0.006
5	764.000	-0.006
5	765.000	-0.006
5	766.000	-0.006
5	767.000	-0.006
5	768.000	-0.006
5	769.000	-0.006
5	770.000	-0.006
5	771.000	-0.006
5	772.000	-0.006
5	773.000	-0.006
5	774.000	-0.006
5	775.000	-0.006
5	776.000	-0.006
5	777.000	-0.006
5	778.000	-0.006
5	779.000	-0.006
5	780.000	-0.006
5	781.000	-0.006
5	782.000	-0.006
5	783.000	-0.006
5	784.000	-0.006
5	785.000	-0.006
5	786.000	-0.006
5	787.000	-0.006
5	788.000	-0.006
5	789.000	-0.006
5	790.000	-0.006
5	791.000	-0.006
5	792.000	-0.006
5	793.000	-0.006
5	794.000	-0.006
5	795.000	-0.006
5	796.000	-0.006
5	797.000	-0.006
5	798.000	-0.006
5	799.000	-0.006
5	800.000	-0.006
5	801.000	-0.006
5	802.000	-0.006
5	803.000	-0.006
5	804.000	-0.006
5	805.000	-0.006
5	806.000	-0.006
5	807.000	-0.006
5	808.000	-0.006
5	809.000	-0.006
5	810.000	-0.006
5	811.000	-0.006
5	812.000	-0.006
5	813.000	-0.006
5	814.000	-0.006
5	815.000	-0.006
5	816.000	-0.006
5	817.000	-0.006
5	818.000	-0.006
5	819.000	-0.006
5	820.000	-0.006
5	821.000	-0.006
5	822.000	-0.006
5	823.000	-0.006
5	824.000	-0.006
5	825.000	-0.006
5	826.000	-0.006
5	827.000	-0.006
5	828.000	-0.006
5	829.000	-0.006
5	830.000	-0.006
5	831.000	-0.006
5	832.000	-0.005
5	833.000	-0.005
5	834.000	-0.005
5	835.000	-0.005
5	836.000	-0.005
5	837.000	-0.005
5	838.000	-0.005
5	839.000	-0.005
5	840.000	-0.005
5	841.000	-0.005
5	842.000	-0.005
5	843.000	-0.005
5	844.000	-0.005
5	845.000	-0.005
5	846.000	-0.005
5	847.000	-0.005
5	848.000	-0.005
5	849.000	-0.005
5	850.000	-0.005
5	851.000	-0.005
5	852.000	-0.005
5	853.000	-0.005
5	854.000	-0.005
5	855.000	-0.005
5	856.000	-0.005
5	857.000	-0.005
5	858.000	-0.005
5	859.000	-0.005
5	860.000	-0.005
5	861.000	-0.005
5	862.000	-0.005
5	863.000	-0.005
5	864.000	-0.005
5	865.000	-0.005
5	866.000	-0.005
5	867.000	-0.005
5	868.000	-0.005
5	869.000	-0.005
5	870.000	-0.005
5	871.000	-0.005
5	872.000	-0.005
5	873.000	-0.005
5	874.000	-0.005
5	875.000	-0.005
5	876.000	-0.005
5	877.000	-0.005
5	878.000	-0.005
5	879.000	-0.005
5	880.000	-0.005
5	881.000	-0.005
5	882.000	-0.005
5	883.000	-0.005
5	884.000	-0.005
5	885.000	-0.005
5	886.000	-0.005
5	887.000	-0.005
5	888.000	-0.005
5	889.000	-0.005
5	890.000	-0.005
5	891.000	-0.005
5	892.000	-0.005
5	893.000	-0.005
5	894.000	-0.005
5	895.000	-0.005
5	896.000	-0.005
5	897.000	-0.005
5	898.000	-0.005
5	899.000	-0.005
5	900.000	-0.005
5	901.000	-0.005
5	902.000	-0.005
5	903.000	-0.005
5	904.000	-0.005
5	905.000	-0.005
5	906.000	-0.005
5	907.000	-0.005
5	908.000	-0.005
5	909.000	-0.005
5	910.000	-0.005
5	911.000	-0.005
5	912.000	-0.005
5	913.000	-0.005
5	914.000	-0.005
5	915.000	-0.005
5	916.000	-0.005
5	917.000	-0.005
5	918.000	-0.005
5	919.000	-0.005
5	920.000	-0.005
5	921.000	-0.005
5	922.000	-0.005
5	923.000	-0.005
5	924.000	-0.005
5	925.000	-0.005
5	926.000	-0.005
5	927.000	-0.005
5	928.000	-0.005
5	929.000	-0.005
5	930.000	-0.005
5	931.000	-0.005
5	932.000	-0.005
5	933.000	-0.004
5	934.000	-0.004
5	935.000	-0.004
5	936.000	-0.004
5	937.000	-0.004
5	938.000	-0.004
5	939.000	-0.004
5	940.000	-0.004
5	941.000	-0.004
5	942.000	-0.004
5	943.000	-0.004
5	944.000	-0.004
5	945.000	-0.004
5	946.000	-0.004
5	947.000	-0.004
5	948.000	-0.004
5	949.000	-0.004
5	950.000	-0.004
5	951.000	-0.004
5	952.000	-0.004
5	953.000	-0.004
5	954.000	-0.004
5	955.000	-0.004
5	956.000	-0.004
5	957.000	-0.004
5	958.000	-0.004
5	959.000	-0.004
5	960.000	-0.004
5	961.000	-0.004
5	962.000	-0.004
5	963.000	-0.004
5	964.000	-0.004
5	965.000	-0.004
5	966.000	-0.004
5	967.000	-0.004
5	968.000	-0.004
5	969.000	-0.004
5	970.000	-0.004
5	971.000	-0.004
5	972.000	-0.004
5	973.000	-0.004
5	974.000	-0.004
5	975.000	-0.004
5	976.000	-0.004
5	977.000	-0.004
5	978.000	-0.004
5	979.000	-0.004
5	980.000	-0.004
5	981.000	-0.004
5	982.000	-0.004
5	983.000	-0.004
5	984.000	-0.004
5	985.000	-0.004
5	986.000	-0.004
5	987.000	-0.004
5	988.000	-0.004
5	989.000	-0.004
5	990.000	-0.004
5	991.000	-0.004
5	992.000	-0.004
5	993.000	-0.004
5	994.000	-0.004
5	995.000	-0.004
5	996.000	-0.004
5	997.000	-0.004
5	998.000	-0.004
5	999.000	-0.004
5	1000.000	-0.004
5	1001.000	-0.004
5	1002.000	-0.004
5	1003.000	-0.004
5	1004.000	-0.004
5	1005.000	-0.004
5	1006.000	-0.004
5	1007.000	-0.004
5	1008.000	-0.004
5	1009.000	-0.004
5	1010.000	-0.004
5	1011.000	-0.004
5	1012.000	-0.004
5	1013.000	-0.004
5	1014.000	-0.004
5	1015.000	-0.004
5	1016.000	-0.004
5	1017.000	-0.004
5	1018.000	-0.004
5	1019.000	-0.004
5	1020.000	-0.004
5	1021.000	-0.004
5	1022.000	-0.004
5	1023.000	-0.004
5	1024.000	-0.004
5	1025.000	-0.004
5	1026.000	-0.004
5	1027.000	-0.004
5	1028.000	-0.004
5	1029.000	-0.004
5	1030.000	-0.004
5	1031.000	-0.004
5	1032.000	-0.004
5	1033.000	-0.004
5	1034.000	-0.004
5	1035.000	-0.004
5	1036.000	-0.004
5	1037.000	-0.004
5	1038.000	-0.004
5	1039.000	-0.004
5	1040.000	-0.004
5	1041.000	-0.004
5	1042.000	-0.004
5	1043.000	-0.004
5	1044.000	-0.004
5	1045.000	-0.004
5	1046.000	-0.004
5	1047.000	-0.004
5	1048.000	-0.004
5	1049.000	-0.004
5	1050.000	-0.004
5	1051.000	-0.004
5	1052.000	-0.004
5	1053.000	-0.004
5	1054.000	-0.004
5	1055.000	-0.004
5	1056.000	-0.004
5	1057.000	-0.004
5	1058.000	-0.003
5	1059.000	-0.003
5	1060.000	-0.003
5	1061.000	-0.003
5	1062.000	-0.003
5	1063.000	-0.003
5	1064.000	-0.003
5	1065.000	-0.003
5	1066.000	-0.003
5	1067.000	-0.003
5	1068.000	-0.003
5	1069.000	-0.003
5	1070.000	-0.003
5	1071.000	-0.003
5	1072.000	-0.003
5	1073.000	-0.003
5	1074.000	-0.003
5	1075.000	-0.003
5	1076.000	-0.003
5	1077.000	-0.003
5	1078.000	-0.003
5	1079.000	-0.003
5	1080.000	-0.003
5	1081.000	-0.003
5	1082.000	-0.003
5	1083.000	-0.003
5	1084.000	-0.003
5	1085.000	-0.003
5	1086.000	-0.003
5	1087.000	-0.003
5	1088.000	-0.003
5	1089.000	-0.003
5	1090.000	-0.003
5	1091.000	-0.003
5	1092.000	-0.003
5	1093.000	-0.003
5	1094.000	-0.003
5	1095.000	-0.003
5	1096.000	-0.003
5	1097.000	-0.003
5	1098.000	-0.003
5	1099.000	-0.003
5	1100.000	-0.003
5	1101.000	-0.003
5	1102.000	-0.003
5	1103.000	-0.003
5	1104.000	-0.003
5	1105.000	-0.003
5	1106.000	-0.003
5	1107.000	-0.003
5	1108.000	-0.003
5	1109.000	-0.003
5	1110.000	-0.003
5	1111.000	-0.003
5	1112.000	-0.003
5	1113.000	-0.003
5	1114.000	-0.003
5	1115.000	-0.003
5	1116.000	-0.003
5	1117.000	-0.003
5	1118.000	-0.003
5	1119.000	-0.003
5	1120.000	-0.003
5	1121.000	-0.003
5	1122.000	-0.003
5	1123.000	-0.003
5	1124.000	-0.003
5	1125.000	-0.003
5	1126.000	-0.003
5	1127.000	-0.003
5	1128.000	-0.003
5	1129.000	-0.003
5	1130.000	-0.003
5	1131.000	-0.003
5	1132.000	-0.003
5	1133.000	-0.003
5	1134.000	-0.003
5	1135.000	-0.003
5	1136.000	-0.003
5	1137.000	-0.003
5	1138.000	-0.003
5	1139.000	-0.003
5	1140.000	-0.003
5	1141.000	-0.003
5	1142.000	-0.003
5	1143.000	-0.003
5	1144.000	-0.003
5	1145.000	-0.003
5	1146.000	-0.003
5	1147.000	-0.003
5	1148.000	-0.003
5	1149.000	-0.003
5	1150.000	-0.003
5	1151.000	-0.003
5	1152.000	-0.003
5	1153.000	-0.003
5	1154.000	-0.003
5	1155.000	-0.003
5	1156.000	-0.003
5	1157.000	-0.003
5	1158.000	-0.003
5	1159.000	-0.003
5	1160.000	-0.003
5	1161.000	-0.003
5	1162.000	-0.003
5	1163.000	-0.003
5	1164.000	-0.003
5	1165.000	-0.003
5	1166.000	-0.003
5	1167.000	-0.003
5	1168.000	-0.003
5	1169.000	-0.003
5	1170.000	-0.003
5	1171.000	-0.003
5	1172.000	-0.003
5	1173.000	-0.003
5	1174.000	-0.003
5	1175.000	-0.003
5	1176.000	-0.003
5	1177.000	-0.003
5	1178.000	-0.003
5	1179.000	-0.003
5	1180.000	-0.003
5	1181.000	-0.003
5	1182.000	-0.003
5	1183.000	-0.003
5	1184.000	-0.003
5	1185.000	-0.003
5	1186.000	-0.003
5	1187.000	-0.003
5	1188.000	-0.003
5	1189.000	-0.003
5	1190.000	-0.003
5	1191.000	-0.003
5	1192.000	-0.003
5	1193.000	-0.003
5	1194.000	-0.003
5	1195.000	-0.003
5	1196.000	-0.003
5	1197.000	-0.003
5	1198.000	-0.003
5	1199.000	-0.003
5	1200.000	-0.003
5	1201.000	-0.003
5	1202.000	-0.003
5	1203.000	-0.003
5	1204.000	-0.003
5	1205.000	-0.003
5	1206.000	-0.003
5	1207.000	-0.003
5	1208.000	-0.003
5	1209.000	-0.003
5	1210.000	-0.003
5	1211.000	-0.003
5	1212.000	-0.003
5	1213.000	-0.003
5	1214.000	-0.003
5	1215.000	-0.003
5	1216.000	-0.003
5	1217.000	-0.003
5	1218.000	-0.003
5	1219.000	-0.003
5	1220.000	-0.003
5	1221.000	-0.003
5	1222.000	-0.003
5	1223.000	-0.003
5	1224.000	-0.003
5	1225.000	-0.003
5	1226.000	-0.003
5	1227.000	-0.002
5	1228.000	-0.002
5	1229.000	-0.002
5	1230.000	-0.002
5	1231.000	-0.002
5	1232.000	-0.002
5	1233.000	-0.002
5	1234.000	-0.002
5	1235.000	-0.002
5	1236.000	-0.002
5	1237.000	-0.002
5	1238.000	-0.002
5	1239.000	-0.002
5	1240.000	-0.002
5	1241.000	-0.002
5	1242.000	-0.002
5	1243.000	-0.002
5	1244.000	-0.002
5	1245.000	-0.002
5	1246.000	-0.002
5	1247.000	-0.002
5	1248.000	-0.002
5	1249.000	-0.002
5	1250.000	-0.002
5	1251.000	-0.002
5	1252.000	-0.002
5	1253.000	-0.002
5	1254.000	-0.002
5	1255.000	-0.002
5	1256.000	-0.002
5	1257.000	-0.002
5	1258.000	-0.002
5	1259.000	-0.002
5	1260.000	-0.002
5	1261.000	-0.002
5	1262.000	-0.002
5	1263.000	-0.002
5	1264.000	-0.002
5	1265.000	-0.002
5	1266.000	-0.002
5	1267.000	-0.002
5	1268.000	-0.002
5	1269.000	-0.002
5	1270.000	-0.002
5	1271.000	-0.002
5	1272.000	-0.002
5	1273.000	-0.002
5	1274.000	-0.002
5	1275.000	-0.002
5	1276.000	-0.002
5	1277.000	-0.002
5	1278.000	-0.002
5	1279.000	-0.002
5	1280.000	-0.002
5	1281.000	-0.002
5	1282.000	-0.002
5	1283.000	-0.002
5	1284.000	-0.002
5	1285.000	-0.002
5	1286.000	-0.002
5	1287.000	-0.002
5	1288.000	-0.002
5	1289.000	-0.002
5	1290.000	-0.002
5	1291.000	-0.002
5	1292.000	-0.002
5	1293.000	-0.002
5	1294.000	-0.002
5	1295.000	-0.002
5	1296.000	-0.002
5	1297.000	-0.002
5	1298.000	-0.002
5	1299.000	-0.002
5	1300.000	-0.002
5	1301.000	-0.002
5	1302.000	-0.002
5	1303.000	-0.002
5	1304.000	-0.002
5	1305.000	-0.002
5	1306.000	-0.002
5	1307.000	-0.002
5	1308.000	-0.002
5	1309.000	-0.002
5	1310.000	-0.002
5	1311.000	-0.002
5	1312.000	-0.002
5	1313.000	-0.002
5	1314.000	-0.002
5	1315.000	-0.002
5	1316.000	-0.002
5	1317.000	-0.002
5	1318.000	-0.002
5	1319.000	-0.002
5	1320.000	-0.002
5	1321.000	-0.002
5	1322.000	-0.002
5	1323.000	-0.002
5	1324.000	-0.002
5	1325.000	-0.002
5	1326.000	-0.002
5	1327.000	-0.002
5	1328.000	-0.002
5	1329.000	-0.002
5	1330.000	-0.002
5	1331.000	-0.002
5	1332.000	-0.002
5	1333.000	-0.002
5	1334.000	-0.002
5	1335.000	-0.002
5	1336.000	-0.002
5	1337.000	-0.002
5	1338.000	-0.002
5	1339.000	-0.002
5	1340.000	-0.002
5	1341.000	-0.002
5	1342.000	-0.002
5	1343.000	-0.002
5	1344.000	-0.002
5	1345.000	-0.002
5	1346.000	-0.002
5	1347.000	-0.002
5	1348.000	-0.002
5	1349.000	-0.002
5	1350.000	-0.002
5	1351.000	-0.002
5	1352.000	-0.002
5	1353.000	-0.002
5	1354.000	-0.002
5	1355.000	-0.002
5	1356.000	-0.002
5	1357.000	-0.002
5	1358.000	-0.002
5	1359.000	-0.002
5	1360.000	-0.002
5	1361.000	-0.002
5	1362.000	-0.002
5	1363.000	-0.002
5	1364.000	-0.002
5	1365.000	-0.002
5	1366.000	-0.002
5	1367.000	-0.002
5	1368.000	-0.002
5	1369.000	-0.002
5	1370.000	-0.002
5	1371.000	-0.002
5	1372.000	-0.002
5	1373.000	-0.002
5	1374.000	-0.002
5	1375.000	-0.002
5	1376.000	-0.002
5	1377.000	-0.002
5	1378.000	-0.002
5	1379.000	-0.002
5	1380.000	-0.002
5	1381.000	-0.002
5	1382.000	-0.002
5	1383.000	-0.002
5	1384.000	-0.002
5	1385.000	-0.002
5	1386.000	-0.002
5	1387.000	-0.002
5	1388.000	-0.002
5	1389.000	-0.002
5	1390.000	-0.002
5	1391.000	-0.002
5	1392.000	-0.002
5	1393.000	-0.002
5	1394.000	-0.002
5	1395.000	-0.002
5	1396.000	-0.002
5	1397.000	-0.002
5	1398.000	-0.002
5	1399.000	-0.002
5	1400.000	-0.002
5	1401.000	-0.002
5	1402.000	-0.002
5	1403.000	-0.002
5	1404.000	-0.002
5	1405.000	-0.002
5	1406.000	-0.002
5	1407.000	-0.002
5	1408.000	-0.002
5	1409.000	-0.002
5	1410.000	-0.002
5	1411.000	-0.002
5	1412.000	-0.002
5	1413.000	-0.002
5	1414.000	-0.002
5	1415.000	-0.002
5	1416.000	-0.002
5	1417.000	-0.002
5	1418.000	-0.002
5	1419.000	-0.002
5	1420.000	-0.002
5	1421.000	-0.002
5	1422.000	-0.002
5	1423.000	-0.002
5	1424.000	-0.002
5	1425.000	-0.002
5	1426.000	-0.002
5	1427.000	-0.002
5	1428.000	-0.002
5	1429.000	-0.002
5	1430.000	-0.002
5	1431.000	-0.002
5	1432.000	-0.002
5	1433.000	-0.002
5	1434.000	-0.002
5	1435.000	-0.002
5	1436.000	-0.002
5	1437.000	-0.002
5	1438.000	-0.002
5	1439.000	-0.002
5	1440.000	-0.002
5	1441.000	-0.002
5	1442.000	-0.002
5	1443.000	-0.002
5	1444.000	-0.002
5	1445.000	-0.002
5	1446.000	-0.002
5	1447.000	-0.002
5	1448.000	-0.002
5	1449.000	-0.002
5	1450.000	-0.002
5	1451.000	-0.002
5	1452.000	-0.002
5	1453.000	-0.002
5	1454.000	-0.002
5	1455.000	-0.002
5	1456.000	-0.002
5	1457.000	-0.002
5	1458.000	-0.002
5	1459.000	-0.002
5	1460.000	-0.002
5	1461.000	-0.002
5	1462.000	-0.002
5	1463.000	-0.002
5	1464.000	-0.002
5	1465.000	-0.002
5	1466.000	-0.002
5	1467.000	-0.002
5	1468.000	-0.002
5	1469.000	-0.002
5	1470.000	-0.002
5	1471.000	-0.002
5	1472.000	-0.002
5	1473.000	-0.002
5	1474.000	-0.002
5	1475.000	-0.002
5	1476.000	-0.002
5	1477.000	-0.002
5	1478.000	-0.002
5	1479.000	-0.002
5	1480.000	-0.002
5	1481.000	-0.002
5	1482.000	-0.001
5	1483.000	-0.001
5	1484.000	-0.001
5	1485.000	-0.001
5	1486.000	-0.001
5	1487.000	-0.001
5	1488.000	-0.001
5	1489.000	-0.001
5	1490.000	-0.001
5	1491.000	-0.001
5	1492.000	-0.001
5	1493.000	-0.001
5	1494.000	-0.001
5	1495.000	-0.001
5	1496.000	-0.001
5	1497.000	-0.001
5	1498.000	-0.001
5	1499.000	-0.001
5	1500.000	-0.001
5	1501.000	-0.001
5	1502.000	-0.001
5	1503.000	-0.001
5	1504.000	-0.001
5	1505.000	-0.001
5	1506.000	-0.001
5	1507.000	-0.001
5	1508.000	-0.001
5	1509.000	-0.001
5	1510.000	-0.001
5	1511.000	-0.001
5	1512.000	-0.001
5	1513.000	-0.001
5	1514.000	-0.001
5	1515.000	-0.001
5	1516.000	-0.001
5	1517.000	-0.001
5	1518.000	-0.001
5	1519.000	-0.001
5	1520.000	-0.001
5	1521.000	-0.001
5	1522.000	-0.001
5	1523.000	-0.001
5	1524.000	-0.001
5	1525.000	-0.001
5	1526.000	-0.001
5	1527.000	-0.001
5	1528.000	-0.001
5	1529.000	-0.001
5	1530.000	-0.001
5	1531.000	-0.001
5	1532.000	-0.001
5	1533.000	-0.001
5	1534.000	-0.001
5	1535.000	-0.001
5	1536.000	-0.001
5	1537.000	-0.001
5	1538.000	-0.001
5	1539.000	-0.001
5	1540.000	-0.001
5	1541.000	-0.001
5	1542.000	-0.001
5	1543.000	-0.001
5	1544.000	-0.001
5	1545.000	-0.001
5	1546.000	-0.001
5	1547.000	-0.001
5	1548.000	-0.001
5	1549.000	-0.001
5	1550.000	-0.001
5	1551.000	-0.001
5	1552.000	-0.001
5	1553.000	-0.001
5	1554.000	-0.001
5	1555.000	-0.001
5	1556.000	-0.001
5	1557.000	-0.001
5	1558.000	-0.001
5	1559.000	-0.001
5	1560.000	-0.001
5	1561.000	-0.001
5	1562.000	-0.001
5	1563.000	-0.001
5	1564.000	-0.001
5	1565.000	0.998
5	1566.000	0.996
5	1567.000	0.994
5	1568.000	0.992
5	1569.000	0.990
5	1570.000	0.988
5	1571.000	0.986
5	1572.000	0.984
5	1573.000	1.982
5	1574.000	1.978
5	1575.000	1.974
5	1576.000	1.970
5	1577.000	1.966
5	1578.000	1.962
5	1579.000	1.958
5	1580.000	1.955
5	1581.000	1.951
5	1582.000	2.946
5	1583.000	2.941
5	1584.000	2.935
5	1585.000	2.929
5	1586.000	2.923
5	1587.000	2.917
5	1588.000	2.911
5	1589.000	2.905
5	1590.000	2.900
5	1591.000	2.894
5	1592.000	3.888
5	1593.000	3.880
5	1594.000	3.872
5	1595.000	3.864
5	1596.000	3.857
5	1597.000	3.849
5	1598.000	3.841
5	1599.000	3.834
5	1600.000	3.826
5	1601.000	3.818
5	1602.000	3.811
5	1603.000	4.802
5	1604.000	4.792
5	1605.000	4.782
5	1606.000	4.773
5	1607.000	4.763
5	1608.000	4.754
5	1609.000	4.744
5	1610.000	4.735
5	1611.000	4.725
5	1612.000	4.716
5	1613.000	4.706
5	1614.000	4.697
5	1615.000	4.688
5	1616.000	5.678
5	1617.000	5.667
5	1618.000	5.656
5	1619.000	5.644
5	1620.000	5.633
5	1621.000	5.622
5	1622.000	5.611
5	1623.000	5.599
5	1624.000	5.588
5	1625.000	5.577
5	1626.000	5.566
5	1627.000	6.554
5	1628.000	6.541
5	1629.000	6.528
5	1630.000	6.515
5	1631.000	6.502
5	1632.000	6.489
5	1633.000	6.476
5	1634.000	6.463
5	1635.000	6.450
5	1636.000	6.437
5	1637.000	7.422
5	1638.000	7.407
5	1639.000	7.392
5	1640.000	7.378
5	1641.000	7.363
5	1642.000	7.348
5	1643.000	7.333
5	1644.000	7.319
5	1645.000	8.304
5	1646.000	8.287
5	1647.000	8.271
5	1648.000	8.254
5	1649.000	8.238
5	1650.000	8.221
5	1651.000	8.205
5	1652.000	8.188
5	1653.000	9.172
5	1654.000	9.154
5	1655.000	9.135
5	1656.000	9.117
5	1657.000	9.099
5	1658.000	9.081
5	1659.000	9.063
5	1660.000	9.044
5	1661.000	10.026
5	1662.000	10.006
5	1663.000	9.986
5	1664.000	9.966
5	1665.000	9.946
5	1666.000	9.926
5	1667.000	9.907
5	1668.000	9.887
5	1669.000	10.867
5	1670.000	10.845
5	1671.000	10.823
5	1672.000	10.802
5	1673.000	10.780
5	1674.000	10.759
5	1675.000	10.737
5	1676.000	10.716
5	1677.000	11.693
5	1678.000	11.670
5	1679.000	11.647
5	1680.000	11.623
5	1681.000	11.600
5	1682.000	11.577
5	1683.000	11.554
5	1684.000	12.531
5	1685.000	12.506
5	1686.000	12.481
5	1687.000	12.456
5	1688.000	12.431
5	1689.000	12.406
5	1690.000	12.381
5	1691.000	12.357
5	1692.000	13.331
5	1693.000	13.304
5	1694.000	13.278
5	1695.000	13.251
5	1696.000	13.225
5	1697.000	13.198
5	1698.000	13.172
5	1699.000	14.144
5	1700.000	14.116
5	1701.000	14.088
5	1702.000	14.060
5	1703.000	14.032
5	1704.000	14.004
5	1705.000	13.976
5	1706.000	14.946
5	1707.000	14.916
5	1708.000	14.886
5	1709.000	14.857
5	1710.000	14.827
5	1711.000	14.797
5	1712.000	14.768
5	1713.000	15.737
5	1714.000	15.706
5	1715.000	15.675
5	1716.000	15.643
5	1717.000	15.612
5	1718.000	15.581
5	1719.000	15.550
5	1720.000	16.517
5	1721.000	16.484
5	1722.000	16.451
5	1723.000	16.418
5	1724.000	16.385
5	1725.000	16.352
5	1726.000	17.320
5	1727.000	17.285
5	1728.000	17.250
5	1729.000	17.216
5	1730.000	17.181
5	1731.000	17.147
5	1732.000	17.113
5	1733.000	18.078
5	1734.000	18.042
5	1735.000	18.006
5	1736.000	17.970
5	1737.000	17.934
5	1738.000	17.898
5	1739.000	17.862
5	1740.000	18.826
5	1741.000	18.788
5	1742.000	18.751
5	1743.000	18.713
5	1744.000	18.676
5	1745.000	18.639
5	1746.000	18.601
5	1747.000	19.564
5	1748.000	19.524
5	1749.000	19.485
5	1750.000	19.446
5	1751.000	19.408
5	1752.000	19.369
5	1753.000	19.330
5	1754.000	20.290
5	1755.000	20.250
5	1756.000	20.209
5	1757.000	20.169
5	1758.000	20.129
5	1759.000	20.088
5	1760.000	20.048
5	1761.000	21.007
5	1762.000	20.965
5	1763.000	20.923
5	1764.000	20.881
5	1765.000	20.840
5	1766.000	20.798
5	1767.000	20.756
5	1768.000	21.713
5	1769.000	21.670
5	1770.000	21.627
5	1771.000	21.583
5	1772.000	21.540
5	1773.000	21.497
5	1774.000	22.454
5	1775.000	22.409
5	1776.000	22.364
5	1777.000	22.320
5	1778.000	22.275
5	1779.000	22.230
5	1780.000	22.186
5	1781.000	23.141
5	1782.000	23.095
5	1783.000	23.049
5	1784.000	23.003
5	1785.000	22.957
5	1786.000	22.911
5	1787.000	22.865
5	1788.000	23.818
5	1789.000	23.771
5	1790.000	23.723
5	1791.000	23.676
5	1792.000	23.629
5	1793.000	23.581
5	1794.000	23.534
5	1795.000	24.486
5	1796.000	24.437
5	1797.000	24.388
5	1798.000	24.339
5	1799.000	24.291
5	1800.000	24.242
5	1801.000	24.194
5	1802.000	25.144
5	1803.000	25.093
5	1804.000	25.043
5	1805.000	24.993
5	1806.000	24.943
5	1807.000	24.894
5	1808.000	25.844
5	1809.000	25.792
5	1810.000	25.740
5	1811.000	25.689
5	1812.000	25.638
5	1813.000	25.586
5	1814.000	25.535
5	1815.000	26.484
5	1816.000	26.431
5	1817.000	26.378
5	1818.000	26.325
5	1819.000	26.273
5	1820.000	26.220
5	1821.000	26.168
5	1822.000	27.114
5	1823.000	27.060
5	1824.000	27.006
5	1825.000	26.952
5	1826.000	26.898
5	1827.000	26.845
5	1828.000	26.791
5	1829.000	27.736
5	1830.000	27.680
5	1831.000	27.625
5	1832.000	27.570
5	1833.000	27.515
5	1834.000	27.460
5	1835.000	27.405
5	1836.000	28.348
5	1837.000	28.292
5	1838.000	28.235
5	1839.000	28.179
5	1840.000	28.123
5	1841.000	28.066
5	1842.000	28.010
5	1843.000	28.952
5	1844.000	28.895
5	1845.000	28.837
5	1846.000	28.779
5	1847.000	28.722
5	1848.000	28.664
5	1849.000	29.607
5	1850.000	29.547
5	1851.000	29.488
5	1852.000	29.429
5	1853.000	29.371
5	1854.000	29.312
5	1855.000	29.253
5	1856.000	30.194
5	1857.000	30.134
5	1858.000	30.074
5	1859.000	30.013
5	1860.000	29.953
5	1861.000	29.894
5	1862.000	29.834
5	1863.000	30.773
5	1864.000	30.712
5	1865.000	30.650
5	1866.000	30.589
5	1867.000	30.528
5	1868.000	30.467
5	1869.000	30.406
5	1870.000	31.343
5	1871.000	31.281
5	1872.000	31.218
5	1873.000	31.156
5	1874.000	31.094
5	1875.000	31.031
5	1876.000	31.969
5	1877.000	31.905
5	1878.000	31.841
5	1879.000	31.778
5	1880.000	31.714
5	1881.000	31.651
5	1882.000	31.588
5	1883.000	32.524
5	1884.000	32.459
5	1885.000	32.394
5	1886.000	32.329
5	1887.000	32.265
5	1888.000	32.200
5	1889.000	32.136
5	1890.000	33.070
5	1891.000	33.004
5	1892.000	32.938
5	1893.000	32.873
5	1894.000	32.807
5	1895.000	32.741
5	1896.000	32.676
5	1897.000	33.609
5	1898.000	33.542
5	1899.000	33.475
5	1900.000	33.408
5	1901.000	33.341
5	1902.000	33.274
5	1903.000	34.207
5	1904.000	34.139
5	1905.000	34.071
5	1906.000	34.003
5	1907.000	33.935
5	1908.000	33.867
5	1909.000	33.799
5	1910.000	34.730
5	1911.000	34.661
5	1912.000	34.592
5	1913.000	34.522
5	1914.000	34.454
5	1915.000	34.385
5	1916.000	35.316
5	1917.000	35.245
5	1918.000	35.175
5	1919.000	35.105
5	1920.000	35.034
5	1921.000	34.964
5	1922.000	34.895
5	1923.000	35.823
5	1924.000	35.752
5	1925.000	35.680
5	1926.000	35.609
5	1927.000	35.538
5	1928.000	35.467
5	1929.000	36.395
5	1930.000	36.322
5	1931.000	36.250
5	1932.000	36.177
5	1933.000	36.105
5	1934.000	36.033
5	1935.000	36.960
5	1936.000	36.886
5	1937.000	36.813
5	1938.000	36.739
5	1939.000	36.666
5	1940.000	36.593
5	1941.000	37.519
5	1942.000	37.444
5	1943.000	37.369
5	1944.000	37.294
5	1945.000	37.220
5	1946.000	37.146
5	1947.000	38.071
5	1948.000	37.995
5	1949.000	37.919
5	1950.000	37.843
5	1951.000	37.768
5	1952.000	37.692
5	1953.000	38.616
5	1954.000	38.539
5	1955.000	38.462
5	1956.000	38.385
5	1957.000	38.308
5	1958.000	38.232
5	1959.000	39.154
5	1960.000	39.076
5	1961.000	38.998
5	1962.000	38.920
5	1963.000	38.842
5	1964.000	38.764
5	1965.000	39.685
5	1966.000	39.606
5	1967.000	39.527
5	1968.000	39.448
5	1969.000	39.369
5	1970.000	40.290
5	1971.000	40.210
5	1972.000	40.130
5	1973.000	40.049
5	1974.000	39.969
5	1975.000	39.889
5	1976.000	40.809
5	1977.000	40.728
5	1978.000	40.646
5	1979.000	40.565
5	1980.000	40.484
5	1981.000	40.403
5	1982.000	41.322
5	1983.000	41.239
5	1984.000	41.157
5	1985.000	41.074
5	1986.000	40.992
5	1987.000	40.910
5	1988.000	41.827
5	1989.000	41.744
5	1990.000	41.660
5	1991.000	41.577
5	1992.000	41.494
5	1993.000	42.411
5	1994.000	42.326
5	1995.000	42.242
5	1996.000	42.157
5	1997.000	42.073
5	1998.000	41.989
5	1999.000	42.905
5	2000.000	42.819
