# NEST version: UNKNOWN
# RecordingBackendASCII version: 2
sender	time_ms	w
806	1.000	0.000
806	2.000	0.000
806	3.000	0.000
806	4.000	0.000
806	5.000	0.000
806	6.000	0.000
806	7.000	0.000
806	8.000	0.000
806	9.000	0.000
806	10.000	0.000
806	11.000	0.000
806	12.000	0.000
806	13.000	0.000
806	14.000	0.000
806	15.000	0.000
806	16.000	0.000
806	17.000	0.000
806	18.000	0.000
806	19.000	0.000
806	20.000	0.000
806	21.000	0.000
806	22.000	0.000
806	23.000	0.000
806	24.000	0.000
806	25.000	0.000
806	26.000	0.000
806	27.000	0.000
806	28.000	0.000
806	29.000	0.000
806	30.000	0.000
806	31.000	0.000
806	32.000	0.000
806	33.000	0.000
806	34.000	0.000
806	35.000	0.000
806	36.000	0.000
806	37.000	0.000
806	38.000	0.000
806	39.000	0.000
806	40.000	0.000
806	41.000	0.000
806	42.000	0.000
806	43.000	0.000
806	44.000	0.000
806	45.000	0.000
806	46.000	0.000
806	47.000	0.000
806	48.000	0.000
806	49.000	0.000
806	50.000	0.000
806	51.000	0.000
806	52.000	0.000
806	53.000	0.000
806	54.000	0.000
806	55.000	0.000
806	56.000	0.000
806	57.000	0.000
806	58.000	0.000
806	59.000	0.000
806	60.000	0.000
806	61.000	0.000
806	62.000	0.000
806	63.000	0.000
806	64.000	0.000
806	65.000	0.000
806	66.000	0.000
806	67.000	0.000
806	68.000	0.000
806	69.000	0.000
806	70.000	0.000
806	71.000	0.000
806	72.000	0.000
806	73.000	0.000
806	74.000	0.000
806	75.000	0.000
806	76.000	0.000
806	77.000	0.000
806	78.000	0.000
806	79.000	0.000
806	80.000	0.000
806	81.000	0.000
806	82.000	0.000
806	83.000	0.000
806	84.000	0.000
806	85.000	0.000
806	86.000	0.000
806	87.000	0.000
806	88.000	0.000
806	89.000	0.000
806	90.000	0.000
806	91.000	0.000
806	92.000	0.000
806	93.000	0.000
806	94.000	0.000
806	95.000	0.000
806	96.000	0.000
806	97.000	0.000
806	98.000	0.000
806	99.000	0.000
806	100.000	0.000
806	101.000	0.000
806	102.000	0.000
806	103.000	0.000
806	104.000	0.000
806	105.000	0.000
806	106.000	0.000
806	107.000	0.000
806	108.000	0.000
806	109.000	0.000
806	110.000	0.000
806	111.000	0.000
806	112.000	0.000
806	113.000	0.000
806	114.000	0.000
806	115.000	0.000
806	116.000	0.000
806	117.000	0.000
806	118.000	0.000
806	119.000	0.000
806	120.000	0.000
806	121.000	0.000
806	122.000	0.000
806	123.000	0.000
806	124.000	0.000
806	125.000	0.000
806	126.000	0.000
806	127.000	0.000
806	128.000	0.000
806	129.000	0.000
806	130.000	0.000
806	131.000	0.000
806	132.000	0.000
806	133.000	0.000
806	134.000	0.000
806	135.000	0.000
806	136.000	0.000
806	137.000	0.000
806	138.000	0.000
806	139.000	0.000
806	140.000	0.000
806	141.000	0.000
806	142.000	0.000
806	143.000	0.000
806	144.000	0.000
806	145.000	0.000
806	146.000	0.000
806	147.000	0.000
806	148.000	0.000
806	149.000	0.000
806	150.000	0.000
806	151.000	0.000
806	152.000	0.000
806	153.000	0.000
806	154.000	0.000
806	155.000	0.000
806	156.000	0.000
806	157.000	0.000
806	158.000	0.000
806	159.000	0.000
806	160.000	0.000
806	161.000	0.000
806	162.000	0.000
806	163.000	0.000
806	164.000	0.000
806	165.000	0.000
806	166.000	0.000
806	167.000	0.000
806	168.000	0.000
806	169.000	0.000
806	170.000	0.000
806	171.000	0.000
806	172.000	0.000
806	173.000	0.000
806	174.000	0.000
806	175.000	0.000
806	176.000	0.000
806	177.000	0.000
806	178.000	0.000
806	179.000	0.000
806	180.000	0.000
806	181.000	0.000
806	182.000	0.000
806	183.000	0.000
806	184.000	0.000
806	185.000	0.000
806	186.000	0.000
806	187.000	0.000
806	188.000	0.000
806	189.000	0.000
806	190.000	0.000
806	191.000	0.000
806	192.000	0.000
806	193.000	0.000
806	194.000	0.000
806	195.000	0.000
806	196.000	0.000
806	197.000	0.000
806	198.000	0.000
806	199.000	0.000
806	200.000	0.000
806	201.000	0.000
806	202.000	0.000
806	203.000	0.000
806	204.000	0.000
806	205.000	0.000
806	206.000	0.000
806	207.000	0.000
806	208.000	0.000
806	209.000	0.000
806	210.000	0.000
806	211.000	0.000
806	212.000	0.000
806	213.000	0.000
806	214.000	0.000
806	215.000	0.000
806	216.000	0.000
806	217.000	0.000
806	218.000	0.000
806	219.000	0.000
806	220.000	0.000
806	221.000	0.000
806	222.000	0.000
806	223.000	0.000
806	224.000	0.000
806	225.000	0.000
806	226.000	0.000
806	227.000	0.000
806	228.000	0.000
806	229.000	0.000
806	230.000	0.000
806	231.000	0.000
806	232.000	0.000
806	233.000	0.000
806	234.000	0.000
806	235.000	0.000
806	236.000	0.000
806	237.000	0.000
806	238.000	0.000
806	239.000	0.000
806	240.000	0.000
806	241.000	0.000
806	242.000	0.000
806	243.000	0.000
806	244.000	0.000
806	245.000	0.000
806	246.000	0.000
806	247.000	0.000
806	248.000	0.000
806	249.000	0.000
806	250.000	0.000
806	251.000	0.000
806	252.000	0.000
806	253.000	0.000
806	254.000	0.000
806	255.000	0.000
806	256.000	0.000
806	257.000	0.000
806	258.000	0.000
806	259.000	0.000
806	260.000	0.000
806	261.000	0.000
806	262.000	0.000
806	263.000	0.000
806	264.000	0.000
806	265.000	0.000
806	266.000	0.000
806	267.000	0.000
806	268.000	0.000
806	269.000	0.000
806	270.000	0.000
806	271.000	0.000
806	272.000	0.000
806	273.000	0.000
806	274.000	0.000
806	275.000	0.000
806	276.000	0.000
806	277.000	0.000
806	278.000	0.000
806	279.000	0.000
806	280.000	0.000
806	281.000	0.000
806	282.000	0.000
806	283.000	0.000
806	284.000	0.000
806	285.000	0.000
806	286.000	0.000
806	287.000	0.000
806	288.000	0.000
806	289.000	0.000
806	290.000	0.000
806	291.000	0.000
806	292.000	0.000
806	293.000	0.000
806	294.000	0.000
806	295.000	0.000
806	296.000	0.000
806	297.000	0.000
806	298.000	0.000
806	299.000	0.000
806	300.000	0.000
806	301.000	0.000
806	302.000	0.000
806	303.000	0.000
806	304.000	0.000
806	305.000	0.000
806	306.000	0.000
806	307.000	0.000
806	308.000	0.000
806	309.000	0.000
806	310.000	0.000
806	311.000	0.000
806	312.000	0.000
806	313.000	0.000
806	314.000	0.000
806	315.000	0.000
806	316.000	0.000
806	317.000	0.000
806	318.000	0.000
806	319.000	0.000
806	320.000	0.000
806	321.000	0.000
806	322.000	0.000
806	323.000	0.000
806	324.000	0.000
806	325.000	0.000
806	326.000	0.000
806	327.000	0.000
806	328.000	0.000
806	329.000	0.000
806	330.000	0.000
806	331.000	0.000
806	332.000	0.000
806	333.000	0.000
806	334.000	0.000
806	335.000	0.000
806	336.000	0.000
806	337.000	0.000
806	338.000	0.000
806	339.000	0.000
806	340.000	0.000
806	341.000	0.000
806	342.000	0.000
806	343.000	0.000
806	344.000	0.000
806	345.000	0.000
806	346.000	0.000
806	347.000	0.000
806	348.000	0.000
806	349.000	0.000
806	350.000	0.000
806	351.000	0.000
806	352.000	0.000
806	353.000	0.000
806	354.000	0.000
806	355.000	0.000
806	356.000	0.000
806	357.000	0.000
806	358.000	0.000
806	359.000	0.000
806	360.000	0.000
806	361.000	0.000
806	362.000	0.000
806	363.000	0.000
806	364.000	0.000
806	365.000	0.000
806	366.000	0.000
806	367.000	0.000
806	368.000	0.000
806	369.000	0.000
806	370.000	0.000
806	371.000	0.000
806	372.000	0.000
806	373.000	0.000
806	374.000	0.000
806	375.000	0.000
806	376.000	0.000
806	377.000	0.000
806	378.000	0.000
806	379.000	0.000
806	380.000	0.000
806	381.000	0.000
806	382.000	0.000
806	383.000	0.000
806	384.000	0.000
806	385.000	0.000
806	386.000	0.000
806	387.000	0.000
806	388.000	0.000
806	389.000	0.000
806	390.000	0.000
806	391.000	0.000
806	392.000	0.000
806	393.000	0.000
806	394.000	0.000
806	395.000	0.000
806	396.000	0.000
806	397.000	0.000
806	398.000	0.000
806	399.000	0.000
806	400.000	0.000
806	401.000	0.000
806	402.000	0.000
806	403.000	0.000
806	404.000	0.000
806	405.000	0.000
806	406.000	0.000
806	407.000	0.000
806	408.000	0.000
806	409.000	0.000
806	410.000	0.000
806	411.000	0.000
806	412.000	0.000
806	413.000	0.000
806	414.000	0.000
806	415.000	0.000
806	416.000	0.000
806	417.000	0.000
806	418.000	0.000
806	419.000	0.000
806	420.000	0.000
806	421.000	0.000
806	422.000	0.000
806	423.000	0.000
806	424.000	0.000
806	425.000	0.000
806	426.000	0.000
806	427.000	0.000
806	428.000	0.000
806	429.000	0.000
806	430.000	0.000
806	431.000	0.000
806	432.000	0.000
806	433.000	0.000
806	434.000	0.000
806	435.000	0.000
806	436.000	0.000
806	437.000	0.000
806	438.000	0.000
806	439.000	0.000
806	440.000	0.000
806	441.000	0.000
806	442.000	0.000
806	443.000	0.000
806	444.000	0.000
806	445.000	0.000
806	446.000	0.000
806	447.000	0.000
806	448.000	0.000
806	449.000	0.000
806	450.000	0.000
806	451.000	0.000
806	452.000	0.000
806	453.000	0.000
806	454.000	0.000
806	455.000	0.000
806	456.000	0.000
806	457.000	0.000
806	458.000	0.000
806	459.000	0.000
806	460.000	0.000
806	461.000	0.000
806	462.000	0.000
806	463.000	0.000
806	464.000	0.000
806	465.000	0.000
806	466.000	0.000
806	467.000	0.000
806	468.000	0.000
806	469.000	0.000
806	470.000	0.000
806	471.000	0.000
806	472.000	0.000
806	473.000	0.000
806	474.000	0.000
806	475.000	0.000
806	476.000	0.000
806	477.000	0.000
806	478.000	0.000
806	479.000	0.000
806	480.000	0.000
806	481.000	0.000
806	482.000	0.000
806	483.000	0.000
806	484.000	0.000
806	485.000	0.000
806	486.000	0.000
806	487.000	0.000
806	488.000	0.000
806	489.000	0.000
806	490.000	0.000
806	491.000	0.000
806	492.000	0.000
806	493.000	0.000
806	494.000	0.000
806	495.000	0.000
806	496.000	0.000
806	497.000	0.000
806	498.000	0.000
806	499.000	0.000
806	500.000	0.000
806	501.000	0.000
806	502.000	0.000
806	503.000	0.000
806	504.000	0.000
806	505.000	0.000
806	506.000	0.000
806	507.000	0.000
806	508.000	0.000
806	509.000	0.000
806	510.000	0.000
806	511.000	0.000
806	512.000	0.000
806	513.000	0.000
806	514.000	0.000
806	515.000	0.000
806	516.000	0.000
806	517.000	0.000
806	518.000	0.000
806	519.000	0.000
806	520.000	0.000
806	521.000	0.000
806	522.000	0.000
806	523.000	0.000
806	524.000	0.000
806	525.000	0.000
806	526.000	0.000
806	527.000	0.000
806	528.000	0.000
806	529.000	0.000
806	530.000	0.000
806	531.000	0.000
806	532.000	0.000
806	533.000	0.000
806	534.000	0.000
806	535.000	0.000
806	536.000	0.000
806	537.000	0.000
806	538.000	0.000
806	539.000	0.000
806	540.000	0.000
806	541.000	0.000
806	542.000	0.000
806	543.000	0.000
806	544.000	0.000
806	545.000	0.000
806	546.000	0.000
806	547.000	0.000
806	548.000	0.000
806	549.000	0.000
806	550.000	0.000
806	551.000	0.000
806	552.000	0.000
806	553.000	0.000
806	554.000	0.000
806	555.000	0.000
806	556.000	0.000
806	557.000	0.000
806	558.000	0.000
806	559.000	0.000
806	560.000	0.000
806	561.000	0.000
806	562.000	0.000
806	563.000	0.000
806	564.000	0.000
806	565.000	0.000
806	566.000	0.000
806	567.000	0.000
806	568.000	0.000
806	569.000	0.000
806	570.000	0.000
806	571.000	0.000
806	572.000	0.000
806	573.000	0.000
806	574.000	0.000
806	575.000	0.000
806	576.000	0.000
806	577.000	0.000
806	578.000	0.000
806	579.000	0.000
806	580.000	0.000
806	581.000	0.000
806	582.000	0.000
806	583.000	0.000
806	584.000	0.000
806	585.000	0.000
806	586.000	0.000
806	587.000	0.000
806	588.000	0.000
806	589.000	0.000
806	590.000	0.000
806	591.000	0.000
806	592.000	0.000
806	593.000	0.000
806	594.000	0.000
806	595.000	0.000
806	596.000	0.000
806	597.000	0.000
806	598.000	0.000
806	599.000	0.000
806	600.000	0.000
806	601.000	0.000
806	602.000	0.000
806	603.000	0.000
806	604.000	0.000
806	605.000	0.000
806	606.000	0.000
806	607.000	0.000
806	608.000	0.000
806	609.000	0.000
806	610.000	0.000
806	611.000	0.000
806	612.000	0.000
806	613.000	0.000
806	614.000	0.000
806	615.000	0.000
806	616.000	0.000
806	617.000	0.000
806	618.000	0.000
806	619.000	0.000
806	620.000	0.000
806	621.000	0.000
806	622.000	0.000
806	623.000	0.000
806	624.000	0.000
806	625.000	0.000
806	626.000	0.000
806	627.000	0.000
806	628.000	0.000
806	629.000	0.000
806	630.000	0.000
806	631.000	0.000
806	632.000	0.000
806	633.000	0.000
806	634.000	0.000
806	635.000	0.000
806	636.000	0.000
806	637.000	0.000
806	638.000	0.000
806	639.000	0.000
806	640.000	0.000
806	641.000	0.000
806	642.000	0.000
806	643.000	0.000
806	644.000	0.000
806	645.000	0.000
806	646.000	0.000
806	647.000	0.000
806	648.000	0.000
806	649.000	0.000
806	650.000	0.000
806	651.000	0.000
806	652.000	0.000
806	653.000	0.000
806	654.000	0.000
806	655.000	0.000
806	656.000	0.000
806	657.000	0.000
806	658.000	0.000
806	659.000	0.000
806	660.000	0.000
806	661.000	0.000
806	662.000	0.000
806	663.000	0.000
806	664.000	0.000
806	665.000	0.000
806	666.000	0.000
806	667.000	0.000
806	668.000	0.000
806	669.000	0.000
806	670.000	0.000
806	671.000	0.000
806	672.000	0.000
806	673.000	0.000
806	674.000	0.000
806	675.000	0.000
806	676.000	0.000
806	677.000	0.000
806	678.000	0.000
806	679.000	0.000
806	680.000	0.000
806	681.000	0.000
806	682.000	0.000
806	683.000	0.000
806	684.000	0.000
806	685.000	0.000
806	686.000	0.000
806	687.000	0.000
806	688.000	0.000
806	689.000	0.000
806	690.000	0.000
806	691.000	0.000
806	692.000	0.000
806	693.000	0.000
806	694.000	0.000
806	695.000	0.000
806	696.000	0.000
806	697.000	0.000
806	698.000	0.000
806	699.000	0.000
806	700.000	0.000
806	701.000	0.000
806	702.000	0.000
806	703.000	0.000
806	704.000	0.000
806	705.000	0.000
806	706.000	0.000
806	707.000	0.000
806	708.000	0.000
806	709.000	0.000
806	710.000	0.000
806	711.000	0.000
806	712.000	0.000
806	713.000	0.000
806	714.000	0.000
806	715.000	0.000
806	716.000	0.000
806	717.000	0.000
806	718.000	0.000
806	719.000	0.000
806	720.000	0.000
806	721.000	0.000
806	722.000	0.000
806	723.000	0.000
806	724.000	0.000
806	725.000	0.000
806	726.000	0.000
806	727.000	0.000
806	728.000	0.000
806	729.000	0.000
806	730.000	0.000
806	731.000	0.000
806	732.000	0.000
806	733.000	0.000
806	734.000	0.000
806	735.000	0.000
806	736.000	0.000
806	737.000	0.000
806	738.000	0.000
806	739.000	0.000
806	740.000	0.000
806	741.000	0.000
806	742.000	0.000
806	743.000	0.000
806	744.000	0.000
806	745.000	0.000
806	746.000	0.000
806	747.000	0.000
806	748.000	0.000
806	749.000	0.000
806	750.000	0.000
806	751.000	0.000
806	752.000	0.000
806	753.000	0.000
806	754.000	0.000
806	755.000	0.000
806	756.000	0.000
806	757.000	0.000
806	758.000	0.000
806	759.000	0.000
806	760.000	0.000
806	761.000	0.000
806	762.000	0.000
806	763.000	0.000
806	764.000	0.000
806	765.000	0.000
806	766.000	0.000
806	767.000	0.000
806	768.000	0.000
806	769.000	0.000
806	770.000	0.000
806	771.000	0.000
806	772.000	0.000
806	773.000	0.000
806	774.000	0.000
806	775.000	0.000
806	776.000	0.000
806	777.000	0.000
806	778.000	0.000
806	779.000	0.000
806	780.000	0.000
806	781.000	0.000
806	782.000	0.000
806	783.000	0.000
806	784.000	0.000
806	785.000	0.000
806	786.000	0.000
806	787.000	0.000
806	788.000	0.000
806	789.000	0.000
806	790.000	0.000
806	791.000	0.000
806	792.000	0.000
806	793.000	0.000
806	794.000	0.000
806	795.000	0.000
806	796.000	0.000
806	797.000	0.000
806	798.000	0.000
806	799.000	0.000
806	800.000	0.000
806	801.000	0.000
806	802.000	0.000
806	803.000	0.000
806	804.000	0.000
806	805.000	0.000
806	806.000	0.000
806	807.000	0.000
806	808.000	0.000
806	809.000	0.000
806	810.000	0.000
806	811.000	0.000
806	812.000	0.000
806	813.000	0.000
806	814.000	0.000
806	815.000	0.000
806	816.000	0.000
806	817.000	0.000
806	818.000	0.000
806	819.000	0.000
806	820.000	0.000
806	821.000	0.000
806	822.000	0.000
806	823.000	0.000
806	824.000	0.000
806	825.000	0.000
806	826.000	0.000
806	827.000	0.000
806	828.000	0.000
806	829.000	0.000
806	830.000	0.000
806	831.000	0.000
806	832.000	0.000
806	833.000	0.000
806	834.000	0.000
806	835.000	0.000
806	836.000	0.000
806	837.000	0.000
806	838.000	0.000
806	839.000	0.000
806	840.000	0.000
806	841.000	0.000
806	842.000	0.000
806	843.000	0.000
806	844.000	0.000
806	845.000	0.000
806	846.000	0.000
806	847.000	0.000
806	848.000	0.000
806	849.000	0.000
806	850.000	0.000
806	851.000	0.000
806	852.000	0.000
806	853.000	0.000
806	854.000	0.000
806	855.000	0.000
806	856.000	0.000
806	857.000	0.000
806	858.000	0.000
806	859.000	0.000
806	860.000	0.000
806	861.000	0.000
806	862.000	0.000
806	863.000	0.000
806	864.000	0.000
806	865.000	0.000
806	866.000	0.000
806	867.000	0.000
806	868.000	0.000
806	869.000	0.000
806	870.000	0.000
806	871.000	0.000
806	872.000	0.000
806	873.000	0.000
806	874.000	0.000
806	875.000	0.000
806	876.000	0.000
806	877.000	0.000
806	878.000	0.000
806	879.000	0.000
806	880.000	0.000
806	881.000	0.000
806	882.000	0.000
806	883.000	0.000
806	884.000	0.000
806	885.000	0.000
806	886.000	0.000
806	887.000	0.000
806	888.000	0.000
806	889.000	0.000
806	890.000	0.000
806	891.000	0.000
806	892.000	0.000
806	893.000	0.000
806	894.000	0.000
806	895.000	0.000
806	896.000	0.000
806	897.000	0.000
806	898.000	0.000
806	899.000	0.000
806	900.000	0.000
806	901.000	0.000
806	902.000	0.000
806	903.000	0.000
806	904.000	0.000
806	905.000	0.000
806	906.000	0.000
806	907.000	0.000
806	908.000	0.000
806	909.000	0.000
806	910.000	0.000
806	911.000	0.000
806	912.000	0.000
806	913.000	0.000
806	914.000	0.000
806	915.000	0.000
806	916.000	0.000
806	917.000	0.000
806	918.000	0.000
806	919.000	0.000
806	920.000	0.000
806	921.000	0.000
806	922.000	0.000
806	923.000	0.000
806	924.000	0.000
806	925.000	0.000
806	926.000	0.000
806	927.000	0.000
806	928.000	0.000
806	929.000	0.000
806	930.000	0.000
806	931.000	0.000
806	932.000	0.000
806	933.000	0.000
806	934.000	0.000
806	935.000	0.000
806	936.000	0.000
806	937.000	0.000
806	938.000	0.000
806	939.000	0.000
806	940.000	0.000
806	941.000	0.000
806	942.000	0.000
806	943.000	0.000
806	944.000	0.000
806	945.000	0.000
806	946.000	0.000
806	947.000	0.000
806	948.000	0.000
806	949.000	0.000
806	950.000	0.000
806	951.000	0.000
806	952.000	0.000
806	953.000	0.000
806	954.000	0.000
806	955.000	0.000
806	956.000	0.000
806	957.000	0.000
806	958.000	0.000
806	959.000	0.000
806	960.000	0.000
806	961.000	0.000
806	962.000	0.000
806	963.000	0.000
806	964.000	0.000
806	965.000	0.000
806	966.000	0.000
806	967.000	0.000
806	968.000	0.000
806	969.000	0.000
806	970.000	0.000
806	971.000	0.000
806	972.000	0.000
806	973.000	0.000
806	974.000	0.000
806	975.000	0.000
806	976.000	0.000
806	977.000	0.000
806	978.000	0.000
806	979.000	0.000
806	980.000	0.000
806	981.000	0.000
806	982.000	0.000
806	983.000	0.000
806	984.000	0.000
806	985.000	0.000
806	986.000	0.000
806	987.000	0.000
806	988.000	0.000
806	989.000	0.000
806	990.000	0.000
806	991.000	0.000
806	992.000	0.000
806	993.000	0.000
806	994.000	0.000
806	995.000	0.000
806	996.000	0.000
806	997.000	0.000
806	998.000	0.000
806	999.000	0.000
806	1000.000	0.000
806	1001.000	0.000
806	1002.000	0.000
806	1003.000	0.000
806	1004.000	0.000
806	1005.000	0.000
806	1006.000	0.000
806	1007.000	0.000
806	1008.000	0.000
806	1009.000	0.000
806	1010.000	0.000
806	1011.000	0.000
806	1012.000	0.000
806	1013.000	0.000
806	1014.000	0.000
806	1015.000	0.000
806	1016.000	0.000
806	1017.000	0.000
806	1018.000	0.000
806	1019.000	0.000
806	1020.000	0.000
806	1021.000	0.000
806	1022.000	0.000
806	1023.000	0.000
806	1024.000	0.000
806	1025.000	0.000
806	1026.000	0.000
806	1027.000	0.000
806	1028.000	0.000
806	1029.000	0.000
806	1030.000	0.000
806	1031.000	0.000
806	1032.000	0.000
806	1033.000	0.000
806	1034.000	0.000
806	1035.000	0.000
806	1036.000	0.000
806	1037.000	0.000
806	1038.000	0.000
806	1039.000	0.000
806	1040.000	0.000
806	1041.000	0.000
806	1042.000	0.000
806	1043.000	0.000
806	1044.000	0.000
806	1045.000	0.000
806	1046.000	0.000
806	1047.000	0.000
806	1048.000	0.000
806	1049.000	0.000
806	1050.000	0.000
806	1051.000	0.000
806	1052.000	0.000
806	1053.000	0.000
806	1054.000	0.000
806	1055.000	0.000
806	1056.000	0.000
806	1057.000	0.000
806	1058.000	0.000
806	1059.000	0.000
806	1060.000	0.000
806	1061.000	0.000
806	1062.000	0.000
806	1063.000	0.000
806	1064.000	0.000
806	1065.000	0.000
806	1066.000	0.000
806	1067.000	0.000
806	1068.000	0.000
806	1069.000	0.000
806	1070.000	0.000
806	1071.000	0.000
806	1072.000	0.000
806	1073.000	0.000
806	1074.000	0.000
806	1075.000	0.000
806	1076.000	0.000
806	1077.000	0.000
806	1078.000	0.000
806	1079.000	0.000
806	1080.000	0.000
806	1081.000	0.000
806	1082.000	0.000
806	1083.000	0.000
806	1084.000	0.000
806	1085.000	0.000
806	1086.000	0.000
806	1087.000	0.000
806	1088.000	0.000
806	1089.000	0.000
806	1090.000	0.000
806	1091.000	0.000
806	1092.000	0.000
806	1093.000	0.000
806	1094.000	0.000
806	1095.000	0.000
806	1096.000	0.000
806	1097.000	0.000
806	1098.000	0.000
806	1099.000	0.000
806	1100.000	0.000
806	1101.000	0.000
806	1102.000	0.000
806	1103.000	0.000
806	1104.000	0.000
806	1105.000	0.000
806	1106.000	0.000
806	1107.000	0.000
806	1108.000	0.000
806	1109.000	0.000
806	1110.000	0.000
806	1111.000	0.000
806	1112.000	0.000
806	1113.000	0.000
806	1114.000	0.000
806	1115.000	0.000
806	1116.000	0.000
806	1117.000	0.000
806	1118.000	0.000
806	1119.000	0.000
806	1120.000	0.000
806	1121.000	0.000
806	1122.000	0.000
806	1123.000	0.000
806	1124.000	0.000
806	1125.000	0.000
806	1126.000	0.000
806	1127.000	0.000
806	1128.000	0.000
806	1129.000	0.000
806	1130.000	0.000
806	1131.000	0.000
806	1132.000	0.000
806	1133.000	0.000
806	1134.000	0.000
806	1135.000	0.000
806	1136.000	0.000
806	1137.000	0.000
806	1138.000	0.000
806	1139.000	0.000
806	1140.000	0.000
806	1141.000	0.000
806	1142.000	0.000
806	1143.000	0.000
806	1144.000	0.000
806	1145.000	0.000
806	1146.000	0.000
806	1147.000	0.000
806	1148.000	0.000
806	1149.000	0.000
806	1150.000	0.000
806	1151.000	0.000
806	1152.000	0.000
806	1153.000	0.000
806	1154.000	0.000
806	1155.000	0.000
806	1156.000	0.000
806	1157.000	0.000
806	1158.000	0.000
806	1159.000	0.000
806	1160.000	0.000
806	1161.000	0.000
806	1162.000	0.000
806	1163.000	0.000
806	1164.000	0.000
806	1165.000	0.000
806	1166.000	0.000
806	1167.000	0.000
806	1168.000	0.000
806	1169.000	0.000
806	1170.000	0.000
806	1171.000	0.000
806	1172.000	0.000
806	1173.000	0.000
806	1174.000	0.000
806	1175.000	0.000
806	1176.000	0.000
806	1177.000	0.000
806	1178.000	0.000
806	1179.000	0.000
806	1180.000	0.000
806	1181.000	0.000
806	1182.000	0.000
806	1183.000	0.000
806	1184.000	0.000
806	1185.000	0.000
806	1186.000	0.000
806	1187.000	0.000
806	1188.000	0.000
806	1189.000	0.000
806	1190.000	0.000
806	1191.000	0.000
806	1192.000	0.000
806	1193.000	0.000
806	1194.000	0.000
806	1195.000	0.000
806	1196.000	0.000
806	1197.000	0.000
806	1198.000	0.000
806	1199.000	0.000
806	1200.000	0.000
806	1201.000	0.000
806	1202.000	0.000
806	1203.000	0.000
806	1204.000	0.000
806	1205.000	0.000
806	1206.000	0.000
806	1207.000	0.000
806	1208.000	0.000
806	1209.000	0.000
806	1210.000	0.000
806	1211.000	0.000
806	1212.000	0.000
806	1213.000	0.000
806	1214.000	0.000
806	1215.000	0.000
806	1216.000	0.000
806	1217.000	0.000
806	1218.000	0.000
806	1219.000	0.000
806	1220.000	0.000
806	1221.000	0.000
806	1222.000	0.000
806	1223.000	0.000
806	1224.000	0.000
806	1225.000	0.000
806	1226.000	0.000
806	1227.000	0.000
806	1228.000	0.000
806	1229.000	0.000
806	1230.000	0.000
806	1231.000	0.000
806	1232.000	0.000
806	1233.000	0.000
806	1234.000	0.000
806	1235.000	0.000
806	1236.000	0.000
806	1237.000	0.000
806	1238.000	0.000
806	1239.000	0.000
806	1240.000	0.000
806	1241.000	0.000
806	1242.000	0.000
806	1243.000	0.000
806	1244.000	0.000
806	1245.000	0.000
806	1246.000	0.000
806	1247.000	0.000
806	1248.000	0.000
806	1249.000	0.000
806	1250.000	0.000
806	1251.000	0.000
806	1252.000	0.000
806	1253.000	0.000
806	1254.000	0.000
806	1255.000	0.000
806	1256.000	0.000
806	1257.000	0.000
806	1258.000	0.000
806	1259.000	0.000
806	1260.000	0.000
806	1261.000	0.000
806	1262.000	0.000
806	1263.000	0.000
806	1264.000	0.000
806	1265.000	0.000
806	1266.000	0.000
806	1267.000	0.000
806	1268.000	0.000
806	1269.000	0.000
806	1270.000	0.000
806	1271.000	0.000
806	1272.000	0.000
806	1273.000	0.000
806	1274.000	0.000
806	1275.000	0.000
806	1276.000	0.000
806	1277.000	0.000
806	1278.000	0.000
806	1279.000	0.000
806	1280.000	0.000
806	1281.000	0.000
806	1282.000	0.000
806	1283.000	0.000
806	1284.000	0.000
806	1285.000	0.000
806	1286.000	0.000
806	1287.000	0.000
806	1288.000	0.000
806	1289.000	0.000
806	1290.000	0.000
806	1291.000	0.000
806	1292.000	0.000
806	1293.000	0.000
806	1294.000	0.000
806	1295.000	0.000
806	1296.000	0.000
806	1297.000	0.000
806	1298.000	0.000
806	1299.000	0.000
806	1300.000	0.000
806	1301.000	0.000
806	1302.000	0.000
806	1303.000	0.000
806	1304.000	0.000
806	1305.000	0.000
806	1306.000	0.000
806	1307.000	0.000
806	1308.000	0.000
806	1309.000	0.000
806	1310.000	0.000
806	1311.000	0.000
806	1312.000	0.000
806	1313.000	0.000
806	1314.000	0.000
806	1315.000	0.000
806	1316.000	0.000
806	1317.000	0.000
806	1318.000	0.000
806	1319.000	0.000
806	1320.000	0.000
806	1321.000	0.000
806	1322.000	0.000
806	1323.000	0.000
806	1324.000	0.000
806	1325.000	0.000
806	1326.000	0.000
806	1327.000	0.000
806	1328.000	0.000
806	1329.000	0.000
806	1330.000	0.000
806	1331.000	0.000
806	1332.000	0.000
806	1333.000	0.000
806	1334.000	0.000
806	1335.000	0.000
806	1336.000	0.000
806	1337.000	0.000
806	1338.000	0.000
806	1339.000	0.000
806	1340.000	0.000
806	1341.000	0.000
806	1342.000	0.000
806	1343.000	0.000
806	1344.000	0.000
806	1345.000	0.000
806	1346.000	0.000
806	1347.000	0.000
806	1348.000	0.000
806	1349.000	0.000
806	1350.000	0.000
806	1351.000	0.000
806	1352.000	0.000
806	1353.000	0.000
806	1354.000	0.000
806	1355.000	0.000
806	1356.000	0.000
806	1357.000	0.000
806	1358.000	0.000
806	1359.000	0.000
806	1360.000	0.000
806	1361.000	0.000
806	1362.000	0.000
806	1363.000	0.000
806	1364.000	0.000
806	1365.000	0.000
806	1366.000	0.000
806	1367.000	0.000
806	1368.000	0.000
806	1369.000	0.000
806	1370.000	0.000
806	1371.000	0.000
806	1372.000	0.000
806	1373.000	0.000
806	1374.000	0.000
806	1375.000	0.000
806	1376.000	0.000
806	1377.000	0.000
806	1378.000	0.000
806	1379.000	0.000
806	1380.000	0.000
806	1381.000	0.000
806	1382.000	0.000
806	1383.000	0.000
806	1384.000	0.000
806	1385.000	0.000
806	1386.000	0.000
806	1387.000	0.000
806	1388.000	0.000
806	1389.000	0.000
806	1390.000	0.000
806	1391.000	0.000
806	1392.000	0.000
806	1393.000	0.000
806	1394.000	0.000
806	1395.000	0.000
806	1396.000	0.000
806	1397.000	0.000
806	1398.000	0.000
806	1399.000	0.000
806	1400.000	0.000
806	1401.000	0.000
806	1402.000	0.000
806	1403.000	0.000
806	1404.000	0.000
806	1405.000	0.000
806	1406.000	0.000
806	1407.000	0.000
806	1408.000	0.000
806	1409.000	0.000
806	1410.000	0.000
806	1411.000	0.000
806	1412.000	0.000
806	1413.000	0.000
806	1414.000	0.000
806	1415.000	0.000
806	1416.000	0.000
806	1417.000	0.000
806	1418.000	0.000
806	1419.000	0.000
806	1420.000	0.000
806	1421.000	0.000
806	1422.000	0.000
806	1423.000	0.000
806	1424.000	0.000
806	1425.000	0.000
806	1426.000	0.000
806	1427.000	0.000
806	1428.000	0.000
806	1429.000	0.000
806	1430.000	0.000
806	1431.000	0.000
806	1432.000	0.000
806	1433.000	0.000
806	1434.000	0.000
806	1435.000	0.000
806	1436.000	0.000
806	1437.000	0.000
806	1438.000	0.000
806	1439.000	0.000
806	1440.000	0.000
806	1441.000	0.000
806	1442.000	0.000
806	1443.000	0.000
806	1444.000	0.000
806	1445.000	0.000
806	1446.000	0.000
806	1447.000	0.000
806	1448.000	0.000
806	1449.000	0.000
806	1450.000	0.000
806	1451.000	0.000
806	1452.000	0.000
806	1453.000	0.000
806	1454.000	0.000
806	1455.000	0.000
806	1456.000	0.000
806	1457.000	0.000
806	1458.000	0.000
806	1459.000	0.000
806	1460.000	0.000
806	1461.000	0.000
806	1462.000	0.000
806	1463.000	0.000
806	1464.000	0.000
806	1465.000	0.000
806	1466.000	0.000
806	1467.000	0.000
806	1468.000	0.000
806	1469.000	0.000
806	1470.000	0.000
806	1471.000	0.000
806	1472.000	0.000
806	1473.000	0.000
806	1474.000	0.000
806	1475.000	0.000
806	1476.000	0.000
806	1477.000	0.000
806	1478.000	0.000
806	1479.000	0.000
806	1480.000	0.000
806	1481.000	0.000
806	1482.000	0.000
806	1483.000	0.000
806	1484.000	0.000
806	1485.000	0.000
806	1486.000	0.000
806	1487.000	0.000
806	1488.000	0.000
806	1489.000	0.000
806	1490.000	0.000
806	1491.000	0.000
806	1492.000	0.000
806	1493.000	0.000
806	1494.000	0.000
806	1495.000	0.000
806	1496.000	0.000
806	1497.000	0.000
806	1498.000	0.000
806	1499.000	0.000
806	1500.000	0.000
806	1501.000	0.000
806	1502.000	0.000
806	1503.000	0.000
806	1504.000	0.000
806	1505.000	0.000
806	1506.000	0.000
806	1507.000	0.000
806	1508.000	0.000
806	1509.000	0.000
806	1510.000	0.000
806	1511.000	0.000
806	1512.000	0.000
806	1513.000	0.000
806	1514.000	0.000
806	1515.000	0.000
806	1516.000	0.000
806	1517.000	0.000
806	1518.000	0.000
806	1519.000	0.000
806	1520.000	0.000
806	1521.000	0.000
806	1522.000	0.000
806	1523.000	0.000
806	1524.000	0.000
806	1525.000	0.000
806	1526.000	0.000
806	1527.000	0.000
806	1528.000	0.000
806	1529.000	0.000
806	1530.000	0.000
806	1531.000	0.000
806	1532.000	0.000
806	1533.000	0.000
806	1534.000	0.000
806	1535.000	0.000
806	1536.000	0.000
806	1537.000	0.000
806	1538.000	0.000
806	1539.000	0.000
806	1540.000	0.000
806	1541.000	0.000
806	1542.000	0.000
806	1543.000	0.000
806	1544.000	0.000
806	1545.000	0.000
806	1546.000	0.000
806	1547.000	0.000
806	1548.000	0.000
806	1549.000	0.000
806	1550.000	0.000
806	1551.000	0.000
806	1552.000	0.000
806	1553.000	0.000
806	1554.000	0.000
806	1555.000	0.000
806	1556.000	0.000
806	1557.000	0.000
806	1558.000	0.000
806	1559.000	0.000
806	1560.000	0.000
806	1561.000	0.000
806	1562.000	0.000
806	1563.000	0.000
806	1564.000	0.000
806	1565.000	0.000
806	1566.000	0.000
806	1567.000	0.000
806	1568.000	0.000
806	1569.000	0.000
806	1570.000	0.000
806	1571.000	0.000
806	1572.000	0.000
806	1573.000	0.000
806	1574.000	0.000
806	1575.000	0.000
806	1576.000	0.000
806	1577.000	0.000
806	1578.000	0.000
806	1579.000	0.000
806	1580.000	0.000
806	1581.000	0.000
806	1582.000	0.000
806	1583.000	0.000
806	1584.000	0.000
806	1585.000	0.000
806	1586.000	0.000
806	1587.000	0.000
806	1588.000	0.000
806	1589.000	0.000
806	1590.000	0.000
806	1591.000	0.000
806	1592.000	0.000
806	1593.000	0.000
806	1594.000	0.000
806	1595.000	0.000
806	1596.000	0.000
806	1597.000	0.000
806	1598.000	0.000
806	1599.000	0.000
806	1600.000	0.000
806	1601.000	0.000
806	1602.000	0.000
806	1603.000	0.000
806	1604.000	0.000
806	1605.000	0.000
806	1606.000	0.000
806	1607.000	0.000
806	1608.000	0.000
806	1609.000	0.000
806	1610.000	0.000
806	1611.000	0.000
806	1612.000	0.000
806	1613.000	0.000
806	1614.000	0.000
806	1615.000	0.000
806	1616.000	0.000
806	1617.000	0.000
806	1618.000	0.000
806	1619.000	0.000
806	1620.000	0.000
806	1621.000	0.000
806	1622.000	0.000
806	1623.000	0.000
806	1624.000	0.000
806	1625.000	0.000
806	1626.000	0.000
806	1627.000	0.000
806	1628.000	0.000
806	1629.000	0.000
806	1630.000	0.000
806	1631.000	0.000
806	1632.000	0.000
806	1633.000	0.000
806	1634.000	0.000
806	1635.000	0.000
806	1636.000	0.000
806	1637.000	0.000
806	1638.000	0.000
806	1639.000	0.000
806	1640.000	0.000
806	1641.000	0.000
806	1642.000	0.000
806	1643.000	0.000
806	1644.000	0.000
806	1645.000	0.000
806	1646.000	0.000
806	1647.000	0.000
806	1648.000	0.000
806	1649.000	0.000
806	1650.000	0.000
806	1651.000	0.000
806	1652.000	0.000
806	1653.000	0.000
806	1654.000	0.000
806	1655.000	0.000
806	1656.000	0.000
806	1657.000	0.000
806	1658.000	0.000
806	1659.000	0.000
806	1660.000	0.000
806	1661.000	0.000
806	1662.000	0.000
806	1663.000	0.000
806	1664.000	0.000
806	1665.000	0.000
806	1666.000	0.000
806	1667.000	0.000
806	1668.000	0.000
806	1669.000	0.000
806	1670.000	0.000
806	1671.000	0.000
806	1672.000	0.000
806	1673.000	0.000
806	1674.000	0.000
806	1675.000	0.000
806	1676.000	0.000
806	1677.000	0.000
806	1678.000	0.000
806	1679.000	0.000
806	1680.000	0.000
806	1681.000	0.000
806	1682.000	0.000
806	1683.000	0.000
806	1684.000	0.000
806	1685.000	0.000
806	1686.000	0.000
806	1687.000	0.000
806	1688.000	0.000
806	1689.000	0.000
806	1690.000	0.000
806	1691.000	0.000
806	1692.000	0.000
806	1693.000	0.000
806	1694.000	0.000
806	1695.000	0.000
806	1696.000	0.000
806	1697.000	0.000
806	1698.000	0.000
806	1699.000	0.000
806	1700.000	0.000
806	1701.000	0.000
806	1702.000	0.000
806	1703.000	0.000
806	1704.000	0.000
806	1705.000	0.000
806	1706.000	0.000
806	1707.000	0.000
806	1708.000	0.000
806	1709.000	0.000
806	1710.000	0.000
806	1711.000	0.000
806	1712.000	0.000
806	1713.000	0.000
806	1714.000	0.000
806	1715.000	0.000
806	1716.000	0.000
806	1717.000	0.000
806	1718.000	0.000
806	1719.000	0.000
806	1720.000	0.000
806	1721.000	0.000
806	1722.000	0.000
806	1723.000	0.000
806	1724.000	0.000
806	1725.000	0.000
806	1726.000	0.000
806	1727.000	0.000
806	1728.000	0.000
806	1729.000	0.000
806	1730.000	0.000
806	1731.000	0.000
806	1732.000	0.000
806	1733.000	0.000
806	1734.000	0.000
806	1735.000	0.000
806	1736.000	0.000
806	1737.000	0.000
806	1738.000	0.000
806	1739.000	0.000
806	1740.000	0.000
806	1741.000	0.000
806	1742.000	0.000
806	1743.000	0.000
806	1744.000	0.000
806	1745.000	0.000
806	1746.000	0.000
806	1747.000	0.000
806	1748.000	0.000
806	1749.000	0.000
806	1750.000	0.000
806	1751.000	0.000
806	1752.000	0.000
806	1753.000	0.000
806	1754.000	0.000
806	1755.000	0.000
806	1756.000	0.000
806	1757.000	0.000
806	1758.000	0.000
806	1759.000	0.000
806	1760.000	0.000
806	1761.000	0.000
806	1762.000	0.000
806	1763.000	0.000
806	1764.000	0.000
806	1765.000	0.000
806	1766.000	0.000
806	1767.000	0.000
806	1768.000	0.000
806	1769.000	0.000
806	1770.000	0.000
806	1771.000	0.000
806	1772.000	0.000
806	1773.000	0.000
806	1774.000	0.000
806	1775.000	0.000
806	1776.000	0.000
806	1777.000	0.000
806	1778.000	0.000
806	1779.000	0.000
806	1780.000	0.000
806	1781.000	0.000
806	1782.000	0.000
806	1783.000	0.000
806	1784.000	0.000
806	1785.000	0.000
806	1786.000	0.000
806	1787.000	0.000
806	1788.000	0.000
806	1789.000	0.000
806	1790.000	0.000
806	1791.000	0.000
806	1792.000	0.000
806	1793.000	0.000
806	1794.000	0.000
806	1795.000	0.000
806	1796.000	0.000
806	1797.000	0.000
806	1798.000	0.000
806	1799.000	0.000
806	1800.000	0.000
806	1801.000	0.000
806	1802.000	0.000
806	1803.000	0.000
806	1804.000	0.000
806	1805.000	0.000
806	1806.000	0.000
806	1807.000	0.000
806	1808.000	0.000
806	1809.000	0.000
806	1810.000	0.000
806	1811.000	0.000
806	1812.000	0.000
806	1813.000	0.000
806	1814.000	0.000
806	1815.000	0.000
806	1816.000	0.000
806	1817.000	0.000
806	1818.000	0.000
806	1819.000	0.000
806	1820.000	0.000
806	1821.000	0.000
806	1822.000	0.000
806	1823.000	0.000
806	1824.000	0.000
806	1825.000	0.000
806	1826.000	0.000
806	1827.000	0.000
806	1828.000	0.000
806	1829.000	0.000
806	1830.000	0.000
806	1831.000	0.000
806	1832.000	0.000
806	1833.000	0.000
806	1834.000	0.000
806	1835.000	0.000
806	1836.000	0.000
806	1837.000	0.000
806	1838.000	0.000
806	1839.000	0.000
806	1840.000	0.000
806	1841.000	0.000
806	1842.000	0.000
806	1843.000	0.000
806	1844.000	0.000
806	1845.000	0.000
806	1846.000	0.000
806	1847.000	0.000
806	1848.000	0.000
806	1849.000	0.000
806	1850.000	0.000
806	1851.000	0.000
806	1852.000	0.000
806	1853.000	0.000
806	1854.000	0.000
806	1855.000	0.000
806	1856.000	0.000
806	1857.000	0.000
806	1858.000	0.000
806	1859.000	0.000
806	1860.000	0.000
806	1861.000	0.000
806	1862.000	0.000
806	1863.000	0.000
806	1864.000	0.000
806	1865.000	0.000
806	1866.000	0.000
806	1867.000	0.000
806	1868.000	0.000
806	1869.000	0.000
806	1870.000	0.000
806	1871.000	0.000
806	1872.000	0.000
806	1873.000	0.000
806	1874.000	0.000
806	1875.000	0.000
806	1876.000	0.000
806	1877.000	0.000
806	1878.000	0.000
806	1879.000	0.000
806	1880.000	0.000
806	1881.000	0.000
806	1882.000	0.000
806	1883.000	0.000
806	1884.000	0.000
806	1885.000	0.000
806	1886.000	0.000
806	1887.000	0.000
806	1888.000	0.000
806	1889.000	0.000
806	1890.000	0.000
806	1891.000	0.000
806	1892.000	0.000
806	1893.000	0.000
806	1894.000	0.000
806	1895.000	0.000
806	1896.000	0.000
806	1897.000	0.000
806	1898.000	0.000
806	1899.000	0.000
806	1900.000	0.000
806	1901.000	0.000
806	1902.000	0.000
806	1903.000	0.000
806	1904.000	0.000
806	1905.000	0.000
806	1906.000	0.000
806	1907.000	0.000
806	1908.000	0.000
806	1909.000	0.000
806	1910.000	0.000
806	1911.000	0.000
806	1912.000	0.000
806	1913.000	0.000
806	1914.000	0.000
806	1915.000	0.000
806	1916.000	0.000
806	1917.000	0.000
806	1918.000	0.000
806	1919.000	0.000
806	1920.000	0.000
806	1921.000	0.000
806	1922.000	0.000
806	1923.000	0.000
806	1924.000	0.000
806	1925.000	0.000
806	1926.000	0.000
806	1927.000	0.000
806	1928.000	0.000
806	1929.000	0.000
806	1930.000	0.000
806	1931.000	0.000
806	1932.000	0.000
806	1933.000	0.000
806	1934.000	0.000
806	1935.000	0.000
806	1936.000	0.000
806	1937.000	0.000
806	1938.000	0.000
806	1939.000	0.000
806	1940.000	0.000
806	1941.000	0.000
806	1942.000	0.000
806	1943.000	0.000
806	1944.000	0.000
806	1945.000	0.000
806	1946.000	0.000
806	1947.000	0.000
806	1948.000	0.000
806	1949.000	0.000
806	1950.000	0.000
806	1951.000	0.000
806	1952.000	0.000
806	1953.000	0.000
806	1954.000	0.000
806	1955.000	0.000
806	1956.000	0.000
806	1957.000	0.000
806	1958.000	0.000
806	1959.000	0.000
806	1960.000	0.000
806	1961.000	0.000
806	1962.000	0.000
806	1963.000	0.000
806	1964.000	0.000
806	1965.000	0.000
806	1966.000	0.000
806	1967.000	0.000
806	1968.000	0.000
806	1969.000	0.000
806	1970.000	0.000
806	1971.000	0.000
806	1972.000	0.000
806	1973.000	0.000
806	1974.000	0.000
806	1975.000	0.000
806	1976.000	0.000
806	1977.000	0.000
806	1978.000	0.000
806	1979.000	0.000
806	1980.000	0.000
806	1981.000	0.000
806	1982.000	0.000
806	1983.000	0.000
806	1984.000	0.000
806	1985.000	0.000
806	1986.000	0.000
806	1987.000	0.000
806	1988.000	0.000
806	1989.000	0.000
806	1990.000	0.000
806	1991.000	0.000
806	1992.000	0.000
806	1993.000	0.000
806	1994.000	0.000
806	1995.000	0.000
806	1996.000	0.000
806	1997.000	0.000
806	1998.000	0.000
806	1999.000	0.000
806	2000.000	0.000
