# NEST version: UNKNOWN
# RecordingBackendASCII version: 2
sender	time_ms
1606	0.200
1006	0.900
1576	790.100
1146	798.100
1066	806.500
1736	1154.200
1266	1204.700
1786	1295.200
1696	1301.300
1716	1303.600
1666	1305.700
1436	1306.600
1326	1306.900
1046	1307.500
1596	1309.600
1446	1309.900
1116	1310.600
1726	1311.900
1486	1312.500
1576	1313.400
1376	1313.700
1476	1313.800
1126	1314.400
1316	1314.400
1746	1314.400
1196	1314.700
1226	1315.100
1396	1315.300
1006	1315.500
1366	1315.500
1536	1316.000
1776	1316.200
1286	1316.700
1056	1316.900
1036	1317.300
1616	1317.300
1346	1317.500
1106	1317.600
1636	1317.800
1456	1318.600
1426	1318.800
1066	1319.200
1236	1319.200
1246	1319.500
1706	1319.700
1166	1320.100
1496	1320.300
1796	1320.400
1736	1320.700
1646	1321.100
1526	1321.500
1356	1321.700
1686	1323.000
1756	1323.400
1176	1323.500
1026	1323.600
1666	1324.600
1586	1324.800
1676	1324.800
1506	1326.100
1716	1328.000
1516	1328.200
1786	1328.200
1206	1328.300
1096	1328.800
1556	1328.900
1606	1328.900
1596	1329.200
1476	1329.600
1566	1330.000
1256	1330.100
1156	1331.800
1076	1332.600
1386	1333.000
1106	1333.400
1046	1337.200
1016	1337.900
1326	1338.400
1626	1339.500
1396	1340.200
1696	1341.300
1236	1342.100
1406	1342.100
1126	1342.400
1366	1342.500
1276	1343.600
1466	1345.300
1726	1345.300
1776	1345.500
1196	1346.000
1676	1346.000
1436	1346.400
1616	1348.100
1506	1349.300
1656	1349.300
1026	1349.400
1146	1349.700
1796	1349.700
1756	1349.800
1176	1350.300
1546	1350.300
1296	1350.600
1426	1350.800
1666	1351.000
1536	1351.300
1646	1351.900
1136	1352.300
1186	1353.700
1286	1354.100
1306	1354.900
1686	1358.500
1706	1359.600
1216	1361.100
1336	1361.400
1166	1361.700
1096	1363.900
1396	1364.100
1066	1364.200
1576	1364.200
1586	1364.300
1516	1365.500
1256	1367.100
1226	1369.000
1716	1369.100
1006	1373.600
1606	1373.900
1766	1373.900
1786	1375.500
1266	1376.000
1746	1377.000
1376	1379.500
1206	1380.100
1056	1381.100
1086	1381.600
1156	1383.800
1426	1384.600
1176	1385.800
1656	1388.400
1566	1388.600
1596	1391.600
1366	1392.700
1016	1393.300
1036	1393.400
1046	1394.100
1396	1394.800
1446	1398.300
1126	1398.400
1276	1399.800
1186	1399.900
1726	1403.500
1406	1404.300
1336	1405.700
1106	1407.000
1326	1412.800
1616	1414.400
1506	1414.500
1076	1414.700
1536	1414.900
1766	1415.800
1456	1416.000
1796	1416.000
1736	1419.400
1706	1420.700
1756	1422.400
1286	1424.400
1716	1426.800
1416	1428.200
1256	1430.900
1636	1432.600
1746	1433.700
1576	1435.400
1146	1435.900
1086	1437.200
1226	1631.300
1536	1647.200
1616	1647.200
1126	1648.000
1076	1648.900
1406	1654.300
1116	1654.500
1346	1654.800
1276	1657.200
1796	1658.000
1786	1658.200
1496	1658.700
1106	1658.800
1186	1659.200
1136	1659.700
1396	1659.900
1656	1660.800
1516	1661.400
1236	1661.500
1046	1662.500
1506	1662.500
1316	1663.000
1606	1663.300
1306	1663.600
1376	1663.900
1366	1664.000
1016	1664.100
1646	1664.100
1246	1664.500
1266	1665.100
1056	1665.500
1626	1665.900
1746	1666.000
1416	1666.500
1756	1666.800
1776	1668.000
1206	1668.200
1716	1668.200
1156	1668.600
1526	1668.800
1296	1669.100
1586	1669.200
1386	1669.600
1196	1669.700
1726	1669.700
1146	1669.800
1356	1670.100
1436	1670.300
1676	1670.700
1556	1671.200
1096	1672.000
1686	1672.200
1426	1672.600
1256	1672.900
1616	1672.900
1006	1673.100
1536	1673.400
1026	1673.800
1396	1673.900
1546	1674.000
1086	1674.100
1466	1674.100
1136	1674.900
1476	1675.000
1766	1675.500
1076	1675.600
1336	1675.600
1276	1675.700
1566	1675.700
1116	1675.900
1406	1676.000
1176	1676.300
1226	1676.800
1286	1676.800
1326	1676.800
1346	1677.000
1576	1677.000
1786	1677.900
1636	1678.000
1666	1678.100
1306	1678.200
1446	1678.400
1656	1679.000
1516	1679.300
1166	1679.500
1796	1679.500
1506	1679.600
1596	1679.800
1696	1680.000
1496	1680.400
1706	1680.700
1206	1681.100
1776	1681.200
1036	1681.300
1246	1681.400
1376	1681.500
1456	1681.600
1186	1682.000
1416	1682.000
1716	1682.000
1626	1682.300
1366	1682.400
1606	1682.500
1646	1682.700
1556	1682.800
1736	1683.000
1126	1683.400
1106	1683.700
1066	1683.800
1676	1683.900
1436	1684.000
1746	1684.000
1006	1684.100
1486	1684.200
1316	1684.500
1356	1684.800
1236	1684.900
1616	1685.100
1016	1685.200
1196	1685.200
1266	1685.200
1726	1685.200
1216	1685.500
1526	1685.600
1386	1686.300
1256	1686.600
1476	1687.000
1766	1687.000
1296	1687.100
1586	1687.400
1096	1687.500
1546	1687.600
1026	1687.700
1156	1687.900
1086	1688.200
1396	1688.600
1056	1688.700
1636	1688.700
1116	1689.000
1276	1689.000
1536	1689.000
1046	1689.100
1176	1689.100
1406	1689.200
1446	1689.300
1686	1689.500
1326	1689.600
1756	1689.600
1576	1689.700
1466	1689.800
1656	1689.800
1146	1689.900
1506	1689.900
1226	1690.000
1286	1690.200
1336	1690.200
1516	1690.200
1566	1690.300
1426	1690.600
1346	1690.800
1306	1690.900
1696	1691.200
1786	1691.400
1796	1691.600
1496	1691.800
1036	1692.000
1626	1692.100
1776	1692.100
1706	1692.300
1076	1692.400
1166	1692.400
1186	1692.800
1206	1692.800
1246	1692.800
1416	1692.900
1456	1693.000
1716	1693.100
1606	1693.200
1666	1693.500
1556	1693.600
1136	1693.700
1646	1693.700
1376	1693.800
1006	1693.900
1486	1694.000
1596	1694.100
1746	1694.300
1316	1694.400
1066	1694.500
1736	1694.500
1126	1694.600
1196	1694.800
1216	1695.000
1676	1695.100
1366	1695.200
1106	1695.400
1016	1695.600
1256	1695.600
1436	1695.600
1616	1695.600
1526	1695.700
1766	1695.900
1296	1696.100
1356	1696.200
1386	1696.300
1476	1696.600
1726	1696.700
1236	1696.800
1266	1696.800
1586	1696.800
1026	1696.900
1156	1697.100
1446	1697.200
1546	1697.300
1396	1697.400
1096	1697.600
1116	1697.600
1636	1697.600
1406	1697.700
1056	1697.900
1326	1698.100
1086	1698.200
1046	1698.300
1176	1698.400
1536	1698.400
1656	1698.400
1466	1698.500
1686	1698.600
1276	1698.900
1506	1698.900
1516	1699.000
1576	1699.000
1756	1699.000
1146	1699.600
1306	1699.600
1286	1699.900
1566	1699.900
1226	1700.000
1696	1700.000
1626	1700.100
1346	1700.400
1496	1700.400
1796	1700.400
1776	1700.600
1076	1700.800
1426	1700.900
1336	1701.100
1246	1701.200
1036	1701.300
1186	1701.400
1416	1701.500
1786	1701.500
1206	1701.700
1606	1701.700
1456	1701.800
1706	1701.800
1556	1702.000
1006	1702.100
1166	1702.200
1646	1702.200
1746	1702.400
1596	1702.500
1486	1702.600
1136	1702.800
1716	1702.800
1666	1702.900
1376	1703.000
1066	1703.200
1126	1703.200
1016	1703.400
1196	1703.400
1736	1703.400
1216	1703.800
1256	1703.800
1366	1703.900
1106	1704.100
1316	1704.100
1436	1704.100
1676	1704.200
1526	1704.300
1616	1704.300
1356	1704.400
1386	1704.400
1766	1704.400
1446	1704.700
1266	1704.800
1476	1704.900
1296	1705.100
1586	1705.200
1116	1705.300
1636	1705.300
1726	1705.300
1236	1705.400
1546	1705.500
1156	1705.700
1396	1705.700
1026	1705.800
1326	1705.800
1056	1705.900
1096	1705.900
1406	1706.100
1046	1706.200
1656	1706.300
1686	1706.400
1086	1706.500
1176	1706.500
1506	1706.700
1466	1706.900
1516	1706.900
1756	1707.100
1536	1707.200
1276	1707.400
1576	1707.500
1226	1707.600
1146	1707.700
1286	1708.100
1626	1708.100
1346	1708.200
1566	1708.200
1696	1708.200
1306	1708.500
1496	1708.600
1796	1708.700
1336	1708.800
1776	1708.900
1036	1709.100
1186	1709.100
1246	1709.100
1416	1709.100
1076	1709.200
1426	1709.300
1606	1709.600
1706	1709.600
1556	1709.700
1596	1709.800
1786	1709.800
1206	1709.900
1456	1710.000
1646	1710.000
1006	1710.100
1746	1710.200
1136	1710.500
1166	1710.600
1716	1710.600
1736	1710.600
1376	1710.700
1016	1710.800
1196	1710.800
1486	1710.900
1126	1711.000
1066	1711.100
1666	1711.100
1106	1711.500
1216	1711.500
1436	1711.500
1366	1711.600
1256	1711.700
1316	1711.700
1526	1711.700
1386	1711.800
1676	1711.800
1766	1711.900
1446	1712.000
1616	1712.000
1266	1712.100
1356	1712.100
1296	1712.400
1476	1712.500
1116	1713.000
1236	1713.100
1546	1713.100
1046	1713.200
1726	1713.200
1156	1713.300
1396	1713.300
1026	1713.400
1326	1713.400
1586	1713.500
1636	1713.500
1656	1713.500
1056	1713.600
1176	1713.700
1686	1713.700
1096	1713.800
1406	1713.900
1086	1714.000
1506	1714.300
1466	1714.400
1516	1714.600
1536	1714.600
1576	1714.700
1226	1714.800
1276	1714.800
1756	1714.800
1146	1715.200
1286	1715.200
1346	1715.300
1566	1715.400
1336	1715.700
1416	1715.800
1626	1715.800
1796	1715.800
1306	1715.900
1496	1715.900
1696	1716.200
1186	1716.400
1036	1716.500
1776	1716.600
1246	1716.900
1076	1717.100
1426	1717.100
1706	1717.100
1206	1717.200
1596	1717.200
1646	1717.300
1746	1717.300
1786	1717.300
1456	1717.400
1556	1717.500
1606	1717.600
1006	1717.700
1716	1717.700
1016	1717.800
1136	1717.800
1166	1717.900
1196	1717.900
1736	1717.900
1126	1718.200
1376	1718.400
1486	1718.400
1666	1718.500
1066	1718.700
1216	1718.700
1436	1718.700
1316	1718.900
1386	1718.900
1106	1719.000
1256	1719.000
1266	1719.100
1526	1719.100
1356	1719.200
1446	1719.300
1676	1719.300
1766	1719.300
1616	1719.500
1366	1719.600
1476	1719.600
1296	1719.700
1546	1720.100
1236	1720.200
1116	1720.300
1396	1720.300
1586	1720.300
1046	1720.400
1156	1720.500
1326	1720.500
1656	1720.500
1726	1720.500
1026	1720.700
1636	1720.700
1176	1720.800
1086	1720.900
1096	1721.000
1406	1721.200
1686	1721.300
1056	1721.500
1506	1721.500
1576	1721.500
1276	1721.600
1466	1721.700
1516	1721.900
1756	1722.000
1226	1722.100
1286	1722.100
1536	1722.100
1146	1722.200
1346	1722.200
1336	1722.500
1566	1722.600
1796	1722.600
1416	1722.700
1626	1722.900
1306	1723.000
1186	1723.300
1496	1723.300
1696	1723.500
1036	1723.700
1206	1724.000
1776	1724.000
1426	1724.100
1596	1724.100
1786	1724.100
1246	1724.200
1706	1724.200
1746	1724.200
1456	1724.300
1646	1724.400
1006	1724.600
1076	1724.600
1196	1724.800
1166	1724.900
1556	1724.900
1716	1724.900
1736	1725.000
1016	1725.100
1126	1725.100
1136	1725.200
1606	1725.200
1666	1725.400
1376	1725.600
1486	1725.600
1066	1725.700
1216	1725.700
1316	1725.800
1386	1725.800
1436	1725.900
1256	1726.000
1526	1726.000
1106	1726.100
1266	1726.100
1446	1726.100
1356	1726.200
1676	1726.300
1766	1726.300
1476	1726.500
1366	1726.600
1616	1726.700
1296	1727.000
1546	1727.000
1046	1727.200
1236	1727.300
1326	1727.300
1656	1727.300
1116	1727.400
1156	1727.400
1026	1727.500
1396	1727.500
1586	1727.500
1636	1727.500
1176	1727.700
1726	1727.700
1086	1727.800
1096	1728.000
1406	1728.100
1686	1728.100
1576	1728.300
1276	1728.500
1516	1728.800
1056	1728.900
1466	1728.900
1146	1729.000
1286	1729.000
1506	1729.000
1756	1729.000
1346	1729.100
1536	1729.200
1226	1729.300
1796	1729.500
1416	1729.600
1336	1729.800
1566	1729.800
1626	1729.800
1496	1730.100
1306	1730.300
1186	1730.400
1696	1730.500
1036	1730.800
1206	1730.900
1776	1730.900
1426	1731.000
1596	1731.000
1786	1731.000
1456	1731.100
1746	1731.200
1706	1731.300
1006	1731.400
1246	1731.400
1646	1731.400
1076	1731.700
1166	1731.700
1196	1731.900
1716	1731.900
1736	1731.900
1016	1732.000
1136	1732.000
1556	1732.200
1126	1732.300
1666	1732.300
1376	1732.400
1486	1732.400
1606	1732.500
1216	1732.700
1316	1732.700
1066	1732.800
1256	1732.800
1356	1732.800
1386	1732.800
1526	1732.800
1436	1732.900
1446	1733.000
1266	1733.200
1476	1733.300
1766	1733.300
1106	1733.400
1676	1733.400
1366	1733.500
1296	1733.700
1546	1733.800
1616	1733.800
1656	1734.000
1046	1734.100
1326	1734.100
1156	1734.200
1636	1734.200
1236	1734.300
1396	1734.300
1026	1734.400
1176	1734.500
1086	1734.600
1726	1734.600
1096	1734.700
1116	1734.700
1586	1734.700
1686	1734.900
1406	1735.000
1576	1735.100
1276	1735.600
1466	1735.600
1346	1735.700
1516	1735.700
1506	1735.800
1756	1735.800
1056	1735.900
1286	1735.900
1146	1736.100
1536	1736.100
1796	1736.200
1416	1736.300
1226	1736.400
1566	1736.500
1626	1736.600
1336	1736.900
1496	1736.900
1186	1737.500
1306	1737.500
1696	1737.500
1776	1737.500
1206	1737.600
1036	1737.700
1456	1737.700
1426	1737.800
1596	1737.800
1786	1737.900
1246	1738.100
1706	1738.100
1746	1738.100
1006	1738.300
1646	1738.400
1076	1738.500
1166	1738.500
1016	1738.700
1716	1738.700
1736	1738.700
1136	1738.900
1196	1739.000
1126	1739.100
1486	1739.200
1556	1739.200
1666	1739.200
1606	1739.300
1316	1739.400
1376	1739.400
1066	1739.500
1216	1739.500
1256	1739.500
1386	1739.500
1436	1739.500
1356	1739.700
1526	1739.700
1446	1739.800
1266	1740.000
1766	1740.000
1366	1740.100
1476	1740.200
1106	1740.300
1676	1740.300
1296	1740.600
1656	1740.700
1546	1740.800
1616	1740.800
1636	1740.800
1156	1740.900
1046	1741.000
1236	1741.000
1326	1741.000
1026	1741.200
1176	1741.200
1396	1741.200
1726	1741.200
1086	1741.400
1586	1741.400
1096	1741.600
1116	1741.700
1576	1741.900
1406	1742.000
1686	1742.000
1466	1742.300
1516	1742.300
1756	1742.300
1346	1742.400
1276	1742.500
1056	1742.700
1286	1742.700
1416	1742.700
1506	1742.700
1536	1742.800
1796	1742.800
1146	1742.900
1226	1743.200
1626	1743.200
1566	1743.300
1336	1743.800
1496	1743.900
1776	1744.100
1186	1744.200
1206	1744.300
1306	1744.300
1456	1744.300
1036	1744.400
1596	1744.500
1696	1744.500
1706	1744.700
1746	1744.800
1786	1744.800
1246	1744.900
1426	1744.900
1006	1745.100
1166	1745.100
1646	1745.100
1016	1745.300
1076	1745.300
1716	1745.400
1736	1745.400
1136	1745.700
1196	1745.800
1486	1745.900
1556	1745.900
1126	1746.000
1316	1746.000
1666	1746.000
1066	1746.100
1256	1746.100
1606	1746.100
1216	1746.200
1376	1746.200
1386	1746.200
1436	1746.200
1356	1746.500
1446	1746.500
1526	1746.600
1766	1746.600
1366	1746.700
1266	1747.000
1106	1747.300
1676	1747.300
1476	1747.400
1656	1747.400
1296	1747.500
1636	1747.500
1156	1747.600
1236	1747.600
1546	1747.600
1046	1747.700
1726	1747.700
1026	1747.800
1176	1747.800
1326	1747.800
1616	1747.800
1086	1748.000
1586	1748.100
1396	1748.200
1096	1748.300
1116	1748.400
1406	1748.500
1576	1748.600
1686	1748.700
1346	1749.000
1466	1749.000
1516	1749.000
1756	1749.000
1276	1749.100
1416	1749.100
1056	1749.400
1286	1749.400
1536	1749.400
1796	1749.400
1146	1749.600
1506	1749.800
1566	1749.800
1626	1749.800
1226	1750.000
1336	1750.700
1496	1750.700
1036	1750.800
1186	1750.800
1776	1750.800
1456	1750.900
1206	1751.000
1306	1751.000
1706	1751.200
1596	1751.300
1696	1751.300
1746	1751.500
1786	1751.500
1246	1751.600
1646	1751.600
1006	1751.700
1426	1751.700
1166	1751.800
1016	1751.900
1736	1752.000
1076	1752.200
1716	1752.200
1136	1752.500
1486	1752.500
1556	1752.500
1196	1752.600
1316	1752.600
1666	1752.600
1066	1752.800
1126	1752.800
1216	1752.900
1256	1752.900
1436	1752.900
1606	1752.900
1356	1753.000
1376	1753.000
1386	1753.100
1446	1753.200
1366	1753.300
1766	1753.300
1526	1753.500
1676	1753.800
1266	1754.000
1546	1754.000
1476	1754.100
1636	1754.100
1656	1754.100
1106	1754.200
1296	1754.200
1026	1754.300
1156	1754.300
1176	1754.300
1236	1754.300
1326	1754.300
1046	1754.500
1616	1754.500
1726	1754.500
1086	1754.600
1586	1754.600
1096	1754.900
1116	1754.900
1396	1754.900
1406	1755.000
1686	1755.200
1576	1755.300
1346	1755.500
1466	1755.500
1516	1755.500
1276	1755.700
1416	1755.700
1756	1755.800
1056	1755.900
1796	1756.000
1146	1756.100
1536	1756.100
1626	1756.100
1286	1756.200
1566	1756.300
1506	1756.600
1226	1756.700
1036	1757.300
1186	1757.300
1496	1757.400
1336	1757.500
1776	1757.500
1306	1757.600
1456	1757.600
1206	1757.700
1706	1757.800
1596	1757.900
1696	1757.900
1746	1758.100
1786	1758.100
1646	1758.200
1246	1758.300
1006	1758.400
1426	1758.400
1736	1758.400
1016	1758.500
1166	1758.500
1076	1758.700
1716	1758.700
1136	1759.100
1486	1759.100
1556	1759.100
1066	1759.300
1196	1759.300
1666	1759.300
1126	1759.400
1316	1759.400
1436	1759.400
1356	1759.600
1376	1759.600
1606	1759.600
1216	1759.700
1256	1759.700
1386	1759.700
1446	1759.700
1366	1760.100
1766	1760.100
1526	1760.300
1676	1760.500
1546	1760.600
1636	1760.600
1656	1760.600
1476	1760.700
1106	1760.800
1156	1760.800
1266	1760.800
1176	1760.900
1326	1760.900
1026	1761.000
1086	1761.000
1296	1761.000
1046	1761.100
1236	1761.100
1116	1761.200
1616	1761.300
1726	1761.300
1586	1761.400
1396	1761.500
1096	1761.600
1406	1761.600
1576	1761.700
1686	1761.800
1346	1761.900
1516	1761.900
1466	1762.200
1416	1762.300
1276	1762.400
1056	1762.500
1756	1762.500
1796	1762.600
1146	1762.700
1536	1762.700
1626	1762.700
1286	1762.800
1566	1763.000
1506	1763.100
1226	1763.400
1036	1763.800
1186	1763.800
1776	1764.000
1496	1764.100
1306	1764.200
1336	1764.200
1456	1764.200
1206	1764.300
1596	1764.300
1696	1764.500
1706	1764.500
1646	1764.700
1746	1764.700
1786	1764.700
1006	1764.800
1246	1764.900
1016	1765.000
1736	1765.000
1076	1765.200
1166	1765.300
1426	1765.400
1716	1765.400
1136	1765.700
1486	1765.700
1126	1765.900
1556	1765.900
1066	1766.000
1666	1766.000
1356	1766.100
1196	1766.200
1316	1766.200
1376	1766.200
1436	1766.200
1446	1766.200
1386	1766.300
1606	1766.300
1256	1766.400
1216	1766.500
1766	1766.600
1366	1767.000
1526	1767.000
1546	1767.100
1656	1767.100
1676	1767.100
1476	1767.200
1636	1767.200
1156	1767.300
1266	1767.300
1326	1767.400
1106	1767.500
1176	1767.500
1086	1767.600
1026	1767.700
1046	1767.700
1116	1767.700
1236	1767.700
1296	1767.800
1726	1767.800
1616	1767.900
1586	1768.000
1096	1768.100
1396	1768.100
1406	1768.100
1686	1768.200
1346	1768.500
1516	1768.500
1576	1768.600
1466	1768.800
1276	1769.100
1416	1769.100
1536	1769.100
1756	1769.100
1626	1769.200
1056	1769.300
1146	1769.300
1796	1769.300
1286	1769.400
1506	1769.600
1566	1769.600
1226	1770.100
1036	1770.400
1776	1770.500
1186	1770.600
1336	1770.700
1306	1770.800
1496	1770.800
1596	1770.800
1456	1770.900
1696	1771.100
1706	1771.100
1786	1771.200
1006	1771.300
1646	1771.300
1206	1771.400
1746	1771.400
1246	1771.500
1016	1771.600
1736	1771.600
1076	1771.800
1166	1771.900
1716	1772.000
1426	1772.200
1136	1772.300
1486	1772.300
1556	1772.500
1376	1772.600
1446	1772.600
1666	1772.600
1066	1772.700
1126	1772.700
1316	1772.700
1356	1772.700
1196	1772.800
1256	1772.800
1606	1772.800
1386	1772.900
1436	1772.900
1216	1773.100
1766	1773.400
1526	1773.500
1656	1773.500
1366	1773.600
1546	1773.600
1636	1773.600
1476	1773.700
1676	1773.700
1156	1773.900
1266	1773.900
1106	1774.000
1176	1774.000
1326	1774.000
1116	1774.100
1046	1774.200
1086	1774.300
1236	1774.300
1296	1774.300
1726	1774.300
1616	1774.500
1026	1774.600
1096	1774.600
1396	1774.700
1406	1774.700
1586	1774.700
1686	1774.800
1516	1775.100
1346	1775.200
1576	1775.300
1466	1775.500
1756	1775.600
1276	1775.700
1416	1775.700
1536	1775.700
1146	1775.800
1286	1775.800
1626	1775.900
1796	1775.900
1056	1776.000
1506	1776.100
1566	1776.200
1226	1776.700
1036	1776.900
1186	1777.200
1306	1777.200
1336	1777.200
1596	1777.200
1496	1777.300
1776	1777.300
1456	1777.600
1786	1777.600
1696	1777.700
1706	1777.700
1006	1777.800
1646	1777.800
1206	1777.900
1736	1778.000
1746	1778.000
1246	1778.100
1016	1778.200
1166	1778.500
1076	1778.600
1716	1778.700
1136	1778.800
1376	1778.900
1486	1778.900
1446	1779.000
1556	1779.000
1426	1779.100
1316	1779.200
1356	1779.200
1066	1779.300
1196	1779.300
1256	1779.300
1606	1779.300
1666	1779.300
1386	1779.400
1126	1779.600
1436	1779.600
1216	1779.700
1636	1780.000
1656	1780.000
1766	1780.000
1526	1780.100
1546	1780.200
1366	1780.300
1676	1780.300
1106	1780.400
1176	1780.400
1476	1780.400
1116	1780.600
1156	1780.700
1266	1780.700
1326	1780.700
1046	1780.800
1726	1780.800
1296	1780.900
1236	1781.000
1096	1781.100
1396	1781.200
1026	1781.300
1086	1781.300
1616	1781.300
1686	1781.300
1406	1781.400
1586	1781.400
1516	1781.600
1346	1781.800
1576	1781.900
1466	1782.000
1756	1782.000
1276	1782.100
1416	1782.200
1146	1782.300
1536	1782.300
1286	1782.400
1796	1782.400
1056	1782.600
1506	1782.600
1626	1782.700
1566	1782.800
1226	1783.200
1036	1783.400
1306	1783.600
1596	1783.600
1336	1783.700
1186	1783.800
1496	1783.900
1786	1784.100
1696	1784.200
1706	1784.200
1776	1784.200
1006	1784.300
1646	1784.400
1206	1784.500
1736	1784.500
1456	1784.600
1246	1784.700
1746	1784.700
1016	1784.800
1166	1785.000
1716	1785.200
1136	1785.300
1446	1785.300
1486	1785.400
1076	1785.600
1316	1785.600
1376	1785.600
1196	1785.700
1426	1785.700
1556	1785.700
1356	1785.800
1666	1785.900
1066	1786.000
1256	1786.000
1386	1786.000
1606	1786.100
1216	1786.200
1436	1786.200
1126	1786.300
1526	1786.600
1636	1786.600
1656	1786.600
1546	1786.700
1366	1786.800
1766	1786.800
1176	1786.900
1676	1786.900
1106	1787.000
1476	1787.000
1046	1787.200
1116	1787.300
1726	1787.300
1156	1787.400
1266	1787.400
1326	1787.400
1236	1787.500
1296	1787.600
1096	1787.700
1396	1787.700
1616	1787.800
1686	1787.800
1026	1787.900
1086	1787.900
1586	1788.000
1406	1788.100
1516	1788.200
1346	1788.300
1576	1788.400
1756	1788.500
1276	1788.600
1466	1788.700
1416	1788.800
1146	1788.900
1796	1788.900
1536	1789.000
1286	1789.100
1056	1789.200
1506	1789.200
1566	1789.300
1626	1789.400
1226	1789.700
1306	1789.900
1596	1789.900
1036	1790.000
1336	1790.400
1496	1790.400
1186	1790.500
1786	1790.600
1006	1790.700
1706	1790.800
1646	1790.900
1736	1790.900
1696	1791.000
1776	1791.000
1206	1791.100
1746	1791.200
1016	1791.300
1456	1791.300
1246	1791.500
1166	1791.600
1446	1791.700
1716	1791.800
1136	1791.900
1316	1792.000
1486	1792.100
1376	1792.200
1076	1792.300
1666	1792.300
1196	1792.500
1556	1792.500
1356	1792.600
1426	1792.600
1066	1792.700
1126	1792.700
1256	1792.700
1386	1792.700
1216	1792.800
1606	1792.900
1436	1793.000
1526	1793.000
1546	1793.300
1656	1793.300
1766	1793.300
1176	1793.400
1366	1793.400
1636	1793.400
1676	1793.400
1106	1793.500
1476	1793.600
1046	1793.700
1726	1793.900
1156	1794.000
1236	1794.000
1266	1794.000
1116	1794.200
1326	1794.200
1296	1794.300
1616	1794.300
1086	1794.400
1096	1794.400
1396	1794.400
1026	1794.500
1686	1794.500
1406	1794.600
1586	1794.700
1346	1794.900
1516	1794.900
1276	1795.100
1576	1795.100
1756	1795.100
1466	1795.200
1416	1795.400
1146	1795.500
1536	1795.500
1796	1795.500
1286	1795.800
1506	1795.800
1056	1795.900
1566	1796.000
1626	1796.100
1226	1796.200
1306	1796.300
1596	1796.300
1036	1796.500
1496	1796.900
1336	1797.000
1186	1797.100
1786	1797.100
1706	1797.200
1006	1797.300
1736	1797.400
1776	1797.400
1646	1797.600
1696	1797.700
1206	1797.800
1746	1797.800
1456	1797.900
1016	1798.100
1446	1798.100
1166	1798.200
1316	1798.300
1136	1798.400
1246	1798.400
1486	1798.500
1716	1798.600
1666	1798.900
1076	1799.000
1376	1799.000
1426	1799.200
1556	1799.200
1126	1799.300
1196	1799.300
1216	1799.300
1256	1799.300
1386	1799.300
1066	1799.500
1356	1799.600
1606	1799.600
1526	1799.700
1436	1799.800
1546	1799.800
1766	1799.800
1176	1799.900
1656	1800.000
1046	1800.100
1366	1800.100
1676	1800.100
1106	1800.200
1636	1800.300
1236	1800.400
1156	1800.500
1266	1800.500
1476	1800.500
1726	1800.500
1086	1800.800
1326	1800.800
1096	1800.900
1116	1800.900
1296	1801.000
1396	1801.100
1406	1801.100
1616	1801.100
1586	1801.200
1686	1801.200
1026	1801.300
1346	1801.500
1516	1801.500
1276	1801.600
1466	1801.800
1576	1801.800
1756	1801.800
1416	1801.900
1796	1802.000
1536	1802.100
1056	1802.300
1146	1802.300
1506	1802.500
1286	1802.600
1566	1802.600
1226	1802.700
1306	1802.700
1626	1802.800
1596	1802.900
1036	1803.000
1496	1803.400
1336	1803.500
1186	1803.600
1786	1803.700
1006	1803.800
1776	1803.900
1706	1804.000
1646	1804.100
1736	1804.100
1206	1804.400
1746	1804.400
1456	1804.500
1446	1804.600
1696	1804.600
1016	1804.800
1166	1804.800
1316	1804.800
1136	1805.000
1246	1805.100
1486	1805.100
1716	1805.200
1666	1805.500
1076	1805.700
1216	1805.800
1376	1805.800
1426	1805.800
1556	1805.800
1126	1805.900
1196	1805.900
1386	1805.900
1256	1806.000
1066	1806.200
1356	1806.200
1606	1806.200
1546	1806.300
1766	1806.300
1436	1806.400
1526	1806.400
1176	1806.500
1106	1806.700
1366	1806.700
1656	1806.700
1676	1806.800
1046	1806.900
1636	1806.900
1156	1807.000
1236	1807.000
1266	1807.100
1476	1807.100
1086	1807.200
1726	1807.200
1326	1807.400
1096	1807.600
1116	1807.600
1296	1807.600
1026	1807.800
1406	1807.800
1586	1807.800
1686	1807.800
1396	1807.900
1616	1807.900
1516	1808.000
1346	1808.100
1276	1808.400
1466	1808.400
1576	1808.400
1416	1808.500
1756	1808.500
1796	1808.700
1536	1808.800
1056	1808.900
1146	1809.100
1506	1809.100
1566	1809.200
1286	1809.300
1306	1809.300
1226	1809.400
1626	1809.400
1036	1809.600
1596	1809.800
1336	1810.100
1186	1810.200
1496	1810.300
1776	1810.300
1006	1810.400
1786	1810.400
1646	1810.600
1706	1810.700
1736	1810.800
1456	1811.000
1206	1811.100
1446	1811.100
1166	1811.200
1746	1811.200
1696	1811.300
1016	1811.500
1316	1811.500
1136	1811.600
1246	1811.700
1486	1811.700
1716	1811.700
1666	1812.200
1216	1812.300
1076	1812.400
1386	1812.400
1426	1812.400
1376	1812.500
1556	1812.500
1606	1812.500
1066	1812.600
1196	1812.600
1126	1812.700
1546	1812.700
1256	1812.800
1356	1812.900
1436	1812.900
1766	1812.900
1176	1813.100
1526	1813.100
1656	1813.200
1366	1813.300
1106	1813.400
1676	1813.400
1046	1813.500
1236	1813.500
1636	1813.500
1156	1813.600
1476	1813.700
1726	1813.700
1266	1813.800
1086	1813.900
1326	1814.100
1116	1814.200
1296	1814.200
1586	1814.300
1096	1814.400
1616	1814.400
1686	1814.400
1026	1814.500
1346	1814.500
1406	1814.500
1396	1814.600
1516	1814.700
1276	1815.100
1416	1815.100
1466	1815.100
1576	1815.100
1756	1815.100
1536	1815.300
1796	1815.300
1506	1815.500
1056	1815.700
1146	1815.800
1306	1815.800
1566	1815.800
1226	1816.000
1286	1816.000
1626	1816.000
1036	1816.100
1596	1816.300
1186	1816.600
1336	1816.600
1776	1816.700
1006	1817.000
1496	1817.000
1646	1817.000
1706	1817.200
1736	1817.300
1786	1817.300
1446	1817.400
1696	1817.500
1456	1817.600
1206	1817.700
1166	1817.800
1016	1817.900
1316	1817.900
1746	1817.900
1486	1818.000
1136	1818.100
1246	1818.200
1716	1818.200
1666	1818.500
1076	1818.600
1216	1818.600
1606	1818.700
1386	1818.800
1426	1818.800
1126	1818.900
1376	1818.900
1556	1818.900
1066	1819.000
1546	1819.000
1196	1819.100
1436	1819.100
1256	1819.200
1356	1819.200
1526	1819.300
1656	1819.300
1766	1819.300
1176	1819.400
1366	1819.500
1676	1819.500
1106	1819.700
1156	1819.700
1636	1819.700
1046	1819.800
1236	1819.800
1476	1819.800
1726	1819.900
1086	1820.000
1266	1820.000
1296	1820.200
1326	1820.200
1116	1820.400
1586	1820.400
1096	1820.500
1406	1820.500
1616	1820.500
1686	1820.500
1026	1820.600
1346	1820.600
1396	1820.700
1516	1820.800
1276	1821.100
1416	1821.100
1466	1821.100
1576	1821.100
1756	1821.100
1536	1821.200
1506	1821.300
1796	1821.300
1056	1821.600
1306	1821.600
1566	1821.600
1146	1821.800
1036	1821.900
1226	1821.900
1626	1821.900
1286	1822.000
1596	1822.200
1186	1822.400
1336	1822.500
1776	1822.500
1006	1822.800
1646	1822.800
1496	1822.900
1706	1823.100
1736	1823.100
1786	1823.200
1446	1823.300
1696	1823.400
1456	1823.500
1206	1823.600
1166	1823.700
1316	1823.800
1746	1823.800
1016	1823.900
1486	1823.900
1136	1824.100
1246	1824.100
1716	1824.200
1666	1824.300
1216	1824.500
1076	1824.700
1386	1824.700
1606	1824.700
1426	1824.800
1126	1824.900
1376	1824.900
1556	1824.900
1066	1825.000
1436	1825.000
1546	1825.000
1196	1825.100
1256	1825.100
1356	1825.200
1526	1825.300
1656	1825.300
1766	1825.300
1176	1825.400
1676	1825.400
1366	1825.500
1156	1825.600
1636	1825.600
1106	1825.700
1236	1825.800
1476	1825.800
1046	1825.900
1086	1825.900
1266	1826.000
1726	1826.000
1326	1826.100
1296	1826.200
1116	1826.400
1406	1826.400
1586	1826.400
1096	1826.500
1686	1826.500
1346	1826.600
1396	1826.600
1616	1826.600
1026	1826.700
1516	1826.800
1466	1827.000
1276	1827.100
1416	1827.100
1536	1827.100
1576	1827.100
1756	1827.100
1506	1827.300
1796	1827.300
1306	1827.500
1566	1827.500
1056	1827.600
1036	1827.800
1146	1827.800
1226	1828.000
1286	1828.000
1626	1828.000
1596	1828.200
1186	1828.300
1776	1828.400
1336	1828.600
1646	1828.700
1006	1828.800
1496	1828.900
1736	1829.000
1706	1829.100
1786	1829.100
1446	1829.300
1696	1829.400
1456	1829.500
1206	1829.600
1166	1829.800
1316	1829.800
1486	1829.800
1746	1829.800
1016	1829.900
1136	1830.000
1246	1830.100
1666	1830.100
1716	1830.200
1216	1830.500
1386	1830.600
1606	1830.600
1076	1830.700
1426	1830.700
1126	1830.800
1376	1830.800
1436	1830.800
1556	1830.800
1066	1830.900
1256	1830.900
1196	1831.000
1546	1831.000
1526	1831.100
1656	1831.100
1176	1831.200
1356	1831.200
1676	1831.200
1366	1831.300
1766	1831.300
1156	1831.400
1636	1831.400
1106	1831.500
1476	1831.600
1236	1831.700
1086	1831.800
1046	1831.900
1266	1831.900
1326	1831.900
1726	1831.900
1296	1832.000
1116	1832.200
1406	1832.200
1586	1832.200
1096	1832.300
1686	1832.300
1346	1832.400
1396	1832.400
1616	1832.400
1026	1832.600
1516	1832.600
1466	1832.800
1276	1832.900
1416	1832.900
1536	1832.900
1756	1832.900
1576	1833.000
1506	1833.100
1796	1833.100
1566	1833.200
1306	1833.300
1056	1833.500
1036	1833.600
1146	1833.700
1626	1833.800
1286	1833.900
1226	1834.000
1186	1834.100
1596	1834.100
1776	1834.200
1336	1834.500
1646	1834.500
1006	1834.600
1496	1834.900
1736	1834.900
1706	1835.100
1786	1835.100
1696	1835.300
1446	1835.400
1456	1835.400
1206	1835.500
1166	1835.800
1316	1835.800
1486	1835.800
1746	1835.800
1016	1835.900
1136	1836.000
1666	1836.000
1246	1836.100
1716	1836.200
1216	1836.500
1386	1836.500
1606	1836.600
1076	1836.700
1126	1836.800
1376	1836.800
1426	1836.800
1436	1836.800
1556	1836.800
1066	1836.900
1256	1836.900
1196	1837.000
1656	1837.000
1526	1837.100
1546	1837.100
1176	1837.200
1356	1837.200
1676	1837.200
1366	1837.300
1636	1837.300
1156	1837.400
1766	1837.400
1106	1837.600
1476	1837.600
1236	1837.700
1086	1837.900
1266	1837.900
1326	1837.900
1046	1838.000
1296	1838.000
1726	1838.000
1116	1838.100
1406	1838.100
1586	1838.100
1096	1838.300
1686	1838.300
1346	1838.400
1396	1838.400
1616	1838.400
1026	1838.700
1516	1838.700
1466	1838.900
1536	1838.900
1756	1838.900
1276	1839.000
1416	1839.000
1506	1839.000
1576	1839.000
1566	1839.100
1306	1839.200
1796	1839.200
1056	1839.500
1036	1839.600
1146	1839.800
1626	1839.800
1286	1839.900
1186	1840.000
1226	1840.000
1776	1840.100
1596	1840.200
1646	1840.400
1006	1840.500
1336	1840.600
1736	1840.800
1496	1840.900
1706	1841.100
1786	1841.100
1456	1841.300
1696	1841.300
1446	1841.400
1206	1841.500
1486	1841.800
1016	1841.900
1136	1841.900
1166	1841.900
1316	1841.900
1666	1841.900
1746	1841.900
1246	1842.100
1716	1842.300
1216	1842.500
1386	1842.500
1606	1842.600
1076	1842.700
1126	1842.700
1376	1842.700
1436	1842.700
1426	1842.800
1556	1842.800
1066	1842.900
1196	1842.900
1256	1842.900
1656	1842.900
1526	1843.000
1676	1843.100
1156	1843.200
1176	1843.200
1366	1843.200
1546	1843.200
1636	1843.200
1356	1843.300
1106	1843.400
1766	1843.400
1476	1843.500
1236	1843.600
1326	1843.700
1266	1843.800
1296	1843.800
1086	1843.900
1726	1843.900
1046	1844.000
1116	1844.000
1406	1844.000
1586	1844.000
1096	1844.200
1686	1844.200
1346	1844.300
1396	1844.300
1616	1844.400
1026	1844.700
1516	1844.700
1756	1844.700
1466	1844.800
1506	1844.800
1536	1844.800
1566	1844.800
1276	1844.900
1416	1844.900
1576	1844.900
1306	1845.100
1796	1845.100
1056	1845.400
1036	1845.500
1626	1845.600
1146	1845.800
1186	1845.900
1286	1845.900
1226	1846.000
1776	1846.000
1596	1846.200
1646	1846.300
1006	1846.400
1336	1846.600
1736	1846.700
1496	1846.800
1786	1847.100
1456	1847.200
1706	1847.200
1696	1847.300
1446	1847.400
1206	1847.500
1486	1847.800
1666	1847.800
1746	1847.800
1016	1847.900
1136	1847.900
1166	1847.900
1316	1847.900
1246	1848.200
1716	1848.400
1216	1848.500
1386	1848.500
1126	1848.600
1606	1848.600
1376	1848.700
1436	1848.800
1066	1848.900
1076	1848.900
1196	1848.900
1256	1848.900
1426	1848.900
1526	1848.900
1556	1848.900
1656	1848.900
1676	1849.100
1156	1849.200
1176	1849.200
1366	1849.200
1636	1849.200
1356	1849.300
1546	1849.300
1106	1849.400
1476	1849.500
1766	1849.500
1236	1849.600
1326	1849.700
1296	1849.800
1266	1849.900
1586	1849.900
1726	1849.900
1086	1850.000
1116	1850.000
1406	1850.000
1046	1850.100
1096	1850.100
1686	1850.200
1396	1850.300
1616	1850.400
1346	1850.500
1026	1850.700
1506	1850.700
1516	1850.700
1566	1850.700
1756	1850.700
1276	1850.900
1466	1850.900
1536	1850.900
1576	1850.900
1416	1851.000
1306	1851.100
1796	1851.200
1056	1851.500
1036	1851.600
1626	1851.600
1186	1851.800
1146	1851.900
1226	1852.000
1286	1852.000
1776	1852.100
1006	1852.300
1596	1852.300
1646	1852.300
1336	1852.700
1736	1852.700
1496	1852.800
1786	1853.000
1456	1853.200
1696	1853.200
1706	1853.300
1206	1853.500
1446	1853.500
1486	1853.700
1666	1853.700
1746	1853.800
1136	1853.900
1166	1853.900
1016	1854.000
1316	1854.000
1246	1854.200
1386	1854.400
1716	1854.400
1216	1854.500
1126	1854.600
1376	1854.600
1606	1854.600
1436	1854.700
1196	1854.800
1256	1854.800
1656	1854.800
1066	1854.900
1076	1854.900
1426	1854.900
1526	1854.900
1156	1855.000
1556	1855.000
1176	1855.100
1366	1855.100
1636	1855.100
1676	1855.100
1106	1855.200
1356	1855.300
1546	1855.300
1236	1855.500
1476	1855.500
1766	1855.500
1326	1855.600
1296	1855.700
1266	1855.800
1586	1855.800
1086	1855.900
1116	1855.900
1726	1855.900
1046	1856.000
1096	1856.000
1406	1856.000
1396	1856.100
1686	1856.100
1346	1856.400
1616	1856.400
1506	1856.500
1566	1856.500
1756	1856.500
1026	1856.700
1276	1856.700
1466	1856.700
1516	1856.700
1536	1856.800
1416	1856.900
1576	1856.900
1306	1857.000
1796	1857.100
1036	1857.400
1056	1857.400
1626	1857.500
1186	1857.600
1146	1857.900
1286	1857.900
1226	1858.000
1776	1858.000
1006	1858.100
1646	1858.100
1596	1858.300
1336	1858.600
1736	1858.600
1496	1858.700
1786	1859.000
1696	1859.100
1456	1859.200
1706	1859.400
1206	1859.500
1446	1859.500
1486	1859.600
1666	1859.700
1166	1859.800
1746	1859.800
1136	1859.900
1016	1860.000
1316	1860.000
1246	1860.200
1716	1860.300
1386	1860.400
1126	1860.500
1216	1860.500
1376	1860.600
1606	1860.600
1256	1860.700
1436	1860.700
1196	1860.800
1526	1860.800
1656	1860.800
1066	1860.900
1076	1860.900
1156	1860.900
1426	1860.900
1176	1861.100
1366	1861.100
1556	1861.100
1636	1861.100
1106	1861.200
1676	1861.200
1356	1861.300
1546	1861.400
1476	1861.500
1766	1861.500
1236	1861.600
1326	1861.600
1296	1861.700
1266	1861.800
1586	1861.800
1726	1861.800
1086	1861.900
1096	1861.900
1046	1862.000
1116	1862.000
1406	1862.000
1396	1862.100
1686	1862.200
1506	1862.400
1566	1862.400
1756	1862.400
1616	1862.500
1346	1862.600
1026	1862.700
1466	1862.700
1516	1862.700
1276	1862.800
1536	1862.800
1416	1862.900
1306	1863.000
1576	1863.000
1796	1863.200
1036	1863.400
1056	1863.500
1186	1863.500
1626	1863.500
1286	1863.900
1006	1864.000
1226	1864.000
1646	1864.000
1146	1864.100
1776	1864.100
1596	1864.400
1736	1864.600
1336	1864.700
1496	1864.800
1786	1865.000
1456	1865.200
1696	1865.200
1446	1865.500
1706	1865.500
1206	1865.600
1486	1865.600
1666	1865.600
1746	1865.800
1166	1865.900
1316	1865.900
1136	1866.000
1016	1866.100
1716	1866.200
1246	1866.300
1386	1866.400
1126	1866.600
1216	1866.600
1256	1866.600
1376	1866.600
1606	1866.600
1196	1866.700
1436	1866.700
1526	1866.700
1156	1866.800
1656	1866.800
1426	1866.900
1066	1867.000
1076	1867.000
1366	1867.000
1636	1867.000
1176	1867.100
1556	1867.100
1106	1867.200
1676	1867.200
1356	1867.400
1326	1867.500
1476	1867.500
1546	1867.500
1766	1867.500
1236	1867.600
1296	1867.600
1726	1867.700
1266	1867.800
1586	1867.800
1096	1867.900
1046	1868.000
1086	1868.000
1116	1868.000
1406	1868.000
1396	1868.100
1566	1868.200
1686	1868.200
1506	1868.300
1756	1868.300
1616	1868.400
1346	1868.600
1466	1868.600
1026	1868.700
1276	1868.700
1516	1868.700
1416	1868.800
1536	1868.800
1306	1868.900
1576	1869.000
1796	1869.200
1036	1869.300
1186	1869.400
1056	1869.500
1626	1869.500
1286	1869.800
1006	1869.900
1646	1869.900
1226	1870.000
1776	1870.000
1146	1870.100
1596	1870.500
1736	1870.600
1336	1870.700
1496	1870.900
1786	1870.900
1456	1871.000
1696	1871.200
1446	1871.500
1666	1871.500
1706	1871.500
1206	1871.600
1486	1871.600
1316	1871.800
1746	1871.800
1166	1871.900
1016	1872.100
1136	1872.100
1716	1872.200
1246	1872.300
1386	1872.400
1126	1872.500
1196	1872.600
1216	1872.600
1256	1872.600
1436	1872.600
1526	1872.600
1606	1872.600
1156	1872.700
1376	1872.700
1656	1872.700
1066	1872.900
1426	1872.900
1076	1873.000
1366	1873.000
1636	1873.000
1106	1873.200
1176	1873.200
1556	1873.200
1676	1873.200
1326	1873.400
1296	1873.500
1356	1873.500
1476	1873.500
1546	1873.500
1766	1873.500
1236	1873.600
1726	1873.700
1266	1873.800
1586	1873.800
1096	1873.900
1046	1874.000
1116	1874.000
1396	1874.000
1406	1874.000
1566	1874.000
1086	1874.100
1506	1874.200
1686	1874.300
1756	1874.300
1616	1874.400
1346	1874.600
1466	1874.600
1026	1874.700
1276	1874.700
1516	1874.700
1416	1874.800
1536	1874.800
1306	1874.900
1576	1875.000
1796	1875.200
1036	1875.300
1186	1875.300
1056	1875.400
1626	1875.600
1286	1875.800
1646	1875.800
1006	1875.900
1226	1876.000
1776	1876.000
1146	1876.200
1596	1876.400
1736	1876.500
1336	1876.700
1456	1876.900
1496	1876.900
1786	1876.900
1696	1877.300
1666	1877.400
1446	1877.500
1486	1877.500
1206	1877.600
1706	1877.600
1316	1877.700
1166	1877.800
1746	1877.800
1016	1878.200
1136	1878.200
1716	1878.200
1246	1878.300
1526	1878.400
1126	1878.500
1256	1878.500
1386	1878.500
1606	1878.500
1196	1878.600
1216	1878.600
1436	1878.600
1156	1878.700
1376	1878.700
1656	1878.700
1066	1878.800
1076	1878.900
1426	1878.900
1636	1878.900
1366	1879.000
1106	1879.200
1176	1879.200
1326	1879.200
1556	1879.200
1676	1879.200
1296	1879.400
1476	1879.400
1356	1879.500
1546	1879.500
1766	1879.500
1236	1879.600
1266	1879.700
1586	1879.700
1726	1879.700
1566	1879.800
1096	1879.900
1396	1879.900
1406	1879.900
1046	1880.000
1086	1880.000
1116	1880.000
1506	1880.100
1686	1880.200
1756	1880.200
1616	1880.400
1276	1880.500
1346	1880.500
1466	1880.500
1026	1880.600
1516	1880.600
1306	1880.700
1416	1880.700
1536	1880.800
1576	1880.900
1796	1881.100
1036	1881.200
1186	1881.200
1056	1881.300
1626	1881.600
1646	1881.600
1286	1881.700
1006	1881.800
1776	1881.800
1226	1882.000
1146	1882.100
1596	1882.300
1736	1882.400
1336	1882.700
1456	1882.700
1786	1882.700
1496	1882.800
1696	1883.200
1666	1883.300
1486	1883.400
1206	1883.500
1446	1883.500
1166	1883.700
1316	1883.700
1706	1883.700
1746	1883.800
1716	1884.100
1016	1884.200
1246	1884.200
1526	1884.200
1136	1884.300
1126	1884.400
1196	1884.500
1216	1884.500
1256	1884.500
1386	1884.500
1606	1884.500
1156	1884.600
1376	1884.600
1436	1884.600
1656	1884.600
1066	1884.800
1426	1884.800
1636	1884.800
1076	1884.900
1366	1884.900
1106	1885.100
1176	1885.100
1326	1885.100
1676	1885.100
1556	1885.200
1476	1885.300
1296	1885.400
1236	1885.500
1356	1885.500
1546	1885.500
1766	1885.500
1266	1885.600
1566	1885.600
1586	1885.600
1726	1885.600
1396	1885.800
1406	1885.800
1046	1885.900
1096	1885.900
1086	1886.000
1116	1886.000
1506	1886.000
1686	1886.100
1756	1886.100
1616	1886.300
1346	1886.400
1466	1886.400
1516	1886.400
1276	1886.500
1026	1886.600
1306	1886.600
1416	1886.600
1536	1886.800
1576	1886.800
1036	1887.100
1056	1887.100
1186	1887.100
1796	1887.100
1626	1887.500
1646	1887.500
1286	1887.600
1006	1887.700
1776	1887.700
1226	1887.900
1146	1888.000
1596	1888.200
1736	1888.200
1456	1888.500
1786	1888.600
1336	1888.700
1496	1888.700
1666	1889.100
1696	1889.100
1486	1889.200
1446	1889.400
1206	1889.500
1166	1889.600
1316	1889.600
1706	1889.600
1746	1889.800
1246	1890.000
1526	1890.000
1716	1890.000
1016	1890.200
1126	1890.200
1136	1890.300
1216	1890.300
1606	1890.300
1196	1890.400
1256	1890.400
1386	1890.400
1156	1890.500
1376	1890.500
1436	1890.500
1656	1890.500
1066	1890.700
1426	1890.700
1636	1890.700
1076	1890.800
1366	1890.800
1176	1890.900
1106	1891.000
1326	1891.000
1676	1891.000
1476	1891.200
1556	1891.200
1296	1891.300
1236	1891.400
1356	1891.400
1566	1891.400
1266	1891.500
1546	1891.500
1586	1891.500
1726	1891.500
1766	1891.500
1396	1891.700
1406	1891.700
1096	1891.800
1046	1891.900
1086	1891.900
1506	1891.900
1116	1892.000
1756	1892.000
1686	1892.100
1616	1892.200
1346	1892.300
1466	1892.300
1516	1892.300
1276	1892.400
1306	1892.400
1026	1892.500
1416	1892.500
1536	1892.700
1576	1892.700
1056	1892.900
1036	1893.000
1186	1893.000
1796	1893.000
1626	1893.400
1646	1893.400
1006	1893.500
1286	1893.600
1776	1893.600
1226	1893.800
1146	1894.000
1736	1894.000
1596	1894.100
1456	1894.400
1786	1894.500
1336	1894.700
1496	1894.700
1666	1894.900
1696	1895.000
1486	1895.100
1206	1895.400
1446	1895.400
1166	1895.500
1316	1895.500
1706	1895.500
1526	1895.800
1746	1895.800
1246	1895.900
1716	1895.900
1016	1896.100
1126	1896.100
1216	1896.200
1606	1896.200
1136	1896.300
1256	1896.300
1386	1896.300
1156	1896.400
1196	1896.400
1376	1896.400
1436	1896.400
1656	1896.400
1636	1896.500
1066	1896.600
1366	1896.600
1426	1896.600
1076	1896.700
1176	1896.800
1106	1896.900
1326	1896.900
1676	1896.900
1476	1897.000
1296	1897.200
1556	1897.200
1566	1897.200
1236	1897.300
1356	1897.300
1586	1897.300
1266	1897.400
1546	1897.400
1726	1897.400
1766	1897.400
1396	1897.500
1406	1897.600
1096	1897.700
1086	1897.800
1506	1897.800
1756	1897.800
1046	1897.900
1116	1897.900
1686	1898.000
1466	1898.100
1616	1898.100
1276	1898.200
1306	1898.200
1346	1898.200
1516	1898.200
1026	1898.400
1416	1898.400
1576	1898.500
1536	1898.600
1036	1898.800
1056	1898.800
1186	1898.800
1796	1898.900
1646	1899.200
1006	1899.300
1626	1899.300
1776	1899.400
1286	1899.500
1226	1899.800
1736	1899.800
1146	1899.900
1596	1900.000
1456	1900.200
1786	1900.400
1496	1900.500
1336	1900.700
1666	1900.700
1696	1900.800
1486	1900.900
1206	1901.300
1446	1901.300
1166	1901.400
1316	1901.400
1706	1901.400
1526	1901.600
1746	1901.700
1246	1901.800
1716	1901.800
1016	1902.000
1126	1902.000
1216	1902.100
1606	1902.100
1136	1902.200
1156	1902.200
1256	1902.200
1386	1902.200
1436	1902.200
1196	1902.300
1376	1902.300
1636	1902.300
1656	1902.300
1366	1902.500
1426	1902.500
1066	1902.600
1076	1902.600
1176	1902.700
1106	1902.800
1326	1902.800
1676	1902.800
1476	1902.900
1566	1903.000
1296	1903.100
1236	1903.200
1266	1903.200
1356	1903.200
1556	1903.200
1586	1903.200
1726	1903.300
1766	1903.300
1396	1903.400
1546	1903.400
1406	1903.500
1096	1903.600
1506	1903.600
1756	1903.600
1086	1903.700
1046	1903.800
1116	1903.800
1466	1903.900
1616	1903.900
1686	1903.900
1276	1904.000
1306	1904.000
1346	1904.000
1516	1904.100
1026	1904.300
1416	1904.300
1576	1904.400
1536	1904.500
1036	1904.600
1056	1904.600
1186	1904.600
1796	1904.800
1646	1905.000
1006	1905.100
1626	1905.200
1776	1905.200
1286	1905.300
1736	1905.700
1146	1905.800
1226	1905.800
1596	1905.900
1456	1906.000
1786	1906.300
1496	1906.400
1666	1906.500
1336	1906.600
1696	1906.600
1486	1906.700
1446	1907.100
1206	1907.200
1706	1907.200
1166	1907.300
1316	1907.400
1526	1907.400
1746	1907.600
1246	1907.700
1716	1907.700
1126	1907.800
1016	1907.900
1156	1908.000
1216	1908.000
1386	1908.000
1436	1908.000
1606	1908.000
1136	1908.100
1256	1908.100
1636	1908.100
1656	1908.100
1196	1908.200
1376	1908.200
1366	1908.300
1426	1908.400
1066	1908.500
1076	1908.500
1176	1908.500
1106	1908.600
1326	1908.600
1676	1908.600
1476	1908.700
1566	1908.800
1296	1908.900
1266	1909.000
1356	1909.000
1586	1909.000
1236	1909.100
1556	1909.100
1396	1909.200
1726	1909.200
1766	1909.200
1506	1909.300
1546	1909.300
1096	1909.400
1406	1909.400
1756	1909.400
1086	1909.600
1116	1909.700
1466	1909.700
1616	1909.700
1046	1909.800
1306	1909.800
1686	1909.800
1276	1909.900
1346	1909.900
1516	1910.000
1026	1910.100
1416	1910.100
1576	1910.300
1056	1910.400
1186	1910.400
1536	1910.400
1036	1910.500
1796	1910.700
1646	1910.800
1006	1911.000
1626	1911.000
1776	1911.000
1286	1911.200
1736	1911.500
1226	1911.600
1146	1911.800
1456	1911.800
1596	1911.800
1786	1912.200
1496	1912.300
1666	1912.300
1486	1912.500
1696	1912.500
1336	1912.600
1446	1913.000
1706	1913.000
1206	1913.100
1526	1913.200
1166	1913.300
1316	1913.300
1746	1913.400
1246	1913.500
1126	1913.600
1716	1913.600
1016	1913.800
1156	1913.800
1216	1913.800
1386	1913.800
1436	1913.800
1256	1913.900
1606	1913.900
1636	1913.900
1136	1914.000
1376	1914.000
1656	1914.000
1196	1914.100
1366	1914.100
1076	1914.300
1176	1914.300
1426	1914.300
1066	1914.400
1326	1914.400
1106	1914.500
1476	1914.500
1676	1914.500
1566	1914.600
1296	1914.700
1266	1914.800
1356	1914.800
1586	1914.800
1236	1914.900
1396	1915.000
1556	1915.000
1506	1915.100
1726	1915.100
1766	1915.100
1096	1915.200
1406	1915.200
1546	1915.200
1756	1915.200
1086	1915.500
1116	1915.500
1466	1915.500
1616	1915.500
1306	1915.600
1686	1915.600
1276	1915.700
1346	1915.700
1046	1915.800
1416	1915.900
1516	1915.900
1026	1916.000
1576	1916.100
1056	1916.200
1186	1916.200
1536	1916.200
1036	1916.300
1796	1916.500
1646	1916.600
1006	1916.800
1776	1916.800
1626	1916.900
1286	1917.000
1226	1917.400
1736	1917.400
1456	1917.600
1146	1917.700
1596	1917.700
1786	1918.000
1496	1918.100
1666	1918.100
1486	1918.300
1696	1918.300
1336	1918.400
1446	1918.900
1706	1918.900
1206	1919.000
1526	1919.000
1166	1919.100
1316	1919.200
1746	1919.300
1246	1919.400
1126	1919.500
1716	1919.500
1156	1919.600
1386	1919.600
1016	1919.700
1216	1919.700
1256	1919.700
1436	1919.700
1636	1919.700
1376	1919.800
1606	1919.800
1136	1919.900
1196	1919.900
1656	1919.900
1366	1920.000
1176	1920.100
1076	1920.200
1426	1920.200
1066	1920.300
1106	1920.300
1326	1920.300
1476	1920.300
1566	1920.400
1676	1920.400
1296	1920.500
1586	1920.600
1236	1920.700
1266	1920.700
1356	1920.700
1396	1920.800
1506	1920.900
1556	1920.900
1766	1920.900
1096	1921.000
1406	1921.000
1726	1921.000
1756	1921.000
1546	1921.100
1466	1921.200
1086	1921.300
1116	1921.300
1306	1921.300
1616	1921.400
1686	1921.400
1276	1921.500
1346	1921.500
1416	1921.700
1516	1921.700
1046	1921.800
1026	1921.900
1576	1921.900
1056	1922.000
1186	1922.000
1536	1922.000
1036	1922.100
1796	1922.300
1646	1922.400
1006	1922.500
1776	1922.500
1626	1922.700
1286	1922.800
1226	1923.200
1736	1923.200
1456	1923.300
1596	1923.500
1146	1923.600
1786	1923.800
1496	1923.900
1666	1923.900
1486	1924.000
1696	1924.000
1336	1924.200
1206	1924.800
1446	1924.800
1526	1924.800
1166	1924.900
1706	1924.900
1316	1925.100
1746	1925.100
1126	1925.300
1246	1925.300
1716	1925.300
1156	1925.400
1386	1925.400
1256	1925.500
1436	1925.500
1016	1925.600
1216	1925.600
1376	1925.600
1636	1925.600
1196	1925.700
1606	1925.700
1656	1925.700
1136	1925.800
1176	1925.900
1366	1925.900
1076	1926.100
1106	1926.100
1326	1926.100
1426	1926.100
1566	1926.100
1066	1926.200
1476	1926.200
1676	1926.200
1296	1926.400
1586	1926.400
1236	1926.500
1266	1926.500
1356	1926.500
1396	1926.600
1506	1926.600
1556	1926.800
1756	1926.800
1766	1926.800
1096	1926.900
1406	1926.900
1726	1926.900
1466	1927.000
1546	1927.000
1116	1927.100
1306	1927.100
1086	1927.200
1346	1927.300
1616	1927.300
1686	1927.300
1276	1927.400
1416	1927.500
1516	1927.600
1046	1927.700
1576	1927.700
1026	1927.800
1056	1927.800
1186	1927.800
1036	1927.900
1536	1927.900
1796	1928.100
1646	1928.200
1776	1928.200
1006	1928.300
1626	1928.500
1286	1928.600
1456	1929.000
1736	1929.000
1226	1929.100
1596	1929.300
1146	1929.500
1786	1929.600
1496	1929.700
1666	1929.700
1486	1929.800
1696	1929.800
1336	1930.000
1206	1930.600
1526	1930.600
1166	1930.700
1446	1930.700
1706	1930.800
1316	1930.900
1746	1930.900
1126	1931.000
1246	1931.100
1716	1931.100
1156	1931.200
1386	1931.200
1256	1931.300
1436	1931.300
1216	1931.400
1376	1931.400
1636	1931.400
1016	1931.500
1196	1931.500
1606	1931.500
1656	1931.500
1136	1931.600
1176	1931.700
1366	1931.700
1106	1931.800
1566	1931.800
1326	1931.900
1426	1931.900
1066	1932.000
1076	1932.000
1476	1932.000
1676	1932.000
1296	1932.200
1586	1932.200
1236	1932.300
1266	1932.300
1356	1932.300
1506	1932.300
1396	1932.400
1756	1932.600
1466	1932.700
1726	1932.700
1766	1932.700
1096	1932.800
1406	1932.800
1556	1932.800
1116	1932.900
1306	1932.900
1546	1932.900
1086	1933.100
1616	1933.100
1686	1933.100
1276	1933.200
1346	1933.200
1416	1933.400
1516	1933.400
1046	1933.600
1056	1933.600
1186	1933.600
1576	1933.600
1026	1933.700
1036	1933.700
1536	1933.800
1776	1933.900
1796	1933.900
1006	1934.000
1646	1934.000
1626	1934.300
1286	1934.400
1456	1934.700
1736	1934.800
1226	1935.000
1596	1935.100
1146	1935.300
1786	1935.400
1496	1935.500
1666	1935.500
1486	1935.600
1696	1935.600
1336	1935.800
1526	1936.300
1206	1936.400
1166	1936.500
1446	1936.500
1706	1936.700
1746	1936.700
1126	1936.800
1316	1936.800
1716	1936.900
1156	1937.000
1246	1937.000
1386	1937.000
1256	1937.100
1436	1937.100
1216	1937.200
1376	1937.200
1636	1937.200
1196	1937.300
1606	1937.300
1656	1937.300
1016	1937.400
1136	1937.400
1366	1937.500
1566	1937.500
1106	1937.600
1176	1937.600
1326	1937.600
1426	1937.700
1066	1937.800
1476	1937.800
1676	1937.800
1076	1937.900
1296	1938.000
1586	1938.000
1266	1938.100
1506	1938.100
1236	1938.200
1356	1938.200
1396	1938.200
1466	1938.400
1756	1938.400
1726	1938.500
1766	1938.500
1406	1938.600
1096	1938.700
1116	1938.700
1306	1938.700
1556	1938.700
1546	1938.800
1616	1938.900
1686	1938.900
1086	1939.000
1276	1939.000
1346	1939.100
1416	1939.200
1516	1939.200
1056	1939.300
1186	1939.300
1036	1939.400
1046	1939.400
1026	1939.500
1576	1939.500
1536	1939.600
1776	1939.600
1796	1939.700
1006	1939.800
1646	1939.800
1626	1940.100
1286	1940.200
1456	1940.500
1736	1940.600
1226	1940.800
1596	1940.900
1146	1941.200
1786	1941.200
1496	1941.300
1666	1941.300
1696	1941.400
1486	1941.500
1336	1941.600
1526	1942.100
1206	1942.200
1446	1942.300
1166	1942.400
1126	1942.500
1746	1942.500
1316	1942.700
1706	1942.700
1156	1942.800
1256	1942.800
1386	1942.800
1716	1942.800
1246	1942.900
1376	1942.900
1436	1942.900
1216	1943.000
1636	1943.000
1196	1943.100
1606	1943.100
1656	1943.100
1136	1943.200
1566	1943.200
1016	1943.300
1326	1943.300
1366	1943.300
1106	1943.400
1176	1943.500
1426	1943.500
1066	1943.600
1476	1943.600
1676	1943.600
1076	1943.700
1296	1943.800
1586	1943.800
1266	1943.900
1506	1943.900
1356	1944.000
1396	1944.000
1236	1944.100
1466	1944.100
1756	1944.200
1726	1944.300
1406	1944.400
1766	1944.400
1096	1944.500
1116	1944.500
1306	1944.500
1546	1944.600
1556	1944.600
1616	1944.700
1686	1944.700
1276	1944.800
1086	1944.900
1346	1945.000
1416	1945.000
1036	1945.100
1056	1945.100
1186	1945.100
1516	1945.100
1046	1945.200
1026	1945.300
1576	1945.300
1776	1945.300
1536	1945.400
1006	1945.500
1796	1945.500
1646	1945.600
1626	1945.800
1286	1946.000
1456	1946.200
1736	1946.400
1226	1946.600
1596	1946.700
1666	1947.000
1786	1947.000
1146	1947.100
1496	1947.100
1696	1947.200
1486	1947.300
1336	1947.400
1526	1947.800
1206	1948.000
1446	1948.200
1126	1948.300
1166	1948.300
1746	1948.400
1256	1948.500
1156	1948.600
1316	1948.600
1386	1948.600
1706	1948.600
1376	1948.700
1716	1948.700
1216	1948.800
1246	1948.800
1436	1948.800
1636	1948.800
1196	1948.900
1566	1948.900
1606	1948.900
1656	1949.000
1136	1949.100
1326	1949.100
1366	1949.100
1016	1949.200
1106	1949.200
1426	1949.300
1066	1949.400
1176	1949.400
1476	1949.400
1676	1949.400
1076	1949.600
1296	1949.600
1586	1949.600
1266	1949.700
1506	1949.700
1396	1949.800
1236	1949.900
1356	1949.900
1466	1949.900
1756	1949.900
1726	1950.100
1306	1950.200
1406	1950.200
1096	1950.300
1766	1950.300
1116	1950.400
1546	1950.400
1556	1950.400
1616	1950.500
1686	1950.500
1276	1950.600
1086	1950.700
1036	1950.800
1186	1950.800
1416	1950.800
1056	1950.900
1346	1950.900
1516	1951.000
1776	1951.000
1026	1951.100
1046	1951.100
1576	1951.100
1006	1951.200
1536	1951.200
1646	1951.300
1796	1951.300
1626	1951.500
1286	1951.800
1456	1952.000
1736	1952.200
1226	1952.400
1596	1952.500
1666	1952.700
1786	1952.800
1496	1952.900
1146	1953.000
1696	1953.000
1486	1953.100
1336	1953.200
1526	1953.500
1206	1953.800
1446	1954.000
1126	1954.100
1166	1954.100
1256	1954.200
1746	1954.200
1156	1954.300
1386	1954.300
1316	1954.400
1376	1954.500
1706	1954.500
1716	1954.500
1216	1954.600
1566	1954.600
1636	1954.600
1196	1954.700
1246	1954.700
1436	1954.700
1606	1954.700
1656	1954.800
1136	1954.900
1326	1954.900
1366	1954.900
1016	1955.000
1106	1955.000
1426	1955.100
1066	1955.200
1176	1955.200
1476	1955.200
1586	1955.300
1676	1955.300
1076	1955.400
1296	1955.400
1506	1955.400
1266	1955.500
1396	1955.600
1236	1955.700
1466	1955.700
1756	1955.700
1356	1955.800
1726	1955.900
1306	1956.000
1406	1956.000
1096	1956.100
1116	1956.200
1546	1956.200
1766	1956.200
1556	1956.300
1616	1956.300
1276	1956.400
1686	1956.400
1036	1956.500
1086	1956.500
1186	1956.600
1416	1956.600
1056	1956.700
1346	1956.700
1776	1956.700
1026	1956.900
1046	1956.900
1516	1956.900
1576	1956.900
1006	1957.000
1536	1957.000
1646	1957.100
1796	1957.200
1626	1957.300
1286	1957.600
1456	1957.700
1736	1958.000
1226	1958.200
1596	1958.300
1666	1958.400
1786	1958.600
1496	1958.700
1696	1958.800
1146	1958.900
1486	1958.900
1336	1959.000
1526	1959.200
1206	1959.600
1446	1959.800
1126	1959.900
1166	1959.900
1156	1960.000
1256	1960.000
1386	1960.000
1746	1960.000
1316	1960.200
1376	1960.300
1566	1960.300
1716	1960.300
1216	1960.400
1636	1960.400
1706	1960.400
1196	1960.500
1246	1960.500
1436	1960.500
1606	1960.500
1656	1960.600
1326	1960.700
1366	1960.700
1016	1960.800
1106	1960.800
1136	1960.800
1426	1960.900
1066	1961.000
1176	1961.000
1476	1961.000
1506	1961.100
1586	1961.100
1676	1961.100
1076	1961.200
1296	1961.200
1266	1961.300
1396	1961.400
1756	1961.400
1236	1961.500
1466	1961.500
1726	1961.600
1356	1961.700
1306	1961.800
1406	1961.800
1096	1961.900
1116	1962.100
1546	1962.100
1616	1962.100
1766	1962.100
1276	1962.200
1556	1962.200
1036	1962.300
1086	1962.300
1686	1962.300
1186	1962.400
1416	1962.400
1776	1962.400
1056	1962.500
1346	1962.500
1026	1962.700
1046	1962.700
1516	1962.700
1576	1962.700
1006	1962.800
1536	1962.800
1646	1962.800
1626	1963.100
1796	1963.100
1286	1963.400
1456	1963.400
1736	1963.800
1226	1964.100
1596	1964.100
1666	1964.200
1786	1964.400
1496	1964.500
1696	1964.600
1486	1964.700
1146	1964.800
1336	1964.800
1526	1964.900
1206	1965.400
1446	1965.600
1126	1965.700
1156	1965.700
1166	1965.700
1386	1965.700
1256	1965.800
1746	1965.800
1316	1966.000
1376	1966.100
1566	1966.100
1716	1966.100
1216	1966.200
1636	1966.200
1196	1966.300
1246	1966.300
1436	1966.300
1706	1966.300
1606	1966.400
1656	1966.400
1326	1966.500
1366	1966.500
1016	1966.600
1106	1966.600
1136	1966.700
1426	1966.700
1066	1966.800
1176	1966.800
1476	1966.800
1506	1966.800
1586	1966.900
1676	1966.900
1076	1967.000
1296	1967.000
1266	1967.100
1396	1967.100
1466	1967.200
1756	1967.200
1236	1967.300
1726	1967.400
1356	1967.500
1306	1967.600
1406	1967.600
1096	1967.700
1116	1967.900
1616	1967.900
1766	1967.900
1276	1968.000
1546	1968.000
1036	1968.100
1086	1968.100
1686	1968.100
1776	1968.100
1056	1968.200
1186	1968.200
1416	1968.200
1556	1968.200
1346	1968.300
1026	1968.500
1516	1968.500
1576	1968.500
1006	1968.600
1046	1968.600
1536	1968.600
1646	1968.600
1626	1968.900
1796	1968.900
1286	1969.200
1456	1969.200
1736	1969.600
1596	1969.900
1226	1970.000
1666	1970.000
1786	1970.200
1496	1970.300
1486	1970.400
1696	1970.400
1336	1970.600
1146	1970.700
1526	1970.700
1206	1971.200
1446	1971.400
1126	1971.500
1156	1971.500
1166	1971.500
1386	1971.500
1256	1971.600
1746	1971.600
1316	1971.800
1566	1971.800
1716	1971.900
1216	1972.000
1376	1972.000
1636	1972.000
1196	1972.100
1246	1972.100
1436	1972.100
1606	1972.200
1656	1972.200
1706	1972.200
1326	1972.300
1366	1972.300
1016	1972.500
1106	1972.500
1426	1972.500
1066	1972.600
1176	1972.600
1476	1972.600
1506	1972.600
1136	1972.700
1676	1972.700
1076	1972.800
1266	1972.800
1296	1972.800
1396	1972.800
1586	1972.800
1466	1973.000
1756	1973.000
1236	1973.200
1726	1973.200
1356	1973.300
1306	1973.400
1406	1973.400
1096	1973.500
1116	1973.700
1276	1973.700
1616	1973.700
1546	1973.800
1766	1973.800
1036	1973.900
1056	1973.900
1086	1973.900
1186	1973.900
1686	1973.900
1776	1973.900
1416	1974.000
1346	1974.100
1556	1974.100
1006	1974.300
1026	1974.300
1516	1974.300
1576	1974.300
1646	1974.300
1046	1974.400
1536	1974.400
1626	1974.700
1796	1974.700
1286	1975.000
1456	1975.000
1736	1975.400
1596	1975.700
1666	1975.700
1226	1975.800
1786	1976.000
1486	1976.100
1496	1976.100
1696	1976.200
1336	1976.400
1526	1976.400
1146	1976.600
1206	1977.000
1156	1977.200
1126	1977.300
1166	1977.300
1386	1977.300
1446	1977.300
1256	1977.400
1746	1977.400
1566	1977.500
1316	1977.600
1716	1977.700
1216	1977.800
1636	1977.800
1196	1977.900
1246	1977.900
1376	1977.900
1656	1977.900
1436	1978.000
1606	1978.000
1706	1978.000
1326	1978.100
1366	1978.100
1106	1978.300
1426	1978.300
1016	1978.400
1476	1978.400
1506	1978.400
1066	1978.500
1176	1978.500
1296	1978.500
1676	1978.500
1076	1978.600
1266	1978.600
1396	1978.600
1586	1978.600
1136	1978.700
1466	1978.800
1756	1978.800
1726	1979.000
1236	1979.100
1356	1979.100
1306	1979.200
1406	1979.200
1096	1979.300
1276	1979.400
1116	1979.500
1616	1979.500
1186	1979.600
1546	1979.600
1036	1979.700
1056	1979.700
1086	1979.700
1686	1979.700
1766	1979.700
1776	1979.700
1416	1979.800
1346	1979.900
1556	1980.000
1646	1980.000
1006	1980.100
1026	1980.100
1516	1980.100
1576	1980.100
1046	1980.200
1536	1980.200
1626	1980.500
1796	1980.500
1456	1980.700
1286	1980.800
1736	1981.200
1666	1981.400
1596	1981.500
1226	1981.600
1786	1981.700
1486	1981.800
1496	1981.900
1696	1982.000
1526	1982.100
1336	1982.200
1146	1982.500
1206	1982.800
1156	1982.900
1126	1983.100
1166	1983.100
1386	1983.100
1446	1983.100
1256	1983.200
1566	1983.200
1746	1983.300
1316	1983.400
1716	1983.500
1216	1983.600
1636	1983.600
1196	1983.700
1246	1983.700
1376	1983.700
1656	1983.700
1436	1983.800
1606	1983.800
1366	1983.900
1706	1983.900
1326	1984.000
1106	1984.100
1426	1984.100
1506	1984.100
1016	1984.200
1476	1984.200
1296	1984.300
1676	1984.300
1066	1984.400
1076	1984.400
1176	1984.400
1266	1984.400
1396	1984.400
1586	1984.400
1136	1984.600
1466	1984.600
1756	1984.600
1726	1984.800
1236	1984.900
1356	1984.900
1306	1985.000
1406	1985.000
1096	1985.100
1276	1985.200
1186	1985.300
1116	1985.400
1546	1985.400
1616	1985.400
1036	1985.500
1056	1985.500
1086	1985.500
1686	1985.500
1766	1985.500
1776	1985.500
1416	1985.600
1346	1985.700
1646	1985.800
1006	1985.900
1026	1985.900
1556	1985.900
1576	1985.900
1046	1986.000
1516	1986.000
1536	1986.000
1626	1986.300
1796	1986.300
1456	1986.400
1286	1986.600
1736	1987.000
1666	1987.100
1226	1987.300
1596	1987.300
1786	1987.400
1486	1987.500
1496	1987.700
1526	1987.800
1696	1987.800
1336	1988.000
1146	1988.300
1156	1988.600
1206	1988.600
1126	1988.900
1166	1988.900
1256	1988.900
1386	1988.900
1446	1988.900
1566	1988.900
1316	1989.200
1746	1989.200
1716	1989.300
1216	1989.400
1636	1989.400
1196	1989.500
1376	1989.500
1656	1989.500
1246	1989.600
1436	1989.600
1606	1989.600
1366	1989.700
1506	1989.800
1706	1989.800
1106	1989.900
1326	1989.900
1426	1989.900
1016	1990.000
1476	1990.000
1296	1990.100
1396	1990.100
1676	1990.100
1066	1990.200
1076	1990.200
1266	1990.200
1586	1990.200
1176	1990.300
1466	1990.400
1756	1990.400
1136	1990.500
1726	1990.600
1236	1990.700
1356	1990.700
1306	1990.800
1406	1990.800
1096	1990.900
1186	1991.000
1276	1991.000
1116	1991.200
1036	1991.300
1056	1991.300
1086	1991.300
1416	1991.300
1546	1991.300
1616	1991.300
1686	1991.300
1776	1991.300
1766	1991.400
1346	1991.500
1646	1991.600
1006	1991.700
1026	1991.700
1576	1991.700
1046	1991.800
1516	1991.800
1556	1991.800
1536	1991.900
1626	1992.100
1796	1992.100
1456	1992.200
1286	1992.400
1666	1992.800
1736	1992.800
1226	1993.100
1596	1993.100
1786	1993.100
1486	1993.200
1496	1993.500
1526	1993.500
1696	1993.600
1336	1993.800
1146	1994.100
1156	1994.300
1206	1994.400
1166	1994.600
1566	1994.600
1126	1994.700
1256	1994.700
1386	1994.700
1446	1994.700
1316	1995.000
1716	1995.000
1746	1995.000
1216	1995.200
1376	1995.200
1636	1995.200
1656	1995.200
1196	1995.300
1436	1995.300
1246	1995.400
1606	1995.400
1366	1995.500
1506	1995.500
1706	1995.600
1106	1995.700
1326	1995.700
1426	1995.700
1016	1995.800
1476	1995.800
1296	1995.900
1396	1995.900
1586	1995.900
1676	1995.900
1066	1996.000
1266	1996.000
1076	1996.100
1176	1996.200
1466	1996.200
1756	1996.200
1136	1996.400
1726	1996.400
1236	1996.500
1356	1996.500
1306	1996.600
1406	1996.600
1096	1996.700
1186	1996.700
1276	1996.800
1116	1997.000
1416	1997.000
1036	1997.100
1056	1997.100
1086	1997.100
1616	1997.100
1686	1997.100
1776	1997.100
1546	1997.200
1346	1997.300
1766	1997.300
1006	1997.400
1646	1997.400
1026	1997.500
1576	1997.500
1516	1997.600
1556	1997.600
1046	1997.700
1536	1997.800
1796	1997.900
1456	1998.000
1626	1998.000
1286	1998.200
1666	1998.600
1736	1998.600
1226	1998.900
1596	1998.900
1786	1998.900
1486	1999.000
1526	1999.200
1496	1999.300
1696	1999.400
1336	1999.600
1146	1999.900
1156	2000.000
