# NEST version: UNKNOWN
# RecordingBackendASCII version: 2
sender	time_ms
1775	0.900
1585	266.800
1745	382.500
1745	544.400
1025	764.100
1435	776.300
1145	785.900
1365	789.100
1245	790.400
1695	791.200
1435	1174.300
1655	1228.500
1495	1235.400
1145	1302.600
1345	1306.800
1725	1307.300
1315	1308.500
1665	1309.700
1455	1309.900
1045	1310.300
1125	1310.500
1295	1310.800
1155	1311.100
1105	1311.800
1745	1312.200
1535	1312.500
1065	1313.100
1255	1313.500
1205	1313.700
1055	1313.800
1685	1313.900
1025	1314.400
1495	1314.400
1715	1314.500
1035	1314.800
1595	1314.900
1465	1315.000
1505	1315.200
1385	1315.500
1235	1315.600
1565	1315.900
1075	1316.000
1475	1316.300
1435	1317.200
1195	1317.400
1405	1317.800
1575	1318.100
1445	1318.200
1765	1318.300
1735	1318.400
1625	1318.500
1555	1318.800
1795	1318.800
1675	1319.700
1425	1320.100
1015	1320.400
1165	1320.400
1005	1320.600
1175	1320.900
1085	1321.200
1485	1321.200
1525	1321.200
1135	1321.600
1265	1321.600
1655	1321.900
1335	1322.200
1185	1324.100
1415	1324.500
1585	1325.500
1635	1325.700
1285	1326.400
1225	1326.500
1775	1326.500
1615	1326.900
1245	1329.200
1145	1329.500
1105	1331.000
1595	1331.100
1305	1331.500
1365	1331.800
1155	1332.600
1605	1333.000
1045	1333.300
1395	1334.600
1755	1336.900
1575	1337.100
1725	1337.100
1095	1339.500
1205	1339.500
1345	1339.700
1705	1340.000
1385	1340.400
1175	1341.000
1055	1342.600
1675	1344.100
1495	1345.000
1255	1345.700
1785	1345.700
1715	1346.900
1295	1347.400
1515	1348.600
1525	1349.100
1555	1350.100
1195	1351.000
1435	1351.600
1645	1351.800
1585	1352.400
1465	1352.800
1275	1354.600
1695	1354.800
1305	1355.800
1145	1356.000
1425	1356.300
1125	1358.100
1135	1358.200
1235	1359.200
1415	1359.600
1085	1361.500
1505	1362.400
1725	1364.300
1745	1365.200
1485	1365.800
1035	1370.100
1605	1370.700
1365	1372.000
1755	1373.400
1045	1373.800
1595	1374.400
1625	1375.000
1175	1377.000
1375	1378.300
1575	1378.500
1115	1381.700
1525	1382.700
1295	1385.500
1345	1386.400
1335	1386.500
1125	1387.700
1275	1388.200
1735	1390.600
1455	1391.800
1285	1393.500
1065	1394.100
1075	1395.200
1545	1395.500
1135	1395.800
1505	1395.900
1095	1396.400
1355	1396.500
1485	1396.800
1325	1397.100
1475	1397.300
1155	1398.300
1565	1400.100
1675	1400.700
1055	1403.300
1585	1404.400
1005	1404.500
1515	1405.300
1375	1407.600
1595	1409.100
1495	1411.400
1755	1411.900
1385	1413.900
1465	1414.100
1695	1414.500
1195	1415.500
1365	1416.300
1245	1417.000
1705	1424.400
1345	1427.400
1355	1429.700
1625	1432.600
1555	1434.600
1315	1434.800
1775	1439.100
1535	1442.300
1655	1442.600
1685	1452.100
1115	1453.900
1215	1480.000
1015	1624.700
1595	1638.200
1545	1641.100
1755	1643.300
1795	1644.500
1585	1644.600
1655	1647.500
1075	1652.800
1565	1654.500
1525	1654.800
1065	1655.400
1375	1655.800
1125	1656.600
1305	1656.600
1275	1657.500
1295	1657.700
1225	1658.000
1055	1658.400
1185	1658.500
1165	1658.700
1175	1658.700
1395	1659.000
1255	1659.200
1265	1659.600
1045	1659.700
1115	1659.800
1685	1660.900
1345	1661.600
1675	1661.700
1575	1662.100
1285	1662.700
1335	1662.900
1245	1663.500
1755	1663.500
1005	1663.900
1385	1664.000
1235	1664.100
1155	1665.200
1705	1665.500
1205	1665.600
1445	1666.100
1785	1666.600
1615	1666.800
1095	1667.100
1415	1667.200
1795	1667.200
1535	1667.900
1025	1668.100
1215	1668.800
1365	1668.900
1315	1669.500
1455	1670.100
1505	1670.400
1105	1670.600
1085	1670.800
1545	1671.700
1325	1671.800
1485	1672.200
1715	1672.400
1495	1672.600
1595	1673.100
1475	1673.700
1765	1673.900
1735	1674.300
1425	1674.400
1695	1674.600
1395	1674.700
1745	1674.700
1605	1674.800
1175	1675.200
1515	1675.200
1585	1675.400
1305	1675.500
1675	1675.500
1665	1675.700
1435	1676.700
1525	1676.800
1645	1677.400
1555	1677.800
1775	1677.900
1465	1678.000
1655	1678.100
1035	1678.400
1065	1678.500
1335	1679.100
1445	1679.100
1055	1679.600
1195	1679.700
1615	1679.800
1345	1679.900
1075	1680.100
1405	1680.200
1565	1680.300
1295	1680.400
1385	1680.500
1145	1680.600
1135	1680.800
1155	1680.800
1235	1680.800
1375	1680.800
1245	1681.100
1045	1681.200
1125	1681.400
1205	1681.500
1575	1681.500
1725	1681.800
1705	1682.200
1185	1682.300
1015	1682.400
1625	1682.400
1115	1682.500
1165	1682.500
1785	1682.600
1355	1682.700
1255	1682.900
1365	1682.900
1415	1682.900
1795	1682.900
1635	1683.000
1005	1683.400
1755	1683.700
1505	1684.000
1265	1684.100
1085	1685.100
1315	1685.200
1455	1685.200
1485	1685.300
1215	1685.400
1545	1685.500
1225	1685.600
1285	1685.800
1275	1685.900
1605	1686.100
1495	1686.200
1105	1686.400
1685	1686.500
1595	1686.900
1535	1687.100
1765	1687.200
1305	1687.300
1025	1687.500
1475	1687.900
1745	1687.900
1585	1688.100
1325	1688.400
1735	1688.400
1715	1688.500
1395	1688.800
1675	1688.900
1175	1689.000
1095	1689.300
1465	1689.300
1435	1689.500
1445	1689.500
1515	1690.000
1425	1690.100
1665	1690.200
1695	1690.400
1195	1690.600
1075	1690.700
1375	1690.700
1655	1690.700
1235	1690.800
1615	1691.000
1555	1691.100
1135	1691.200
1335	1691.200
1065	1691.300
1205	1691.300
1775	1691.400
1145	1691.700
1645	1691.800
1035	1691.900
1155	1692.000
1295	1692.000
1045	1692.100
1525	1692.100
1575	1692.100
1125	1692.200
1185	1692.300
1705	1692.300
1365	1692.400
1405	1692.500
1015	1692.600
1345	1692.700
1165	1692.800
1355	1692.800
1385	1692.800
1055	1692.900
1565	1693.100
1725	1693.100
1005	1693.400
1245	1693.400
1635	1693.400
1795	1693.600
1115	1693.800
1255	1694.000
1265	1694.100
1625	1694.100
1755	1694.100
1215	1694.400
1085	1694.800
1415	1694.800
1605	1695.000
1485	1695.100
1495	1695.300
1285	1695.500
1685	1695.500
1455	1695.700
1505	1695.700
1225	1695.800
1275	1695.800
1315	1695.900
1105	1696.000
1545	1696.200
1305	1696.400
1765	1696.700
1595	1696.800
1535	1696.900
1745	1696.900
1585	1697.000
1785	1697.100
1025	1697.200
1175	1697.700
1715	1697.700
1095	1697.900
1325	1697.900
1735	1697.900
1475	1698.000
1445	1698.100
1675	1698.200
1435	1698.600
1195	1698.800
1395	1698.800
1515	1699.000
1665	1699.000
1235	1699.200
1375	1699.200
1425	1699.200
1655	1699.400
1075	1699.500
1205	1699.600
1145	1699.900
1465	1700.000
1135	1700.100
1695	1700.200
1775	1700.200
1125	1700.400
1065	1700.600
1155	1700.600
1185	1700.600
1295	1700.600
1035	1700.700
1365	1700.700
1555	1700.700
1645	1700.700
1055	1700.900
1045	1701.100
1355	1701.200
1615	1701.200
1335	1701.300
1575	1701.300
1405	1701.500
1705	1701.500
1725	1701.500
1345	1701.700
1005	1701.800
1565	1701.800
1115	1701.900
1015	1702.000
1165	1702.100
1245	1702.100
1385	1702.200
1525	1702.200
1795	1702.600
1085	1702.700
1755	1702.700
1215	1702.800
1495	1702.800
1255	1703.000
1685	1703.000
1635	1703.100
1265	1703.200
1485	1703.400
1415	1703.500
1625	1703.500
1285	1703.700
1225	1703.800
1605	1703.800
1105	1703.900
1455	1703.900
1275	1704.200
1545	1704.200
1315	1704.300
1505	1704.400
1305	1704.600
1745	1704.800
1595	1704.900
1535	1705.100
1765	1705.200
1785	1705.200
1175	1705.300
1025	1705.400
1095	1705.500
1585	1705.600
1325	1706.000
1715	1706.000
1735	1706.100
1475	1706.200
1445	1706.400
1675	1706.500
1195	1706.800
1435	1706.800
1515	1706.800
1235	1706.900
1375	1707.000
1425	1707.100
1205	1707.200
1665	1707.200
1655	1707.400
1395	1707.500
1695	1707.600
1075	1707.700
1465	1707.700
1295	1707.900
1145	1708.100
1155	1708.100
1125	1708.300
1645	1708.400
1135	1708.500
1185	1708.600
1555	1708.600
1055	1708.700
1065	1708.700
1775	1708.800
1045	1708.900
1355	1709.000
1365	1709.000
1615	1709.100
1005	1709.300
1035	1709.400
1565	1709.400
1345	1709.500
1405	1709.500
1705	1709.500
1725	1709.500
1575	1709.700
1245	1709.800
1335	1709.800
1115	1709.900
1385	1710.100
1525	1710.100
1015	1710.200
1165	1710.300
1085	1710.400
1495	1710.400
1755	1710.400
1795	1710.400
1215	1710.700
1685	1710.800
1255	1711.100
1265	1711.200
1485	1711.200
1635	1711.200
1625	1711.400
1225	1711.500
1415	1711.600
1275	1711.800
1455	1711.800
1545	1711.800
1285	1711.900
1605	1711.900
1315	1712.000
1105	1712.100
1305	1712.100
1505	1712.100
1025	1712.500
1175	1712.500
1765	1712.600
1095	1713.000
1715	1713.100
1535	1713.200
1595	1713.200
1585	1713.300
1325	1713.500
1735	1713.600
1745	1713.600
1785	1713.600
1375	1713.800
1475	1713.800
1445	1713.900
1515	1713.900
1195	1714.100
1675	1714.200
1235	1714.300
1435	1714.300
1205	1714.400
1425	1714.500
1665	1714.600
1395	1715.000
1695	1715.000
1295	1715.300
1145	1715.400
1155	1715.400
1465	1715.400
1645	1715.600
1075	1715.700
1125	1715.700
1055	1715.900
1555	1716.000
1655	1716.000
1045	1716.100
1185	1716.100
1065	1716.200
1135	1716.300
1775	1716.300
1615	1716.500
1345	1716.600
1725	1716.600
1035	1716.800
1365	1716.800
1005	1716.900
1355	1716.900
1565	1716.900
1245	1717.000
1705	1717.200
1165	1717.300
1115	1717.400
1575	1717.400
1015	1717.500
1335	1717.500
1405	1717.500
1525	1717.500
1495	1717.600
1795	1717.600
1085	1717.800
1385	1717.900
1755	1717.900
1215	1718.000
1255	1718.300
1685	1718.300
1225	1718.700
1455	1718.700
1485	1718.700
1265	1718.800
1275	1718.800
1635	1718.800
1625	1718.900
1285	1719.000
1315	1719.100
1415	1719.100
1505	1719.200
1605	1719.200
1545	1719.300
1105	1719.400
1305	1719.500
1765	1719.600
1175	1719.900
1025	1720.000
1095	1720.200
1595	1720.200
1715	1720.400
1325	1720.700
1735	1720.700
1375	1720.800
1475	1720.800
1535	1720.800
1785	1720.800
1515	1720.900
1585	1721.000
1745	1721.000
1445	1721.200
1675	1721.200
1195	1721.300
1205	1721.300
1435	1721.400
1665	1721.500
1235	1721.800
1425	1721.800
1395	1722.100
1465	1722.300
1695	1722.300
1155	1722.400
1145	1722.500
1295	1722.700
1645	1722.700
1125	1722.800
1055	1723.000
1555	1723.200
1045	1723.300
1135	1723.300
1185	1723.400
1065	1723.500
1725	1723.500
1345	1723.600
1775	1723.600
1075	1723.700
1615	1723.800
1035	1723.900
1245	1723.900
1365	1723.900
1655	1723.900
1165	1724.100
1565	1724.100
1115	1724.200
1355	1724.200
1015	1724.400
1705	1724.500
1005	1724.600
1405	1724.600
1525	1724.600
1575	1724.700
1495	1724.800
1795	1724.800
1335	1724.900
1085	1725.000
1755	1725.000
1215	1725.100
1385	1725.100
1255	1725.300
1685	1725.500
1455	1725.600
1275	1725.700
1225	1725.800
1265	1725.900
1485	1725.900
1285	1726.000
1635	1726.000
1315	1726.100
1505	1726.100
1625	1726.200
1305	1726.300
1415	1726.300
1605	1726.300
1105	1726.400
1545	1726.400
1765	1726.600
1595	1726.900
1025	1727.100
1175	1727.300
1095	1727.400
1325	1727.600
1515	1727.600
1735	1727.700
1375	1727.800
1715	1727.800
1475	1727.900
1675	1727.900
1585	1728.000
1745	1728.000
1785	1728.000
1205	1728.100
1445	1728.100
1535	1728.100
1195	1728.200
1435	1728.200
1665	1728.500
1235	1728.800
1425	1729.000
1155	1729.100
1465	1729.100
1395	1729.200
1145	1729.500
1695	1729.500
1125	1729.700
1645	1729.700
1055	1729.800
1295	1729.800
1135	1730.100
1555	1730.100
1045	1730.200
1185	1730.300
1725	1730.300
1345	1730.500
1065	1730.600
1075	1730.700
1365	1730.700
1615	1730.700
1035	1730.800
1115	1730.800
1245	1730.800
1655	1730.800
1775	1730.800
1165	1731.000
1015	1731.200
1705	1731.300
1405	1731.500
1525	1731.500
1565	1731.500
1005	1731.600
1355	1731.600
1755	1731.600
1795	1731.700
1575	1731.800
1215	1731.900
1335	1731.900
1085	1732.000
1255	1732.200
1495	1732.200
1385	1732.400
1455	1732.500
1685	1732.500
1275	1732.600
1265	1732.800
1285	1732.800
1485	1732.800
1225	1733.000
1305	1733.000
1315	1733.000
1635	1733.000
1505	1733.100
1605	1733.100
1625	1733.100
1105	1733.300
1765	1733.400
1415	1733.500
1545	1733.600
1595	1733.600
1025	1734.200
1175	1734.200
1095	1734.400
1515	1734.400
1325	1734.600
1675	1734.600
1585	1734.700
1445	1734.800
1715	1734.800
1435	1734.900
1205	1735.000
1375	1735.000
1735	1735.000
1745	1735.000
1195	1735.100
1475	1735.100
1535	1735.100
1785	1735.100
1665	1735.300
1235	1735.700
1395	1735.900
1155	1736.000
1465	1736.000
1425	1736.100
1145	1736.300
1295	1736.300
1125	1736.400
1055	1736.600
1045	1736.700
1695	1736.700
1645	1736.800
1135	1736.900
1555	1736.900
1725	1737.100
1345	1737.200
1185	1737.300
1065	1737.500
1365	1737.500
1115	1737.600
1245	1737.600
1655	1737.600
1035	1737.700
1075	1737.700
1775	1737.700
1015	1737.900
1165	1737.900
1615	1738.000
1705	1738.100
1525	1738.200
1355	1738.300
1405	1738.400
1565	1738.400
1005	1738.500
1755	1738.500
1215	1738.600
1795	1738.600
1085	1738.800
1335	1738.800
1575	1738.800
1255	1739.000
1495	1739.100
1455	1739.300
1275	1739.400
1685	1739.400
1265	1739.500
1285	1739.500
1385	1739.500
1485	1739.500
1635	1739.500
1605	1739.600
1625	1739.700
1225	1739.800
1305	1739.800
1505	1739.900
1105	1740.000
1315	1740.100
1415	1740.200
1765	1740.200
1595	1740.400
1545	1740.600
1175	1741.000
1025	1741.100
1095	1741.200
1325	1741.300
1515	1741.300
1675	1741.300
1445	1741.400
1585	1741.500
1715	1741.500
1375	1741.700
1435	1741.800
1535	1741.800
1745	1741.800
1195	1741.900
1475	1741.900
1665	1741.900
1785	1741.900
1205	1742.000
1735	1742.000
1235	1742.200
1155	1742.700
1395	1742.700
1465	1742.700
1295	1742.900
1125	1743.000
1425	1743.000
1145	1743.100
1045	1743.300
1695	1743.400
1055	1743.600
1645	1743.600
1135	1743.700
1345	1743.800
1555	1743.800
1725	1743.800
1065	1744.100
1185	1744.200
1365	1744.200
1035	1744.300
1245	1744.300
1655	1744.300
1165	1744.400
1775	1744.400
1075	1744.500
1115	1744.500
1015	1744.600
1525	1744.700
1615	1744.700
1355	1744.800
1705	1744.900
1405	1745.100
1215	1745.200
1755	1745.200
1005	1745.300
1565	1745.300
1575	1745.300
1795	1745.300
1085	1745.400
1335	1745.600
1255	1745.800
1495	1745.900
1635	1746.000
1285	1746.100
1455	1746.100
1685	1746.100
1275	1746.200
1485	1746.200
1605	1746.200
1265	1746.300
1385	1746.300
1625	1746.300
1305	1746.500
1105	1746.600
1225	1746.600
1415	1746.800
1505	1746.800
1315	1747.000
1765	1747.100
1595	1747.200
1545	1747.400
1175	1747.600
1025	1747.700
1325	1747.800
1095	1747.900
1675	1747.900
1445	1748.000
1515	1748.200
1585	1748.300
1715	1748.300
1205	1748.500
1375	1748.500
1435	1748.500
1535	1748.500
1195	1748.600
1665	1748.600
1785	1748.600
1235	1748.700
1475	1748.700
1735	1748.700
1745	1748.700
1155	1749.300
1465	1749.300
1125	1749.400
1395	1749.400
1295	1749.600
1425	1749.700
1145	1749.800
1045	1749.900
1695	1750.100
1645	1750.200
1055	1750.300
1345	1750.400
1725	1750.400
1135	1750.500
1555	1750.600
1245	1750.800
1365	1750.800
1035	1750.900
1065	1750.900
1655	1750.900
1185	1751.000
1775	1751.000
1165	1751.100
1525	1751.200
1015	1751.400
1075	1751.400
1115	1751.400
1355	1751.400
1615	1751.400
1215	1751.700
1405	1751.800
1575	1751.800
1705	1751.800
1755	1751.900
1795	1751.900
1005	1752.000
1565	1752.000
1085	1752.100
1335	1752.200
1635	1752.400
1255	1752.500
1495	1752.600
1275	1752.700
1485	1752.700
1455	1752.800
1605	1752.800
1285	1752.900
1625	1752.900
1685	1752.900
1225	1753.100
1265	1753.100
1305	1753.100
1385	1753.100
1105	1753.200
1315	1753.500
1415	1753.600
1505	1753.700
1595	1753.800
1545	1754.000
1765	1754.000
1175	1754.100
1325	1754.400
1025	1754.500
1095	1754.500
1675	1754.500
1445	1754.600
1515	1754.600
1205	1754.900
1715	1754.900
1375	1755.000
1435	1755.000
1585	1755.100
1195	1755.200
1665	1755.200
1235	1755.300
1535	1755.300
1745	1755.300
1735	1755.400
1475	1755.500
1785	1755.500
1155	1755.700
1465	1755.900
1395	1756.100
1125	1756.200
1295	1756.300
1045	1756.400
1425	1756.400
1145	1756.500
1645	1756.700
1695	1756.700
1055	1756.900
1345	1757.000
1135	1757.100
1725	1757.100
1245	1757.200
1365	1757.200
1555	1757.300
1065	1757.400
1035	1757.500
1655	1757.500
1775	1757.600
1165	1757.700
1185	1757.700
1525	1757.700
1615	1757.900
1115	1758.000
1355	1758.000
1015	1758.100
1075	1758.100
1215	1758.300
1005	1758.400
1405	1758.400
1575	1758.400
1565	1758.500
1795	1758.600
1335	1758.700
1635	1758.700
1705	1758.700
1755	1758.700
1085	1759.000
1255	1759.200
1275	1759.200
1485	1759.200
1605	1759.300
1495	1759.400
1455	1759.500
1625	1759.500
1685	1759.500
1305	1759.600
1105	1759.700
1225	1759.800
1285	1759.800
1385	1759.800
1265	1759.900
1315	1760.200
1505	1760.300
1415	1760.500
1595	1760.500
1175	1760.700
1545	1760.700
1325	1760.800
1765	1760.800
1515	1761.000
1675	1761.000
1025	1761.100
1445	1761.100
1095	1761.200
1715	1761.400
1205	1761.500
1375	1761.600
1435	1761.600
1585	1761.700
1665	1761.700
1195	1761.800
1535	1761.800
1735	1761.900
1745	1762.000
1155	1762.200
1235	1762.200
1785	1762.200
1475	1762.300
1465	1762.600
1295	1762.700
1125	1762.800
1395	1762.800
1045	1762.900
1425	1762.900
1145	1763.100
1645	1763.300
1055	1763.600
1135	1763.600
1245	1763.600
1365	1763.600
1695	1763.600
1345	1763.700
1035	1764.000
1065	1764.000
1555	1764.000
1725	1764.000
1185	1764.100
1655	1764.100
1775	1764.200
1165	1764.300
1525	1764.300
1615	1764.300
1115	1764.500
1355	1764.500
1015	1764.700
1075	1764.700
1005	1764.800
1215	1764.900
1405	1764.900
1565	1764.900
1575	1764.900
1635	1765.100
1335	1765.200
1755	1765.200
1705	1765.400
1795	1765.400
1085	1765.800
1275	1765.800
1485	1765.800
1625	1765.800
1605	1765.900
1685	1766.000
1255	1766.100
1305	1766.100
1455	1766.100
1495	1766.100
1105	1766.300
1225	1766.400
1265	1766.400
1385	1766.500
1315	1766.800
1505	1766.800
1285	1767.000
1415	1767.200
1595	1767.200
1175	1767.300
1545	1767.300
1325	1767.400
1515	1767.400
1765	1767.400
1445	1767.500
1675	1767.600
1025	1767.700
1095	1767.900
1205	1768.000
1715	1768.000
1375	1768.100
1435	1768.200
1535	1768.300
1585	1768.300
1665	1768.300
1195	1768.400
1735	1768.500
1745	1768.500
1155	1768.800
1235	1768.800
1785	1768.800
1475	1769.000
1045	1769.300
1295	1769.300
1465	1769.300
1125	1769.400
1395	1769.400
1425	1769.500
1145	1769.700
1645	1769.800
1135	1770.100
1245	1770.100
1365	1770.100
1055	1770.200
1695	1770.200
1345	1770.400
1725	1770.500
1035	1770.600
1065	1770.600
1185	1770.700
1655	1770.700
1555	1770.800
1615	1770.800
1115	1770.900
1525	1770.900
1165	1771.000
1775	1771.000
1015	1771.100
1075	1771.100
1355	1771.300
1575	1771.300
1565	1771.500
1005	1771.600
1335	1771.600
1215	1771.700
1405	1771.700
1635	1771.700
1755	1771.700
1705	1771.900
1625	1772.100
1795	1772.200
1275	1772.300
1605	1772.400
1455	1772.500
1485	1772.500
1685	1772.500
1305	1772.600
1085	1772.700
1105	1772.700
1265	1772.800
1495	1772.900
1225	1773.000
1255	1773.000
1385	1773.200
1315	1773.400
1505	1773.500
1325	1773.800
1595	1773.800
1285	1773.900
1415	1773.900
1515	1773.900
1545	1773.900
1175	1774.000
1765	1774.000
1025	1774.300
1445	1774.300
1675	1774.400
1205	1774.500
1375	1774.600
1715	1774.600
1095	1774.700
1585	1774.700
1535	1774.800
1195	1774.900
1435	1774.900
1665	1774.900
1735	1775.100
1745	1775.100
1155	1775.300
1235	1775.400
1785	1775.500
1475	1775.600
1045	1775.800
1125	1775.800
1295	1775.800
1395	1776.000
1425	1776.000
1465	1776.000
1145	1776.300
1645	1776.300
1055	1776.500
1365	1776.500
1135	1776.600
1245	1776.700
1695	1776.700
1345	1776.900
1035	1777.000
1065	1777.000
1725	1777.000
1185	1777.200
1115	1777.300
1655	1777.300
1525	1777.500
1615	1777.500
1775	1777.500
1075	1777.600
1555	1777.600
1165	1777.700
1015	1777.800
1575	1777.800
1355	1777.900
1335	1778.100
1405	1778.200
1565	1778.200
1215	1778.300
1005	1778.400
1635	1778.400
1755	1778.400
1705	1778.500
1605	1778.700
1625	1778.700
1275	1778.900
1795	1778.900
1455	1779.000
1485	1779.000
1305	1779.200
1685	1779.200
1085	1779.300
1105	1779.300
1265	1779.300
1225	1779.400
1255	1779.600
1315	1779.900
1385	1779.900
1495	1780.000
1505	1780.100
1515	1780.300
1325	1780.400
1415	1780.400
1285	1780.500
1545	1780.500
1595	1780.500
1765	1780.500
1175	1780.600
1025	1780.900
1445	1781.000
1585	1781.000
1675	1781.000
1375	1781.100
1715	1781.100
1095	1781.200
1205	1781.200
1535	1781.300
1665	1781.300
1195	1781.500
1155	1781.700
1435	1781.700
1745	1781.700
1735	1781.800
1235	1782.000
1475	1782.100
1785	1782.100
1125	1782.200
1295	1782.300
1045	1782.400
1425	1782.400
1465	1782.500
1395	1782.600
1145	1782.700
1645	1782.900
1365	1783.000
1055	1783.100
1135	1783.100
1245	1783.300
1345	1783.300
1695	1783.400
1065	1783.500
1035	1783.600
1185	1783.600
1725	1783.700
1115	1783.800
1655	1783.900
1775	1783.900
1615	1784.100
1075	1784.200
1525	1784.200
1555	1784.200
1015	1784.400
1165	1784.400
1355	1784.600
1335	1784.700
1405	1784.700
1575	1784.700
1215	1784.800
1565	1784.800
1635	1785.000
1625	1785.200
1705	1785.200
1755	1785.200
1005	1785.300
1275	1785.300
1605	1785.400
1795	1785.400
1305	1785.600
1485	1785.600
1455	1785.700
1085	1785.800
1265	1785.800
1685	1785.800
1105	1785.900
1225	1786.100
1255	1786.200
1315	1786.400
1385	1786.400
1505	1786.700
1515	1786.700
1495	1786.800
1415	1786.900
1545	1787.100
1765	1787.100
1285	1787.200
1325	1787.200
1175	1787.300
1595	1787.300
1585	1787.400
1445	1787.500
1675	1787.500
1025	1787.600
1375	1787.600
1665	1787.600
1715	1787.600
1205	1787.700
1095	1787.900
1535	1788.000
1155	1788.100
1195	1788.200
1435	1788.200
1235	1788.400
1745	1788.400
1735	1788.500
1125	1788.700
1295	1788.700
1475	1788.700
1785	1788.700
1045	1788.800
1425	1789.100
1395	1789.200
1465	1789.200
1145	1789.300
1055	1789.600
1645	1789.600
1135	1789.700
1245	1789.700
1365	1789.700
1345	1789.800
1185	1790.200
1695	1790.200
1725	1790.200
1065	1790.300
1035	1790.400
1115	1790.400
1775	1790.400
1655	1790.500
1615	1790.600
1525	1790.700
1075	1790.800
1555	1790.800
1165	1791.100
1405	1791.100
1015	1791.200
1215	1791.300
1355	1791.300
1565	1791.300
1575	1791.300
1335	1791.500
1275	1791.700
1625	1791.700
1635	1791.700
1705	1791.700
1755	1791.700
1005	1791.900
1605	1792.000
1795	1792.000
1455	1792.200
1305	1792.300
1685	1792.300
1085	1792.400
1265	1792.400
1485	1792.400
1105	1792.700
1225	1792.800
1255	1792.900
1315	1792.900
1505	1793.200
1515	1793.200
1415	1793.400
1765	1793.500
1385	1793.600
1495	1793.700
1285	1793.800
1545	1793.800
1595	1793.900
1325	1794.000
1175	1794.100
1445	1794.100
1585	1794.100
1675	1794.100
1715	1794.100
1375	1794.200
1665	1794.200
1025	1794.300
1095	1794.400
1205	1794.500
1535	1794.600
1155	1794.700
1195	1794.800
1235	1794.900
1435	1795.000
1735	1795.100
1125	1795.200
1045	1795.300
1475	1795.300
1745	1795.300
1785	1795.300
1295	1795.500
1425	1795.600
1395	1795.800
1465	1795.800
1245	1796.000
1145	1796.100
1055	1796.200
1645	1796.200
1135	1796.300
1365	1796.400
1345	1796.500
1185	1796.700
1725	1796.800
1065	1796.900
1035	1797.000
1115	1797.000
1655	1797.000
1695	1797.000
1775	1797.100
1615	1797.200
1555	1797.300
1075	1797.500
1525	1797.500
1405	1797.600
1015	1797.800
1165	1797.800
1565	1797.800
1575	1797.800
1215	1797.900
1355	1798.000
1635	1798.100
1275	1798.200
1335	1798.300
1705	1798.300
1625	1798.400
1005	1798.500
1795	1798.500
1755	1798.600
1265	1798.800
1455	1798.800
1605	1798.800
1685	1798.800
1305	1798.900
1085	1799.000
1485	1799.200
1105	1799.400
1225	1799.400
1315	1799.400
1255	1799.600
1515	1799.700
1505	1799.800
1765	1799.900
1415	1800.000
1385	1800.400
1595	1800.400
1285	1800.500
1495	1800.500
1545	1800.500
1585	1800.700
1675	1800.700
1715	1800.700
1325	1800.800
1375	1800.800
1175	1800.900
1445	1800.900
1095	1801.100
1155	1801.200
1665	1801.200
1025	1801.300
1205	1801.300
1535	1801.300
1195	1801.400
1235	1801.500
1435	1801.600
1735	1801.700
1745	1801.700
1045	1801.800
1125	1801.800
1295	1802.000
1785	1802.000
1475	1802.100
1395	1802.200
1425	1802.200
1245	1802.400
1465	1802.400
1055	1802.800
1135	1802.800
1145	1802.800
1645	1802.900
1345	1803.000
1365	1803.000
1185	1803.300
1065	1803.400
1725	1803.400
1655	1803.500
1695	1803.500
1115	1803.600
1035	1803.700
1615	1803.700
1775	1803.700
1555	1803.800
1075	1804.000
1405	1804.200
1565	1804.300
1575	1804.300
1525	1804.400
1015	1804.500
1165	1804.500
1215	1804.500
1355	1804.500
1275	1804.700
1635	1804.700
1005	1804.900
1755	1805.100
1795	1805.100
1335	1805.200
1625	1805.200
1705	1805.200
1265	1805.300
1685	1805.300
1305	1805.500
1085	1805.600
1455	1805.600
1605	1805.600
1105	1805.900
1485	1805.900
1225	1806.100
1255	1806.200
1315	1806.200
1505	1806.200
1765	1806.300
1515	1806.400
1415	1806.800
1285	1806.900
1385	1807.100
1495	1807.100
1595	1807.100
1545	1807.200
1585	1807.300
1675	1807.300
1325	1807.400
1445	1807.400
1715	1807.400
1175	1807.500
1375	1807.600
1205	1807.700
1095	1807.800
1665	1807.900
1155	1808.000
1195	1808.000
1025	1808.100
1435	1808.100
1535	1808.100
1235	1808.200
1745	1808.200
1045	1808.300
1735	1808.400
1295	1808.500
1125	1808.600
1395	1808.800
1785	1808.800
1245	1808.900
1425	1808.900
1475	1808.900
1465	1809.200
1135	1809.400
1145	1809.400
1055	1809.500
1345	1809.700
1365	1809.700
1185	1809.900
1725	1809.900
1695	1810.000
1065	1810.100
1645	1810.100
1115	1810.200
1655	1810.200
1035	1810.300
1555	1810.300
1615	1810.300
1775	1810.300
1405	1810.500
1075	1810.600
1565	1810.900
1575	1810.900
1355	1811.000
1015	1811.100
1215	1811.100
1525	1811.100
1165	1811.200
1275	1811.200
1635	1811.300
1005	1811.400
1795	1811.600
1755	1811.700
1705	1811.800
1265	1811.900
1335	1811.900
1625	1812.100
1685	1812.100
1085	1812.200
1305	1812.200
1455	1812.200
1485	1812.300
1105	1812.400
1605	1812.500
1505	1812.600
1255	1812.700
1225	1812.900
1765	1812.900
1315	1813.000
1515	1813.200
1285	1813.600
1415	1813.600
1595	1813.600
1495	1813.700
1385	1813.800
1545	1813.800
1585	1813.800
1175	1813.900
1675	1814.000
1715	1814.000
1325	1814.100
1445	1814.100
1095	1814.400
1205	1814.400
1375	1814.600
1665	1814.600
1195	1814.700
1435	1814.700
1535	1814.700
1025	1814.800
1235	1814.800
1155	1814.900
1045	1815.000
1745	1815.000
1295	1815.100
1125	1815.200
1735	1815.200
1395	1815.300
1245	1815.400
1785	1815.400
1475	1815.500
1425	1815.700
1465	1815.800
1145	1815.900
1055	1816.100
1135	1816.100
1365	1816.300
1185	1816.400
1345	1816.400
1695	1816.400
1065	1816.600
1655	1816.600
1725	1816.600
1555	1816.700
1115	1816.800
1615	1816.800
1775	1816.800
1035	1816.900
1405	1816.900
1645	1816.900
1075	1817.000
1565	1817.300
1575	1817.300
1015	1817.400
1355	1817.400
1215	1817.500
1275	1817.600
1005	1817.800
1525	1817.800
1635	1817.800
1165	1817.900
1795	1818.000
1755	1818.200
1265	1818.300
1335	1818.300
1685	1818.300
1625	1818.400
1705	1818.400
1305	1818.500
1455	1818.500
1105	1818.600
1485	1818.600
1085	1818.800
1505	1818.800
1605	1818.800
1255	1818.900
1225	1819.200
1315	1819.300
1765	1819.300
1515	1819.500
1495	1819.700
1595	1819.700
1285	1819.800
1385	1819.800
1545	1819.900
1175	1820.000
1415	1820.000
1325	1820.100
1585	1820.100
1675	1820.100
1445	1820.200
1715	1820.200
1205	1820.400
1095	1820.500
1375	1820.600
1665	1820.600
1195	1820.700
1435	1820.700
1535	1820.700
1235	1820.800
1025	1820.900
1045	1821.000
1155	1821.000
1745	1821.000
1125	1821.100
1295	1821.100
1735	1821.100
1395	1821.200
1245	1821.300
1785	1821.400
1475	1821.500
1465	1821.700
1145	1821.800
1425	1821.800
1055	1821.900
1135	1822.000
1185	1822.200
1345	1822.200
1365	1822.200
1695	1822.300
1065	1822.400
1725	1822.400
1555	1822.500
1615	1822.600
1655	1822.600
1115	1822.700
1405	1822.700
1645	1822.700
1775	1822.700
1035	1822.800
1075	1822.800
1565	1823.100
1575	1823.100
1015	1823.200
1215	1823.200
1355	1823.300
1275	1823.500
1005	1823.600
1525	1823.600
1635	1823.700
1165	1823.900
1795	1823.900
1335	1824.200
1685	1824.200
1755	1824.200
1265	1824.300
1105	1824.400
1625	1824.400
1705	1824.400
1305	1824.500
1455	1824.500
1485	1824.500
1085	1824.700
1505	1824.800
1605	1824.800
1255	1824.900
1225	1825.200
1315	1825.300
1765	1825.300
1515	1825.500
1495	1825.700
1595	1825.700
1285	1825.800
1385	1825.800
1175	1825.900
1545	1825.900
1415	1826.000
1325	1826.100
1585	1826.100
1675	1826.100
1445	1826.200
1715	1826.200
1205	1826.300
1095	1826.500
1375	1826.500
1665	1826.500
1535	1826.600
1195	1826.700
1235	1826.700
1435	1826.700
1025	1826.900
1045	1826.900
1125	1827.000
1155	1827.000
1745	1827.000
1295	1827.100
1735	1827.100
1245	1827.200
1395	1827.200
1785	1827.500
1475	1827.600
1145	1827.700
1055	1827.800
1465	1827.800
1425	1827.900
1135	1828.000
1185	1828.100
1345	1828.200
1365	1828.200
1695	1828.200
1725	1828.400
1065	1828.500
1555	1828.500
1615	1828.500
1645	1828.600
1075	1828.700
1655	1828.700
1035	1828.800
1115	1828.800
1405	1828.800
1775	1828.800
1215	1829.000
1015	1829.100
1565	1829.100
1575	1829.100
1355	1829.200
1275	1829.500
1525	1829.500
1005	1829.600
1635	1829.600
1165	1829.900
1795	1829.900
1335	1830.100
1685	1830.100
1755	1830.200
1105	1830.300
1265	1830.300
1625	1830.300
1485	1830.400
1705	1830.400
1305	1830.500
1455	1830.500
1085	1830.600
1505	1830.700
1605	1830.700
1255	1830.800
1225	1831.100
1315	1831.200
1765	1831.200
1515	1831.300
1595	1831.500
1285	1831.600
1385	1831.600
1495	1831.600
1175	1831.700
1545	1831.800
1585	1831.900
1325	1832.000
1415	1832.000
1445	1832.000
1675	1832.000
1715	1832.000
1205	1832.100
1375	1832.300
1665	1832.300
1095	1832.400
1535	1832.400
1195	1832.500
1235	1832.500
1435	1832.500
1045	1832.700
1025	1832.800
1125	1832.800
1155	1832.800
1745	1832.800
1245	1832.900
1735	1832.900
1295	1833.000
1395	1833.100
1785	1833.400
1145	1833.500
1475	1833.500
1055	1833.600
1425	1833.800
1465	1833.800
1135	1833.900
1185	1834.000
1345	1834.100
1365	1834.100
1695	1834.100
1615	1834.300
1725	1834.300
1065	1834.400
1555	1834.400
1645	1834.400
1075	1834.600
1115	1834.700
1405	1834.700
1655	1834.700
1775	1834.700
1035	1834.800
1215	1834.800
1015	1835.000
1565	1835.000
1575	1835.000
1355	1835.100
1275	1835.400
1525	1835.400
1005	1835.500
1635	1835.600
1795	1835.800
1165	1836.000
1105	1836.100
1335	1836.100
1685	1836.100
1265	1836.300
1485	1836.300
1755	1836.300
1625	1836.400
1305	1836.500
1455	1836.500
1705	1836.500
1085	1836.600
1605	1836.700
1255	1836.800
1505	1836.800
1225	1837.000
1315	1837.200
1515	1837.300
1765	1837.300
1595	1837.500
1285	1837.600
1385	1837.600
1495	1837.600
1175	1837.700
1545	1837.700
1325	1838.000
1445	1838.000
1585	1838.000
1715	1838.000
1205	1838.100
1415	1838.100
1675	1838.100
1375	1838.300
1665	1838.300
1095	1838.400
1535	1838.400
1195	1838.600
1235	1838.600
1435	1838.600
1045	1838.700
1025	1838.800
1125	1838.800
1155	1838.800
1245	1838.800
1735	1838.800
1745	1838.800
1295	1839.100
1395	1839.200
1145	1839.400
1785	1839.400
1475	1839.500
1055	1839.600
1425	1839.800
1465	1839.900
1135	1840.000
1185	1840.000
1345	1840.100
1365	1840.100
1695	1840.100
1615	1840.200
1725	1840.200
1065	1840.300
1555	1840.400
1645	1840.400
1075	1840.500
1215	1840.600
1035	1840.700
1775	1840.700
1115	1840.800
1405	1840.800
1655	1840.800
1015	1840.900
1575	1840.900
1565	1841.000
1355	1841.100
1275	1841.300
1525	1841.300
1005	1841.500
1635	1841.600
1795	1841.800
1105	1842.000
1165	1842.000
1335	1842.100
1685	1842.100
1485	1842.300
1755	1842.300
1265	1842.400
1625	1842.400
1085	1842.500
1455	1842.500
1705	1842.500
1305	1842.600
1255	1842.700
1605	1842.700
1505	1842.800
1225	1842.900
1315	1843.100
1515	1843.200
1765	1843.200
1595	1843.400
1285	1843.500
1175	1843.600
1385	1843.600
1495	1843.600
1545	1843.600
1445	1843.900
1715	1843.900
1205	1844.000
1325	1844.000
1585	1844.000
1375	1844.100
1675	1844.100
1415	1844.200
1665	1844.200
1535	1844.300
1095	1844.400
1235	1844.400
1435	1844.500
1195	1844.600
1245	1844.600
1735	1844.600
1045	1844.700
1125	1844.700
1155	1844.700
1745	1844.700
1025	1844.800
1295	1845.000
1395	1845.100
1145	1845.300
1785	1845.300
1055	1845.400
1475	1845.400
1425	1845.700
1135	1845.900
1465	1845.900
1185	1846.000
1345	1846.000
1615	1846.000
1695	1846.000
1365	1846.100
1065	1846.200
1725	1846.200
1555	1846.300
1645	1846.300
1075	1846.400
1215	1846.400
1035	1846.600
1775	1846.600
1015	1846.800
1115	1846.800
1405	1846.800
1575	1846.800
1565	1846.900
1655	1846.900
1355	1847.100
1275	1847.200
1525	1847.200
1005	1847.500
1635	1847.700
1795	1847.800
1105	1847.900
1165	1848.100
1335	1848.100
1685	1848.100
1265	1848.400
1485	1848.400
1625	1848.400
1755	1848.400
1455	1848.500
1085	1848.600
1305	1848.600
1705	1848.600
1605	1848.700
1255	1848.800
1225	1848.900
1505	1848.900
1515	1849.100
1315	1849.200
1765	1849.300
1285	1849.500
1595	1849.500
1175	1849.600
1385	1849.600
1495	1849.600
1545	1849.600
1445	1849.800
1715	1849.900
1205	1850.000
1325	1850.100
1375	1850.100
1585	1850.100
1665	1850.200
1675	1850.200
1535	1850.300
1235	1850.400
1415	1850.400
1095	1850.500
1245	1850.500
1195	1850.600
1435	1850.600
1735	1850.600
1125	1850.700
1155	1850.700
1745	1850.700
1025	1850.800
1045	1850.800
1295	1851.100
1395	1851.200
1785	1851.300
1055	1851.400
1145	1851.400
1475	1851.400
1425	1851.700
1135	1851.900
1465	1851.900
1185	1852.000
1345	1852.000
1615	1852.000
1695	1852.000
1065	1852.200
1365	1852.200
1725	1852.200
1215	1852.300
1645	1852.300
1075	1852.400
1555	1852.400
1035	1852.600
1575	1852.700
1775	1852.700
1015	1852.800
1115	1852.800
1405	1852.900
1565	1852.900
1655	1853.000
1275	1853.200
1355	1853.300
1525	1853.300
1005	1853.500
1105	1853.800
1635	1853.800
1795	1853.800
1335	1854.000
1165	1854.100
1685	1854.100
1265	1854.400
1485	1854.400
1625	1854.400
1455	1854.500
1755	1854.500
1305	1854.600
1705	1854.600
1085	1854.700
1605	1854.700
1225	1854.800
1255	1854.800
1505	1854.800
1515	1855.000
1315	1855.200
1765	1855.200
1285	1855.400
1595	1855.400
1175	1855.500
1385	1855.500
1545	1855.500
1445	1855.700
1495	1855.700
1715	1855.800
1205	1855.900
1375	1856.000
1585	1856.000
1325	1856.100
1665	1856.100
1675	1856.100
1235	1856.200
1535	1856.200
1245	1856.400
1415	1856.400
1735	1856.400
1095	1856.500
1155	1856.500
1195	1856.500
1435	1856.500
1125	1856.600
1745	1856.600
1025	1856.700
1045	1856.700
1295	1857.000
1395	1857.100
1055	1857.200
1785	1857.200
1145	1857.300
1475	1857.300
1425	1857.600
1135	1857.900
1185	1857.900
1345	1857.900
1465	1857.900
1615	1857.900
1695	1857.900
1365	1858.100
1725	1858.100
1065	1858.200
1215	1858.200
1645	1858.200
1075	1858.300
1555	1858.300
1035	1858.600
1015	1858.700
1115	1858.700
1575	1858.700
1775	1858.700
1405	1858.800
1565	1858.800
1655	1859.000
1275	1859.200
1525	1859.200
1355	1859.400
1005	1859.500
1105	1859.700
1795	1859.700
1635	1859.800
1335	1859.900
1165	1860.100
1685	1860.100
1485	1860.300
1265	1860.400
1455	1860.500
1625	1860.500
1755	1860.500
1305	1860.600
1085	1860.700
1225	1860.700
1605	1860.700
1705	1860.700
1255	1860.800
1505	1860.800
1515	1861.000
1765	1861.200
1285	1861.300
1315	1861.300
1595	1861.400
1385	1861.500
1545	1861.500
1175	1861.600
1445	1861.700
1715	1861.700
1495	1861.800
1205	1861.900
1585	1862.000
1235	1862.100
1375	1862.100
1665	1862.100
1675	1862.100
1325	1862.200
1535	1862.200
1735	1862.300
1195	1862.400
1245	1862.400
1155	1862.500
1415	1862.500
1095	1862.600
1125	1862.600
1435	1862.600
1745	1862.600
1045	1862.700
1025	1862.800
1295	1863.000
1055	1863.100
1395	1863.100
1785	1863.200
1145	1863.300
1475	1863.300
1425	1863.700
1135	1863.900
1185	1863.900
1345	1863.900
1465	1863.900
1615	1863.900
1695	1864.000
1725	1864.000
1215	1864.200
1365	1864.200
1645	1864.200
1065	1864.300
1555	1864.300
1075	1864.400
1015	1864.600
1035	1864.700
1575	1864.700
1115	1864.800
1405	1864.800
1775	1864.800
1565	1864.900
1655	1865.100
1275	1865.200
1525	1865.200
1005	1865.500
1355	1865.500
1105	1865.600
1795	1865.700
1335	1865.800
1635	1865.800
1165	1866.100
1685	1866.100
1265	1866.400
1455	1866.400
1485	1866.400
1755	1866.500
1305	1866.600
1625	1866.600
1085	1866.700
1225	1866.700
1605	1866.700
1255	1866.800
1505	1866.800
1705	1866.800
1515	1867.000
1765	1867.200
1285	1867.300
1315	1867.300
1545	1867.400
1595	1867.400
1385	1867.500
1445	1867.600
1175	1867.700
1715	1867.700
1205	1867.800
1495	1867.800
1235	1868.000
1375	1868.000
1585	1868.000
1665	1868.000
1535	1868.100
1325	1868.200
1675	1868.200
1735	1868.200
1245	1868.300
1155	1868.400
1195	1868.400
1095	1868.600
1125	1868.600
1415	1868.600
1435	1868.600
1745	1868.600
1025	1868.700
1045	1868.700
1055	1869.000
1295	1869.000
1395	1869.100
1145	1869.200
1475	1869.200
1785	1869.200
1425	1869.600
1345	1869.800
1135	1869.900
1185	1869.900
1465	1869.900
1615	1869.900
1215	1870.000
1695	1870.000
1725	1870.000
1365	1870.200
1645	1870.200
1065	1870.300
1555	1870.300
1075	1870.400
1015	1870.500
1035	1870.700
1405	1870.700
1575	1870.700
1775	1870.700
1115	1870.900
1565	1870.900
1525	1871.100
1655	1871.100
1275	1871.200
1005	1871.400
1105	1871.500
1355	1871.500
1795	1871.600
1335	1871.800
1635	1871.800
1165	1872.100
1685	1872.100
1265	1872.300
1455	1872.400
1485	1872.400
1755	1872.500
1625	1872.600
1085	1872.700
1225	1872.700
1305	1872.700
1505	1872.700
1605	1872.700
1255	1872.800
1705	1872.800
1515	1873.000
1765	1873.100
1285	1873.200
1315	1873.300
1545	1873.300
1595	1873.300
1385	1873.500
1445	1873.500
1715	1873.600
1175	1873.700
1205	1873.700
1495	1873.800
1235	1873.900
1375	1874.000
1535	1874.000
1585	1874.000
1665	1874.000
1245	1874.200
1675	1874.200
1735	1874.200
1155	1874.300
1325	1874.300
1195	1874.400
1095	1874.600
1125	1874.600
1415	1874.600
1745	1874.600
1025	1874.700
1045	1874.700
1435	1874.700
1055	1874.800
1295	1875.000
1475	1875.100
1145	1875.200
1395	1875.200
1785	1875.200
1425	1875.600
1215	1875.800
1345	1875.800
1615	1875.800
1135	1875.900
1185	1875.900
1725	1875.900
1465	1876.000
1695	1876.000
1645	1876.100
1365	1876.200
1555	1876.300
1015	1876.400
1065	1876.400
1075	1876.400
1035	1876.600
1405	1876.600
1575	1876.600
1775	1876.600
1565	1876.800
1115	1876.900
1525	1877.100
1275	1877.200
1655	1877.200
1005	1877.400
1105	1877.400
1795	1877.500
1355	1877.600
1335	1877.700
1635	1877.800
1165	1878.100
1685	1878.100
1265	1878.200
1455	1878.300
1485	1878.400
1085	1878.600
1305	1878.600
1625	1878.600
1755	1878.600
1225	1878.700
1505	1878.700
1605	1878.700
1255	1878.800
1705	1878.800
1515	1878.900
1765	1879.000
1285	1879.200
1315	1879.200
1545	1879.200
1595	1879.200
1445	1879.400
1385	1879.500
1715	1879.500
1205	1879.600
1175	1879.700
1235	1879.700
1495	1879.700
1375	1879.800
1665	1879.800
1535	1879.900
1585	1880.000
1245	1880.100
1675	1880.100
1735	1880.100
1155	1880.200
1325	1880.200
1195	1880.300
1125	1880.500
1025	1880.600
1045	1880.600
1095	1880.600
1415	1880.600
1435	1880.600
1745	1880.600
1055	1880.700
1295	1880.900
1475	1881.000
1145	1881.100
1785	1881.100
1395	1881.200
1425	1881.500
1215	1881.700
1345	1881.700
1615	1881.700
1135	1881.800
1725	1881.800
1185	1881.900
1645	1881.900
1465	1882.000
1695	1882.000
1015	1882.200
1365	1882.200
1555	1882.200
1075	1882.300
1035	1882.400
1065	1882.400
1405	1882.500
1575	1882.500
1775	1882.500
1565	1882.600
1115	1882.800
1525	1883.000
1275	1883.100
1105	1883.200
1655	1883.200
1005	1883.300
1795	1883.400
1335	1883.600
1355	1883.600
1635	1883.800
1165	1884.000
1685	1884.000
1265	1884.100
1455	1884.300
1485	1884.300
1085	1884.500
1305	1884.500
1225	1884.600
1505	1884.600
1625	1884.600
1755	1884.600
1255	1884.700
1605	1884.700
1515	1884.800
1705	1884.800
1765	1884.800
1285	1885.100
1315	1885.100
1595	1885.100
1545	1885.200
1445	1885.300
1715	1885.400
1205	1885.500
1235	1885.500
1385	1885.500
1495	1885.600
1175	1885.700
1375	1885.700
1665	1885.700
1535	1885.800
1245	1886.000
1585	1886.000
1675	1886.000
1735	1886.000
1155	1886.100
1195	1886.200
1325	1886.200
1045	1886.400
1125	1886.400
1025	1886.500
1055	1886.500
1095	1886.500
1435	1886.500
1415	1886.600
1745	1886.600
1295	1886.800
1145	1887.000
1475	1887.000
1395	1887.100
1785	1887.100
1425	1887.400
1215	1887.500
1345	1887.600
1615	1887.600
1135	1887.700
1725	1887.700
1645	1887.800
1185	1887.900
1465	1887.900
1695	1887.900
1015	1888.000
1365	1888.100
1555	1888.100
1075	1888.200
1035	1888.300
1065	1888.300
1405	1888.400
1575	1888.400
1775	1888.400
1565	1888.500
1115	1888.700
1275	1888.900
1525	1888.900
1105	1889.000
1005	1889.200
1655	1889.200
1795	1889.300
1335	1889.600
1355	1889.600
1635	1889.700
1685	1889.900
1165	1890.000
1265	1890.000
1455	1890.200
1485	1890.200
1085	1890.400
1305	1890.400
1225	1890.500
1505	1890.500
1625	1890.500
1755	1890.500
1255	1890.600
1765	1890.600
1515	1890.700
1605	1890.700
1705	1890.700
1285	1891.000
1595	1891.000
1545	1891.100
1315	1891.200
1445	1891.200
1235	1891.300
1715	1891.300
1205	1891.400
1385	1891.400
1495	1891.400
1175	1891.600
1375	1891.600
1535	1891.600
1665	1891.600
1245	1891.800
1585	1891.900
1675	1891.900
1735	1891.900
1155	1892.000
1195	1892.100
1325	1892.100
1045	1892.300
1055	1892.300
1125	1892.300
1025	1892.400
1435	1892.400
1095	1892.500
1745	1892.500
1295	1892.600
1415	1892.600
1145	1892.800
1475	1892.900
1395	1893.000
1785	1893.100
1215	1893.300
1425	1893.300
1345	1893.500
1615	1893.500
1725	1893.500
1135	1893.600
1645	1893.600
1465	1893.700
1015	1893.800
1185	1893.900
1695	1893.900
1365	1894.000
1555	1894.000
1075	1894.100
1035	1894.200
1065	1894.300
1405	1894.300
1575	1894.300
1565	1894.400
1775	1894.400
1115	1894.600
1105	1894.800
1275	1894.800
1525	1894.800
1005	1895.100
1655	1895.200
1795	1895.200
1335	1895.500
1355	1895.500
1635	1895.600
1685	1895.800
1165	1895.900
1265	1895.900
1455	1896.100
1485	1896.100
1085	1896.300
1225	1896.300
1305	1896.300
1505	1896.400
1625	1896.400
1765	1896.400
1255	1896.500
1755	1896.500
1515	1896.600
1605	1896.600
1705	1896.700
1285	1896.900
1595	1896.900
1545	1897.000
1235	1897.100
1445	1897.100
1205	1897.300
1315	1897.300
1385	1897.300
1495	1897.300
1715	1897.300
1375	1897.400
1175	1897.500
1535	1897.500
1665	1897.500
1245	1897.600
1735	1897.700
1155	1897.800
1585	1897.800
1675	1897.800
1195	1898.000
1325	1898.000
1055	1898.100
1045	1898.200
1125	1898.200
1025	1898.300
1435	1898.300
1095	1898.400
1745	1898.400
1295	1898.500
1415	1898.500
1145	1898.600
1475	1898.700
1395	1898.900
1785	1899.000
1215	1899.100
1425	1899.200
1345	1899.300
1615	1899.300
1725	1899.300
1135	1899.500
1465	1899.500
1645	1899.500
1015	1899.600
1365	1899.800
1695	1899.800
1075	1899.900
1185	1899.900
1555	1899.900
1035	1900.100
1575	1900.100
1065	1900.200
1405	1900.200
1565	1900.200
1775	1900.300
1115	1900.500
1105	1900.600
1275	1900.600
1525	1900.700
1005	1900.900
1795	1901.000
1655	1901.200
1335	1901.400
1355	1901.400
1635	1901.500
1165	1901.700
1685	1901.700
1265	1901.800
1455	1902.000
1485	1902.000
1225	1902.100
1085	1902.200
1305	1902.200
1765	1902.200
1255	1902.300
1505	1902.300
1605	1902.400
1625	1902.400
1515	1902.500
1755	1902.500
1285	1902.700
1705	1902.700
1545	1902.800
1595	1902.800
1235	1902.900
1445	1903.000
1205	1903.200
1385	1903.200
1495	1903.200
1715	1903.200
1315	1903.300
1375	1903.300
1665	1903.300
1175	1903.400
1245	1903.400
1535	1903.400
1155	1903.600
1735	1903.600
1675	1903.700
1195	1903.800
1585	1903.800
1055	1903.900
1045	1904.000
1325	1904.000
1025	1904.100
1125	1904.100
1435	1904.200
1095	1904.300
1745	1904.300
1295	1904.400
1145	1904.500
1415	1904.500
1475	1904.600
1215	1904.800
1395	1904.800
1785	1904.900
1345	1905.100
1425	1905.100
1615	1905.100
1725	1905.100
1645	1905.300
1015	1905.400
1135	1905.400
1465	1905.400
1365	1905.600
1075	1905.700
1555	1905.700
1695	1905.700
1185	1905.800
1035	1906.000
1405	1906.000
1565	1906.000
1575	1906.000
1065	1906.100
1775	1906.200
1105	1906.400
1115	1906.400
1275	1906.500
1525	1906.500
1005	1906.700
1795	1906.800
1655	1907.200
1335	1907.300
1355	1907.300
1635	1907.300
1685	1907.500
1165	1907.600
1265	1907.600
1225	1907.900
1455	1907.900
1485	1907.900
1085	1908.000
1765	1908.000
1305	1908.100
1255	1908.200
1505	1908.200
1605	1908.300
1625	1908.300
1515	1908.400
1755	1908.400
1285	1908.500
1545	1908.600
1595	1908.600
1705	1908.600
1235	1908.700
1445	1908.800
1205	1909.000
1385	1909.100
1495	1909.100
1665	1909.100
1715	1909.100
1245	1909.200
1315	1909.200
1375	1909.200
1535	1909.200
1175	1909.300
1155	1909.400
1735	1909.400
1675	1909.500
1195	1909.600
1055	1909.700
1585	1909.700
1045	1909.800
1125	1909.900
1325	1909.900
1025	1910.000
1435	1910.100
1745	1910.100
1095	1910.200
1145	1910.300
1295	1910.300
1215	1910.500
1415	1910.500
1475	1910.500
1395	1910.800
1785	1910.800
1345	1910.900
1615	1910.900
1725	1910.900
1425	1911.000
1645	1911.100
1015	1911.200
1135	1911.300
1465	1911.300
1365	1911.400
1075	1911.500
1555	1911.500
1695	1911.500
1185	1911.700
1405	1911.800
1035	1911.900
1565	1911.900
1575	1911.900
1065	1912.000
1775	1912.000
1105	1912.200
1115	1912.300
1275	1912.300
1525	1912.300
1005	1912.500
1795	1912.600
1335	1913.100
1635	1913.100
1355	1913.200
1655	1913.200
1685	1913.300
1165	1913.500
1265	1913.500
1485	1913.700
1225	1913.800
1455	1913.800
1085	1913.900
1765	1913.900
1305	1914.000
1255	1914.100
1505	1914.100
1625	1914.100
1605	1914.200
1755	1914.200
1285	1914.300
1515	1914.300
1595	1914.400
1705	1914.400
1235	1914.500
1545	1914.500
1445	1914.600
1205	1914.800
1385	1914.900
1495	1914.900
1535	1914.900
1665	1914.900
1715	1914.900
1245	1915.000
1375	1915.000
1315	1915.100
1155	1915.200
1175	1915.200
1735	1915.200
1675	1915.300
1195	1915.400
1055	1915.500
1045	1915.600
1585	1915.600
1125	1915.800
1325	1915.800
1025	1915.900
1435	1915.900
1745	1915.900
1095	1916.000
1145	1916.000
1295	1916.200
1215	1916.300
1415	1916.400
1475	1916.400
1345	1916.700
1395	1916.700
1615	1916.700
1725	1916.700
1785	1916.700
1425	1916.900
1645	1916.900
1015	1917.000
1135	1917.200
1365	1917.200
1465	1917.200
1075	1917.300
1555	1917.300
1695	1917.300
1185	1917.500
1405	1917.600
1035	1917.700
1575	1917.700
1565	1917.800
1105	1917.900
1775	1917.900
1065	1918.000
1115	1918.100
1275	1918.100
1525	1918.100
1005	1918.300
1795	1918.500
1335	1918.900
1355	1919.000
1635	1919.000
1655	1919.200
1685	1919.200
1165	1919.400
1265	1919.400
1485	1919.600
1225	1919.700
1455	1919.700
1085	1919.800
1305	1919.900
1625	1919.900
1765	1919.900
1255	1920.100
1505	1920.100
1605	1920.100
1285	1920.200
1515	1920.200
1595	1920.200
1755	1920.200
1545	1920.300
1705	1920.300
1235	1920.400
1445	1920.400
1205	1920.600
1385	1920.700
1535	1920.700
1665	1920.700
1245	1920.800
1375	1920.800
1495	1920.800
1715	1920.800
1155	1921.000
1315	1921.000
1735	1921.000
1175	1921.100
1195	1921.200
1675	1921.200
1055	1921.300
1045	1921.500
1585	1921.500
1125	1921.600
1325	1921.600
1025	1921.700
1145	1921.700
1435	1921.700
1745	1921.800
1095	1921.900
1215	1922.000
1295	1922.000
1415	1922.200
1475	1922.300
1345	1922.500
1615	1922.500
1725	1922.500
1785	1922.500
1395	1922.600
1645	1922.700
1015	1922.800
1425	1922.800
1075	1923.000
1365	1923.000
1135	1923.100
1465	1923.100
1555	1923.100
1695	1923.100
1185	1923.300
1405	1923.400
1035	1923.500
1575	1923.500
1105	1923.600
1565	1923.600
1775	1923.800
1065	1923.900
1115	1923.900
1275	1923.900
1525	1923.900
1005	1924.100
1795	1924.400
1335	1924.700
1355	1924.800
1635	1924.800
1685	1925.100
1165	1925.200
1655	1925.200
1265	1925.300
1485	1925.400
1225	1925.500
1455	1925.500
1085	1925.700
1765	1925.700
1305	1925.800
1625	1925.800
1605	1925.900
1255	1926.000
1285	1926.000
1505	1926.000
1595	1926.000
1515	1926.100
1545	1926.100
1755	1926.100
1235	1926.200
1445	1926.200
1705	1926.200
1205	1926.400
1535	1926.500
1665	1926.500
1245	1926.600
1375	1926.600
1385	1926.600
1715	1926.700
1155	1926.800
1495	1926.800
1735	1926.800
1175	1926.900
1315	1926.900
1195	1927.000
1055	1927.100
1675	1927.100
1045	1927.300
1325	1927.400
1585	1927.400
1025	1927.500
1125	1927.500
1145	1927.500
1435	1927.500
1215	1927.700
1745	1927.700
1095	1927.800
1295	1927.900
1415	1928.100
1345	1928.300
1475	1928.300
1615	1928.300
1725	1928.300
1395	1928.400
1785	1928.400
1015	1928.500
1645	1928.500
1425	1928.600
1075	1928.800
1365	1928.800
1135	1928.900
1555	1928.900
1695	1928.900
1465	1929.000
1185	1929.100
1405	1929.200
1105	1929.300
1575	1929.300
1035	1929.400
1565	1929.400
1775	1929.600
1115	1929.700
1275	1929.700
1525	1929.700
1065	1929.800
1005	1929.900
1795	1930.200
1335	1930.500
1355	1930.600
1635	1930.600
1685	1930.900
1165	1931.000
1485	1931.200
1655	1931.200
1225	1931.300
1265	1931.300
1455	1931.300
1085	1931.600
1605	1931.600
1625	1931.600
1765	1931.600
1305	1931.700
1255	1931.800
1285	1931.800
1505	1931.800
1595	1931.800
1445	1931.900
1515	1931.900
1545	1931.900
1235	1932.000
1755	1932.000
1705	1932.100
1205	1932.200
1535	1932.200
1385	1932.300
1665	1932.300
1245	1932.400
1375	1932.400
1715	1932.500
1735	1932.500
1155	1932.600
1175	1932.700
1195	1932.700
1315	1932.700
1495	1932.700
1055	1932.900
1675	1932.900
1045	1933.100
1025	1933.300
1125	1933.300
1145	1933.300
1325	1933.300
1435	1933.300
1585	1933.300
1215	1933.400
1745	1933.600
1095	1933.700
1295	1933.700
1415	1933.900
1345	1934.100
1615	1934.100
1725	1934.100
1475	1934.200
1015	1934.300
1395	1934.300
1645	1934.300
1785	1934.300
1425	1934.400
1075	1934.600
1365	1934.600
1135	1934.700
1555	1934.700
1695	1934.700
1185	1934.900
1465	1934.900
1105	1935.000
1405	1935.000
1575	1935.100
1565	1935.200
1035	1935.300
1775	1935.400
1115	1935.500
1275	1935.500
1525	1935.500
1065	1935.600
1005	1935.700
1795	1936.000
1335	1936.400
1355	1936.400
1635	1936.400
1165	1936.800
1685	1936.800
1225	1937.100
1265	1937.100
1455	1937.100
1485	1937.100
1655	1937.100
1085	1937.400
1605	1937.400
1625	1937.400
1765	1937.400
1305	1937.500
1255	1937.600
1285	1937.600
1445	1937.600
1505	1937.600
1595	1937.600
1235	1937.700
1515	1937.700
1545	1937.700
1205	1937.900
1535	1937.900
1705	1937.900
1755	1937.900
1385	1938.000
1665	1938.100
1245	1938.200
1375	1938.200
1715	1938.300
1735	1938.300
1155	1938.400
1175	1938.500
1195	1938.500
1315	1938.500
1495	1938.500
1055	1938.600
1675	1938.700
1045	1938.900
1145	1939.000
1435	1939.000
1025	1939.100
1125	1939.100
1215	1939.100
1585	1939.100
1325	1939.200
1745	1939.400
1095	1939.500
1295	1939.500
1415	1939.800
1345	1939.900
1615	1939.900
1725	1939.900
1015	1940.000
1475	1940.000
1645	1940.000
1395	1940.100
1785	1940.100
1425	1940.200
1075	1940.400
1365	1940.400
1135	1940.500
1555	1940.500
1695	1940.500
1105	1940.700
1465	1940.700
1185	1940.800
1405	1940.800
1575	1940.900
1565	1941.000
1035	1941.200
1775	1941.200
1115	1941.300
1275	1941.300
1525	1941.300
1065	1941.400
1005	1941.500
1795	1941.800
1335	1942.200
1355	1942.300
1635	1942.300
1165	1942.600
1685	1942.600
1225	1942.900
1265	1942.900
1455	1942.900
1485	1942.900
1655	1943.100
1085	1943.200
1605	1943.200
1625	1943.200
1765	1943.200
1305	1943.300
1255	1943.400
1285	1943.400
1445	1943.400
1595	1943.400
1235	1943.500
1505	1943.500
1515	1943.500
1545	1943.500
1205	1943.600
1535	1943.700
1705	1943.700
1385	1943.800
1755	1943.800
1245	1943.900
1375	1943.900
1665	1943.900
1715	1944.100
1735	1944.100
1155	1944.200
1055	1944.300
1175	1944.300
1195	1944.300
1315	1944.400
1495	1944.400
1675	1944.500
1145	1944.700
1045	1944.800
1215	1944.800
1435	1944.800
1025	1944.900
1125	1944.900
1585	1944.900
1325	1945.000
1745	1945.200
1095	1945.300
1295	1945.300
1345	1945.700
1415	1945.700
1615	1945.700
1645	1945.700
1725	1945.700
1015	1945.800
1475	1945.800
1785	1945.900
1395	1946.000
1425	1946.000
1075	1946.100
1365	1946.200
1135	1946.300
1555	1946.300
1695	1946.300
1105	1946.400
1465	1946.500
1405	1946.600
1185	1946.700
1575	1946.700
1565	1946.800
1035	1947.000
1775	1947.000
1115	1947.100
1275	1947.100
1525	1947.100
1065	1947.200
1005	1947.300
1795	1947.600
1335	1948.000
1355	1948.200
1635	1948.200
1165	1948.400
1685	1948.500
1225	1948.700
1265	1948.700
1455	1948.700
1485	1948.700
1085	1949.000
1605	1949.000
1625	1949.000
1655	1949.000
1765	1949.000
1305	1949.100
1255	1949.200
1285	1949.200
1445	1949.200
1595	1949.200
1235	1949.300
1505	1949.300
1515	1949.300
1545	1949.300
1205	1949.400
1535	1949.500
1705	1949.500
1375	1949.600
1385	1949.600
1245	1949.700
1665	1949.700
1755	1949.700
1715	1949.900
1735	1949.900
1155	1950.000
1055	1950.100
1175	1950.100
1195	1950.100
1315	1950.200
1495	1950.200
1675	1950.300
1145	1950.400
1215	1950.500
1045	1950.600
1435	1950.600
1025	1950.700
1125	1950.700
1585	1950.700
1325	1950.800
1745	1951.000
1095	1951.100
1295	1951.100
1645	1951.400
1345	1951.500
1615	1951.500
1725	1951.500
1015	1951.600
1415	1951.600
1475	1951.600
1785	1951.700
1075	1951.800
1395	1951.900
1425	1951.900
1365	1952.000
1105	1952.100
1135	1952.100
1555	1952.100
1695	1952.100
1465	1952.300
1405	1952.400
1575	1952.400
1185	1952.600
1565	1952.600
1035	1952.800
1525	1952.800
1775	1952.800
1115	1952.900
1275	1953.000
1005	1953.100
1065	1953.100
1795	1953.400
1335	1953.700
1355	1954.000
1635	1954.100
1165	1954.200
1685	1954.300
1225	1954.500
1265	1954.500
1455	1954.500
1485	1954.500
1085	1954.800
1605	1954.800
1625	1954.800
1765	1954.800
1305	1954.900
1655	1954.900
1255	1955.000
1285	1955.000
1445	1955.000
1595	1955.000
1235	1955.100
1505	1955.100
1515	1955.100
1545	1955.100
1205	1955.200
1535	1955.300
1705	1955.300
1375	1955.400
1385	1955.400
1665	1955.400
1245	1955.500
1735	1955.700
1755	1955.700
1155	1955.800
1715	1955.800
1055	1955.900
1195	1955.900
1175	1956.000
1315	1956.100
1495	1956.100
1145	1956.200
1215	1956.200
1675	1956.200
1045	1956.400
1435	1956.400
1025	1956.500
1125	1956.500
1585	1956.500
1325	1956.600
1745	1956.800
1295	1956.900
1095	1957.000
1645	1957.200
1345	1957.300
1615	1957.300
1725	1957.300
1015	1957.400
1475	1957.400
1075	1957.500
1415	1957.500
1785	1957.500
1425	1957.700
1105	1957.800
1135	1957.800
1365	1957.800
1395	1957.800
1555	1957.900
1695	1957.900
1465	1958.100
1405	1958.200
1575	1958.200
1565	1958.400
1185	1958.500
1525	1958.500
1035	1958.600
1775	1958.600
1115	1958.700
1275	1958.800
1005	1958.900
1065	1959.000
1795	1959.200
1335	1959.400
1355	1959.800
1635	1960.000
1165	1960.100
1685	1960.100
1225	1960.200
1265	1960.300
1455	1960.300
1485	1960.300
1765	1960.500
1085	1960.600
1605	1960.600
1285	1960.700
1305	1960.700
1445	1960.700
1625	1960.700
1255	1960.800
1595	1960.800
1655	1960.800
1205	1960.900
1235	1960.900
1505	1960.900
1515	1960.900
1545	1960.900
1535	1961.100
1665	1961.100
1245	1961.200
1375	1961.200
1385	1961.200
1705	1961.200
1735	1961.500
1055	1961.600
1155	1961.600
1715	1961.600
1755	1961.600
1195	1961.700
1175	1961.800
1215	1961.800
1315	1961.900
1145	1962.000
1495	1962.000
1675	1962.000
1045	1962.200
1435	1962.200
1025	1962.300
1125	1962.300
1585	1962.400
1325	1962.500
1745	1962.600
1295	1962.700
1095	1962.900
1645	1962.900
1345	1963.100
1615	1963.100
1725	1963.100
1015	1963.200
1075	1963.300
1475	1963.300
1785	1963.300
1415	1963.400
1105	1963.500
1425	1963.500
1135	1963.600
1365	1963.600
1395	1963.700
1555	1963.700
1695	1963.700
1465	1963.900
1405	1964.000
1575	1964.000
1565	1964.200
1525	1964.300
1035	1964.400
1185	1964.400
1775	1964.400
1115	1964.500
1275	1964.600
1005	1964.700
1065	1964.900
1795	1965.000
1335	1965.200
1355	1965.600
1635	1965.800
1165	1965.900
1225	1965.900
1685	1965.900
1265	1966.100
1455	1966.100
1485	1966.100
1765	1966.300
1285	1966.400
1445	1966.400
1605	1966.400
1085	1966.500
1305	1966.500
1595	1966.500
1625	1966.500
1235	1966.600
1205	1966.700
1255	1966.700
1505	1966.700
1515	1966.700
1545	1966.700
1655	1966.700
1535	1966.800
1665	1966.800
1245	1966.900
1385	1966.900
1375	1967.000
1705	1967.000
1735	1967.200
1055	1967.300
1155	1967.400
1715	1967.400
1195	1967.500
1215	1967.500
1755	1967.500
1175	1967.700
1315	1967.700
1145	1967.800
1495	1967.800
1675	1967.800
1045	1968.000
1435	1968.000
1025	1968.100
1125	1968.100
1585	1968.200
1745	1968.300
1295	1968.400
1325	1968.400
1645	1968.600
1095	1968.800
1345	1968.900
1615	1968.900
1725	1968.900
1015	1969.000
1075	1969.100
1475	1969.100
1785	1969.100
1105	1969.200
1415	1969.200
1425	1969.300
1135	1969.400
1365	1969.400
1555	1969.500
1395	1969.600
1695	1969.600
1465	1969.700
1405	1969.800
1575	1969.800
1565	1970.000
1525	1970.100
1035	1970.200
1185	1970.200
1775	1970.200
1115	1970.400
1005	1970.500
1275	1970.500
1065	1970.800
1795	1970.800
1335	1971.000
1355	1971.400
1635	1971.600
1165	1971.700
1225	1971.700
1685	1971.700
1265	1971.800
1455	1971.900
1485	1971.900
1445	1972.100
1765	1972.100
1285	1972.200
1085	1972.300
1595	1972.300
1605	1972.300
1625	1972.300
1235	1972.400
1305	1972.400
1205	1972.500
1255	1972.500
1505	1972.500
1515	1972.500
1535	1972.500
1545	1972.500
1245	1972.600
1655	1972.600
1665	1972.600
1385	1972.700
1375	1972.800
1705	1972.900
1055	1973.000
1735	1973.000
1155	1973.200
1215	1973.200
1715	1973.200
1195	1973.300
1755	1973.300
1175	1973.500
1315	1973.500
1495	1973.500
1145	1973.600
1675	1973.600
1045	1973.800
1435	1973.800
1025	1973.900
1125	1973.900
1585	1974.000
1745	1974.100
1295	1974.200
1325	1974.200
1645	1974.300
1095	1974.600
1345	1974.600
1725	1974.600
1015	1974.700
1615	1974.700
1075	1974.800
1105	1974.900
1475	1974.900
1785	1974.900
1415	1975.100
1425	1975.100
1135	1975.200
1365	1975.200
1555	1975.300
1395	1975.400
1465	1975.500
1695	1975.500
1405	1975.600
1575	1975.600
1565	1975.800
1525	1975.900
1035	1976.000
1185	1976.000
1775	1976.000
1005	1976.300
1115	1976.300
1275	1976.300
1065	1976.600
1795	1976.600
1335	1976.800
1355	1977.300
1165	1977.500
1225	1977.500
1635	1977.500
1685	1977.500
1265	1977.600
1455	1977.700
1485	1977.700
1445	1977.800
1765	1977.900
1285	1978.000
1085	1978.100
1595	1978.100
1605	1978.100
1625	1978.100
1235	1978.200
1305	1978.200
1535	1978.200
1205	1978.300
1245	1978.300
1505	1978.300
1515	1978.300
1545	1978.300
1255	1978.400
1665	1978.400
1375	1978.500
1385	1978.500
1655	1978.500
1055	1978.700
1705	1978.700
1735	1978.800
1215	1978.900
1155	1979.000
1715	1979.000
1195	1979.100
1755	1979.200
1175	1979.300
1495	1979.300
1145	1979.400
1315	1979.400
1675	1979.400
1435	1979.500
1045	1979.700
1125	1979.700
1025	1979.800
1585	1979.800
1745	1979.800
1295	1980.000
1325	1980.000
1645	1980.000
1725	1980.300
1015	1980.400
1095	1980.400
1345	1980.400
1075	1980.500
1615	1980.500
1105	1980.600
1475	1980.700
1785	1980.800
1135	1981.000
1365	1981.000
1415	1981.000
1425	1981.000
1555	1981.100
1395	1981.200
1465	1981.300
1695	1981.300
1405	1981.400
1575	1981.400
1565	1981.600
1525	1981.700
1035	1981.800
1185	1981.800
1775	1981.800
1005	1982.000
1275	1982.100
1115	1982.200
1065	1982.400
1795	1982.400
1335	1982.600
1355	1983.100
1165	1983.300
1225	1983.300
1635	1983.300
1685	1983.300
1265	1983.400
1455	1983.500
1485	1983.500
1445	1983.600
1765	1983.700
1285	1983.800
1085	1983.900
1595	1983.900
1605	1983.900
1625	1983.900
1235	1984.000
1305	1984.000
1535	1984.000
1205	1984.100
1245	1984.100
1515	1984.100
1375	1984.200
1505	1984.200
1545	1984.200
1665	1984.200
1255	1984.300
1385	1984.300
1055	1984.500
1655	1984.500
1215	1984.600
1705	1984.600
1735	1984.600
1155	1984.700
1715	1984.800
1195	1984.900
1175	1985.100
1495	1985.100
1755	1985.100
1145	1985.200
1675	1985.200
1315	1985.300
1435	1985.300
1045	1985.500
1125	1985.500
1585	1985.600
1745	1985.600
1025	1985.700
1645	1985.700
1295	1985.800
1325	1985.800
1015	1986.100
1725	1986.100
1075	1986.200
1095	1986.200
1345	1986.200
1105	1986.300
1615	1986.300
1475	1986.500
1785	1986.700
1135	1986.800
1365	1986.800
1425	1986.800
1415	1986.900
1555	1986.900
1395	1987.000
1465	1987.100
1695	1987.100
1405	1987.200
1575	1987.200
1525	1987.400
1565	1987.400
1185	1987.500
1035	1987.600
1775	1987.600
1005	1987.700
1275	1987.900
1115	1988.000
1795	1988.100
1065	1988.200
1335	1988.400
1355	1988.900
1225	1989.000
1165	1989.100
1635	1989.100
1685	1989.100
1265	1989.200
1455	1989.300
1485	1989.300
1445	1989.400
1765	1989.500
1285	1989.600
1595	1989.600
1085	1989.700
1605	1989.700
1625	1989.700
1235	1989.800
1305	1989.800
1535	1989.800
1205	1989.900
1245	1989.900
1515	1989.900
1665	1989.900
1375	1990.000
1505	1990.000
1545	1990.000
1255	1990.100
1385	1990.100
1055	1990.200
1215	1990.300
1705	1990.400
1735	1990.400
1155	1990.500
1655	1990.500
1715	1990.600
1195	1990.700
1145	1990.900
1175	1990.900
1495	1990.900
1675	1991.000
1755	1991.000
1435	1991.100
1315	1991.200
1045	1991.300
1125	1991.300
1585	1991.400
1745	1991.400
1025	1991.500
1645	1991.500
1295	1991.600
1325	1991.600
1015	1991.900
1725	1991.900
1075	1992.000
1095	1992.000
1105	1992.000
1345	1992.000
1615	1992.000
1475	1992.300
1785	1992.500
1135	1992.600
1365	1992.600
1425	1992.600
1555	1992.700
1415	1992.800
1465	1992.800
1395	1992.900
1405	1993.000
1575	1993.000
1695	1993.000
1525	1993.200
1565	1993.200
1185	1993.300
1005	1993.400
1035	1993.400
1775	1993.400
1115	1993.800
1275	1993.800
1795	1993.800
1065	1994.000
1335	1994.200
1225	1994.700
1355	1994.700
1165	1994.800
1635	1994.900
1685	1994.900
1265	1995.000
1485	1995.000
1445	1995.100
1455	1995.100
1765	1995.200
1285	1995.300
1595	1995.300
1085	1995.500
1235	1995.500
1605	1995.500
1625	1995.500
1205	1995.600
1305	1995.600
1535	1995.600
1665	1995.600
1245	1995.700
1375	1995.700
1515	1995.700
1505	1995.800
1545	1995.800
1055	1995.900
1255	1995.900
1385	1995.900
1215	1996.000
1735	1996.100
1155	1996.200
1705	1996.200
1715	1996.400
1195	1996.500
1655	1996.500
1145	1996.700
1175	1996.700
1495	1996.700
1675	1996.800
1755	1996.800
1435	1996.900
1045	1997.000
1125	1997.100
1315	1997.100
1585	1997.200
1745	1997.200
1025	1997.300
1645	1997.300
1295	1997.400
1325	1997.400
1015	1997.700
1105	1997.700
1725	1997.700
1075	1997.800
1095	1997.800
1345	1997.800
1615	1997.800
1475	1998.100
1785	1998.300
1135	1998.400
1365	1998.400
1425	1998.400
1555	1998.500
1465	1998.600
1415	1998.700
1575	1998.700
1395	1998.800
1405	1998.800
1695	1998.800
1525	1998.900
1565	1999.000
1185	1999.100
1005	1999.200
1035	1999.200
1775	1999.200
1795	1999.500
1115	1999.600
1275	1999.600
1065	1999.800
1335	2000.000
