# NEST version: UNKNOWN
# RecordingBackendASCII version: 2
sender	time_ms	w
2	1.000	-0.766
2	2.000	-0.764
2	3.000	-0.763
2	4.000	-0.761
2	5.000	-0.760
2	6.000	-0.758
2	7.000	-0.757
2	8.000	-0.755
2	9.000	-0.754
2	10.000	-0.752
2	11.000	-0.751
2	12.000	-0.749
2	13.000	-0.748
2	14.000	-0.746
2	15.000	-0.745
2	16.000	-0.743
2	17.000	-0.742
2	18.000	-0.740
2	19.000	-0.739
2	20.000	-0.737
2	21.000	-0.736
2	22.000	-0.734
2	23.000	-0.733
2	24.000	-0.731
2	25.000	-0.730
2	26.000	-0.728
2	27.000	-0.727
2	28.000	-0.725
2	29.000	-0.724
2	30.000	-0.723
2	31.000	-0.721
2	32.000	-0.720
2	33.000	-0.718
2	34.000	-0.717
2	35.000	-0.715
2	36.000	-0.714
2	37.000	-0.712
2	38.000	-0.711
2	39.000	-0.710
2	40.000	-0.708
2	41.000	-0.707
2	42.000	-0.705
2	43.000	-0.704
2	44.000	-0.703
2	45.000	-0.701
2	46.000	-0.700
2	47.000	-0.698
2	48.000	-0.697
2	49.000	-0.696
2	50.000	-0.694
2	51.000	-0.693
2	52.000	-0.691
2	53.000	-0.690
2	54.000	-0.689
2	55.000	-0.687
2	56.000	-0.686
2	57.000	-0.685
2	58.000	-0.683
2	59.000	-0.682
2	60.000	-0.680
2	61.000	-0.679
2	62.000	-0.678
2	63.000	-0.676
2	64.000	-0.675
2	65.000	-0.674
2	66.000	-0.672
2	67.000	-0.671
2	68.000	-0.670
2	69.000	-0.668
2	70.000	-0.667
2	71.000	-0.666
2	72.000	-0.664
2	73.000	-0.663
2	74.000	-0.662
2	75.000	-0.660
2	76.000	-0.659
2	77.000	-0.658
2	78.000	-0.656
2	79.000	-0.655
2	80.000	-0.654
2	81.000	-0.652
2	82.000	-0.651
2	83.000	-0.650
2	84.000	-0.649
2	85.000	-0.647
2	86.000	-0.646
2	87.000	-0.645
2	88.000	-0.643
2	89.000	-0.642
2	90.000	-0.641
2	91.000	-0.640
2	92.000	-0.638
2	93.000	-0.637
2	94.000	-0.636
2	95.000	-0.634
2	96.000	-0.633
2	97.000	-0.632
2	98.000	-0.631
2	99.000	-0.629
2	100.000	-0.628
2	101.000	-0.627
2	102.000	-0.626
2	103.000	-0.624
2	104.000	-0.623
2	105.000	-0.622
2	106.000	-0.621
2	107.000	-0.619
2	108.000	-0.618
2	109.000	-0.617
2	110.000	-0.616
2	111.000	-0.614
2	112.000	-0.613
2	113.000	-0.612
2	114.000	-0.611
2	115.000	-0.610
2	116.000	-0.608
2	117.000	-0.607
2	118.000	-0.606
2	119.000	-0.605
2	120.000	-0.603
2	121.000	-0.602
2	122.000	-0.601
2	123.000	-0.600
2	124.000	-0.599
2	125.000	-0.597
2	126.000	-0.596
2	127.000	-0.595
2	128.000	-0.594
2	129.000	-0.593
2	130.000	-0.592
2	131.000	-0.590
2	132.000	-0.589
2	133.000	-0.588
2	134.000	-0.587
2	135.000	-0.586
2	136.000	-0.584
2	137.000	-0.583
2	138.000	-0.582
2	139.000	-0.581
2	140.000	-0.580
2	141.000	-0.579
2	142.000	-0.578
2	143.000	-0.576
2	144.000	-0.575
2	145.000	-0.574
2	146.000	-0.573
2	147.000	-0.572
2	148.000	-0.571
2	149.000	-0.569
2	150.000	-0.568
2	151.000	-0.567
2	152.000	-0.566
2	153.000	-0.565
2	154.000	-0.564
2	155.000	-0.563
2	156.000	-0.562
2	157.000	-0.560
2	158.000	-0.559
2	159.000	-0.558
2	160.000	-0.557
2	161.000	-0.556
2	162.000	-0.555
2	163.000	-0.554
2	164.000	-0.553
2	165.000	-0.552
2	166.000	-0.550
2	167.000	-0.549
2	168.000	-0.548
2	169.000	-0.547
2	170.000	-0.546
2	171.000	-0.545
2	172.000	-0.544
2	173.000	-0.543
2	174.000	-0.542
2	175.000	-0.541
2	176.000	-0.540
2	177.000	-0.538
2	178.000	-0.537
2	179.000	-0.536
2	180.000	-0.535
2	181.000	-0.534
2	182.000	-0.533
2	183.000	-0.532
2	184.000	-0.531
2	185.000	-0.530
2	186.000	-0.529
2	187.000	-0.528
2	188.000	-0.527
2	189.000	-0.526
2	190.000	-0.525
2	191.000	-0.524
2	192.000	-0.523
2	193.000	-0.522
2	194.000	-0.520
2	195.000	-0.519
2	196.000	-0.518
2	197.000	-0.517
2	198.000	-0.516
2	199.000	-0.515
2	200.000	-0.514
2	201.000	-0.513
2	202.000	-0.512
2	203.000	-0.511
2	204.000	-0.510
2	205.000	-0.509
2	206.000	-0.508
2	207.000	-0.507
2	208.000	-0.506
2	209.000	-0.505
2	210.000	-0.504
2	211.000	-0.503
2	212.000	-0.502
2	213.000	-0.501
2	214.000	-0.500
2	215.000	-0.499
2	216.000	-0.498
2	217.000	-0.497
2	218.000	-0.496
2	219.000	-0.495
2	220.000	-0.494
2	221.000	-0.493
2	222.000	-0.492
2	223.000	-0.491
2	224.000	-0.490
2	225.000	-0.489
2	226.000	-0.488
2	227.000	-0.487
2	228.000	-0.486
2	229.000	-0.485
2	230.000	-0.484
2	231.000	-0.483
2	232.000	-0.482
2	233.000	-0.481
2	234.000	-0.480
2	235.000	-0.479
2	236.000	-0.479
2	237.000	-0.478
2	238.000	-0.477
2	239.000	-0.476
2	240.000	-0.475
2	241.000	-0.474
2	242.000	-0.473
2	243.000	-0.472
2	244.000	-0.471
2	245.000	-0.470
2	246.000	-0.469
2	247.000	-0.468
2	248.000	-0.467
2	249.000	-0.466
2	250.000	-0.465
2	251.000	-0.464
2	252.000	-0.463
2	253.000	-0.463
2	254.000	-0.462
2	255.000	-0.461
2	256.000	-0.460
2	257.000	-0.459
2	258.000	-0.458
2	259.000	-0.457
2	260.000	-0.456
2	261.000	-0.455
2	262.000	-0.454
2	263.000	-0.453
2	264.000	-0.452
2	265.000	-0.452
2	266.000	-0.451
2	267.000	-0.450
2	268.000	-0.449
2	269.000	-0.448
2	270.000	-0.447
2	271.000	-0.446
2	272.000	-0.445
2	273.000	-0.444
2	274.000	-0.444
2	275.000	-0.443
2	276.000	-0.442
2	277.000	-0.441
2	278.000	-0.440
2	279.000	-0.439
2	280.000	-0.438
2	281.000	-0.437
2	282.000	-0.436
2	283.000	-0.436
2	284.000	-0.435
2	285.000	-0.434
2	286.000	-0.433
2	287.000	-0.432
2	288.000	-0.431
2	289.000	-0.430
2	290.000	-0.430
2	291.000	-0.429
2	292.000	-0.428
2	293.000	-0.427
2	294.000	-0.426
2	295.000	-0.425
2	296.000	-0.424
2	297.000	-0.424
2	298.000	-0.423
2	299.000	-0.422
2	300.000	-0.421
2	301.000	-0.420
2	302.000	-0.419
2	303.000	-0.419
2	304.000	-0.418
2	305.000	-0.417
2	306.000	-0.416
2	307.000	-0.415
2	308.000	-0.414
2	309.000	-0.414
2	310.000	-0.413
2	311.000	-0.412
2	312.000	-0.411
2	313.000	-0.410
2	314.000	-0.409
2	315.000	-0.409
2	316.000	-0.408
2	317.000	-0.407
2	318.000	-0.406
2	319.000	-0.405
2	320.000	-0.405
2	321.000	-0.404
2	322.000	-0.403
2	323.000	-0.402
2	324.000	-0.401
2	325.000	-0.401
2	326.000	-0.400
2	327.000	-0.399
2	328.000	-0.398
2	329.000	-0.397
2	330.000	-0.397
2	331.000	-0.396
2	332.000	-0.395
2	333.000	-0.394
2	334.000	-0.393
2	335.000	-0.393
2	336.000	-0.392
2	337.000	-0.391
2	338.000	-0.390
2	339.000	-0.389
2	340.000	-0.389
2	341.000	-0.388
2	342.000	-0.387
2	343.000	-0.386
2	344.000	-0.386
2	345.000	-0.385
2	346.000	-0.384
2	347.000	-0.383
2	348.000	-0.383
2	349.000	-0.382
2	350.000	-0.381
2	351.000	-0.380
2	352.000	-0.379
2	353.000	-0.379
2	354.000	-0.378
2	355.000	-0.377
2	356.000	-0.376
2	357.000	-0.376
2	358.000	-0.375
2	359.000	-0.374
2	360.000	-0.373
2	361.000	-0.373
2	362.000	-0.372
2	363.000	-0.371
2	364.000	-0.370
2	365.000	-0.370
2	366.000	-0.369
2	367.000	-0.368
2	368.000	-0.368
2	369.000	-0.367
2	370.000	-0.366
2	371.000	-0.365
2	372.000	-0.365
2	373.000	-0.364
2	374.000	-0.363
2	375.000	-0.362
2	376.000	-0.362
2	377.000	-0.361
2	378.000	-0.360
2	379.000	-0.360
2	380.000	-0.359
2	381.000	-0.358
2	382.000	-0.357
2	383.000	-0.357
2	384.000	-0.356
2	385.000	-0.355
2	386.000	-0.355
2	387.000	-0.354
2	388.000	-0.353
2	389.000	-0.352
2	390.000	-0.352
2	391.000	-0.351
2	392.000	-0.350
2	393.000	-0.350
2	394.000	-0.349
2	395.000	-0.348
2	396.000	-0.347
2	397.000	-0.347
2	398.000	-0.346
2	399.000	-0.345
2	400.000	-0.345
2	401.000	-0.344
2	402.000	-0.343
2	403.000	-0.343
2	404.000	-0.342
2	405.000	-0.341
2	406.000	-0.341
2	407.000	-0.340
2	408.000	-0.339
2	409.000	-0.339
2	410.000	-0.338
2	411.000	-0.337
2	412.000	-0.337
2	413.000	-0.336
2	414.000	-0.335
2	415.000	-0.335
2	416.000	-0.334
2	417.000	-0.333
2	418.000	-0.333
2	419.000	-0.332
2	420.000	-0.331
2	421.000	-0.331
2	422.000	-0.330
2	423.000	-0.329
2	424.000	-0.329
2	425.000	-0.328
2	426.000	-0.327
2	427.000	-0.327
2	428.000	-0.326
2	429.000	-0.325
2	430.000	-0.325
2	431.000	-0.324
2	432.000	-0.323
2	433.000	-0.323
2	434.000	-0.322
2	435.000	-0.321
2	436.000	-0.321
2	437.000	-0.320
2	438.000	-0.319
2	439.000	-0.319
2	440.000	-0.318
2	441.000	-0.318
2	442.000	-0.317
2	443.000	-0.316
2	444.000	-0.316
2	445.000	-0.315
2	446.000	-0.314
2	447.000	-0.314
2	448.000	-0.313
2	449.000	-0.313
2	450.000	-0.312
2	451.000	-0.311
2	452.000	-0.311
2	453.000	-0.310
2	454.000	-0.309
2	455.000	-0.309
2	456.000	-0.308
2	457.000	-0.308
2	458.000	-0.307
2	459.000	-0.306
2	460.000	-0.306
2	461.000	-0.305
2	462.000	-0.305
2	463.000	-0.304
2	464.000	-0.303
2	465.000	-0.303
2	466.000	-0.302
2	467.000	-0.301
2	468.000	-0.301
2	469.000	-0.300
2	470.000	-0.300
2	471.000	-0.299
2	472.000	-0.298
2	473.000	-0.298
2	474.000	-0.297
2	475.000	-0.297
2	476.000	-0.296
2	477.000	-0.296
2	478.000	-0.295
2	479.000	-0.294
2	480.000	-0.294
2	481.000	-0.293
2	482.000	-0.293
2	483.000	-0.292
2	484.000	-0.291
2	485.000	-0.291
2	486.000	-0.290
2	487.000	-0.290
2	488.000	-0.289
2	489.000	-0.289
2	490.000	-0.288
2	491.000	-0.287
2	492.000	-0.287
2	493.000	-0.286
2	494.000	-0.286
2	495.000	-0.285
2	496.000	-0.285
2	497.000	-0.284
2	498.000	-0.283
2	499.000	-0.283
2	500.000	-0.282
2	501.000	-0.282
2	502.000	-0.281
2	503.000	-0.281
2	504.000	-0.280
2	505.000	-0.279
2	506.000	-0.279
2	507.000	-0.278
2	508.000	-0.278
2	509.000	-0.277
2	510.000	-0.277
2	511.000	-0.276
2	512.000	-0.276
2	513.000	-0.275
2	514.000	-0.274
2	515.000	-0.274
2	516.000	-0.273
2	517.000	-0.273
2	518.000	-0.272
2	519.000	-0.272
2	520.000	-0.271
2	521.000	-0.271
2	522.000	-0.270
2	523.000	-0.270
2	524.000	-0.269
2	525.000	-0.268
2	526.000	-0.268
2	527.000	-0.267
2	528.000	-0.267
2	529.000	-0.266
2	530.000	-0.266
2	531.000	-0.265
2	532.000	-0.265
2	533.000	-0.264
2	534.000	-0.264
2	535.000	-0.263
2	536.000	-0.263
2	537.000	-0.262
2	538.000	-0.262
2	539.000	-0.261
2	540.000	-0.261
2	541.000	-0.260
2	542.000	-0.259
2	543.000	-0.259
2	544.000	-0.258
2	545.000	-0.258
2	546.000	-0.257
2	547.000	-0.257
2	548.000	-0.256
2	549.000	-0.256
2	550.000	-0.255
2	551.000	-0.255
2	552.000	-0.254
2	553.000	-0.254
2	554.000	-0.253
2	555.000	-0.253
2	556.000	-0.252
2	557.000	-0.252
2	558.000	-0.251
2	559.000	-0.251
2	560.000	-0.250
2	561.000	-0.250
2	562.000	-0.249
2	563.000	-0.249
2	564.000	-0.248
2	565.000	-0.248
2	566.000	-0.247
2	567.000	-0.247
2	568.000	-0.246
2	569.000	-0.246
2	570.000	-0.245
2	571.000	-0.245
2	572.000	-0.244
2	573.000	-0.244
2	574.000	-0.243
2	575.000	-0.243
2	576.000	-0.242
2	577.000	-0.242
2	578.000	-0.241
2	579.000	-0.241
2	580.000	-0.241
2	581.000	-0.240
2	582.000	-0.240
2	583.000	-0.239
2	584.000	-0.239
2	585.000	-0.238
2	586.000	-0.238
2	587.000	-0.237
2	588.000	-0.237
2	589.000	-0.236
2	590.000	-0.236
2	591.000	-0.235
2	592.000	-0.235
2	593.000	-0.234
2	594.000	-0.234
2	595.000	-0.233
2	596.000	-0.233
2	597.000	-0.232
2	598.000	-0.232
2	599.000	-0.232
2	600.000	-0.231
2	601.000	-0.231
2	602.000	-0.230
2	603.000	-0.230
2	604.000	-0.229
2	605.000	-0.229
2	606.000	-0.228
2	607.000	-0.228
2	608.000	-0.227
2	609.000	-0.227
2	610.000	-0.226
2	611.000	-0.226
2	612.000	-0.226
2	613.000	-0.225
2	614.000	-0.225
2	615.000	-0.224
2	616.000	-0.224
2	617.000	-0.223
2	618.000	-0.223
2	619.000	-0.222
2	620.000	-0.222
2	621.000	-0.222
2	622.000	-0.221
2	623.000	-0.221
2	624.000	-0.220
2	625.000	-0.220
2	626.000	-0.219
2	627.000	-0.219
2	628.000	-0.218
2	629.000	-0.218
2	630.000	-0.218
2	631.000	-0.217
2	632.000	-0.217
2	633.000	-0.216
2	634.000	-0.216
2	635.000	-0.215
2	636.000	-0.215
2	637.000	-0.215
2	638.000	-0.214
2	639.000	-0.214
2	640.000	-0.213
2	641.000	-0.213
2	642.000	-0.212
2	643.000	-0.212
2	644.000	-0.212
2	645.000	-0.211
2	646.000	-0.211
2	647.000	-0.210
2	648.000	-0.210
2	649.000	-0.210
2	650.000	-0.209
2	651.000	-0.209
2	652.000	-0.208
2	653.000	-0.208
2	654.000	-0.207
2	655.000	-0.207
2	656.000	-0.207
2	657.000	-0.206
2	658.000	-0.206
2	659.000	-0.205
2	660.000	-0.205
2	661.000	-0.205
2	662.000	-0.204
2	663.000	-0.204
2	664.000	-0.203
2	665.000	-0.203
2	666.000	-0.203
2	667.000	-0.202
2	668.000	-0.202
2	669.000	-0.201
2	670.000	-0.201
2	671.000	-0.200
2	672.000	-0.200
2	673.000	-0.200
2	674.000	-0.199
2	675.000	-0.199
2	676.000	-0.198
2	677.000	-0.198
2	678.000	-0.198
2	679.000	-0.197
2	680.000	-0.197
2	681.000	-0.197
2	682.000	-0.196
2	683.000	-0.196
2	684.000	-0.195
2	685.000	-0.195
2	686.000	-0.195
2	687.000	-0.194
2	688.000	-0.194
2	689.000	-0.193
2	690.000	-0.193
2	691.000	-0.193
2	692.000	-0.192
2	693.000	-0.192
2	694.000	-0.191
2	695.000	-0.191
2	696.000	-0.191
2	697.000	-0.190
2	698.000	-0.190
2	699.000	-0.190
2	700.000	-0.189
2	701.000	-0.189
2	702.000	-0.188
2	703.000	-0.188
2	704.000	-0.188
2	705.000	-0.187
2	706.000	-0.187
2	707.000	-0.187
2	708.000	-0.186
2	709.000	-0.186
2	710.000	-0.185
2	711.000	-0.185
2	712.000	-0.185
2	713.000	-0.184
2	714.000	-0.184
2	715.000	-0.184
2	716.000	-0.183
2	717.000	-0.183
2	718.000	-0.182
2	719.000	-0.182
2	720.000	-0.182
2	721.000	-0.181
2	722.000	-0.181
2	723.000	-0.181
2	724.000	-0.180
2	725.000	-0.180
2	726.000	-0.180
2	727.000	-0.179
2	728.000	-0.179
2	729.000	-0.179
2	730.000	-0.178
2	731.000	-0.178
2	732.000	-0.177
2	733.000	-0.177
2	734.000	-0.177
2	735.000	-0.176
2	736.000	-0.176
2	737.000	-0.176
2	738.000	-0.175
2	739.000	-0.175
2	740.000	-0.175
2	741.000	-0.174
2	742.000	-0.174
2	743.000	-0.174
2	744.000	-0.173
2	745.000	-0.173
2	746.000	-0.173
2	747.000	-0.172
2	748.000	-0.172
2	749.000	-0.172
2	750.000	-0.171
2	751.000	-0.171
2	752.000	-0.171
2	753.000	-0.170
2	754.000	-0.170
2	755.000	-0.169
2	756.000	-0.169
2	757.000	-0.169
2	758.000	-0.168
2	759.000	-0.168
2	760.000	-0.168
2	761.000	-0.167
2	762.000	-0.167
2	763.000	-0.167
2	764.000	-0.166
2	765.000	-0.166
2	766.000	-0.166
2	767.000	-0.165
2	768.000	-0.165
2	769.000	-0.165
2	770.000	-0.164
2	771.000	-0.164
2	772.000	-0.164
2	773.000	-0.163
2	774.000	-0.163
2	775.000	-0.163
2	776.000	-0.163
2	777.000	-0.162
2	778.000	-0.162
2	779.000	-0.162
2	780.000	-0.161
2	781.000	-0.161
2	782.000	-0.161
2	783.000	-0.160
2	784.000	-0.160
2	785.000	-0.160
2	786.000	-0.159
2	787.000	-0.159
2	788.000	-0.159
2	789.000	-0.158
2	790.000	-0.158
2	791.000	-0.158
2	792.000	-0.157
2	793.000	-0.157
2	794.000	-0.157
2	795.000	-0.156
2	796.000	-0.156
2	797.000	-0.156
2	798.000	-0.156
2	799.000	-0.155
2	800.000	-0.155
2	801.000	-0.155
2	802.000	-0.154
2	803.000	-0.154
2	804.000	-0.154
2	805.000	-0.153
2	806.000	-0.153
2	807.000	-0.153
2	808.000	-0.152
2	809.000	-0.152
2	810.000	-0.152
2	811.000	-0.152
2	812.000	-0.151
2	813.000	-0.151
2	814.000	-0.151
2	815.000	-0.150
2	816.000	-0.150
2	817.000	-0.150
2	818.000	-0.149
2	819.000	-0.149
2	820.000	-0.149
2	821.000	-0.149
2	822.000	-0.148
2	823.000	-0.148
2	824.000	-0.148
2	825.000	-0.147
2	826.000	-0.147
2	827.000	-0.147
2	828.000	-0.146
2	829.000	-0.146
2	830.000	-0.146
2	831.000	-0.146
2	832.000	-0.145
2	833.000	-0.145
2	834.000	-0.145
2	835.000	-0.144
2	836.000	-0.144
2	837.000	-0.144
2	838.000	-0.144
2	839.000	-0.143
2	840.000	-0.143
2	841.000	-0.143
2	842.000	-0.142
2	843.000	-0.142
2	844.000	-0.142
2	845.000	-0.142
2	846.000	-0.141
2	847.000	-0.141
2	848.000	-0.141
2	849.000	-0.140
2	850.000	-0.140
2	851.000	-0.140
2	852.000	-0.140
2	853.000	-0.139
2	854.000	-0.139
2	855.000	-0.139
2	856.000	-0.138
2	857.000	-0.138
2	858.000	-0.138
2	859.000	-0.138
2	860.000	-0.137
2	861.000	-0.137
2	862.000	-0.137
2	863.000	-0.137
2	864.000	-0.136
2	865.000	-0.136
2	866.000	-0.136
2	867.000	-0.135
2	868.000	-0.135
2	869.000	-0.135
2	870.000	-0.135
2	871.000	-0.134
2	872.000	-0.134
2	873.000	-0.134
2	874.000	-0.134
2	875.000	-0.133
2	876.000	-0.133
2	877.000	-0.133
2	878.000	-0.133
2	879.000	-0.132
2	880.000	-0.132
2	881.000	-0.132
2	882.000	-0.131
2	883.000	-0.131
2	884.000	-0.131
2	885.000	-0.131
2	886.000	-0.130
2	887.000	-0.130
2	888.000	-0.130
2	889.000	-0.130
2	890.000	-0.129
2	891.000	-0.129
2	892.000	-0.129
2	893.000	-0.129
2	894.000	-0.128
2	895.000	-0.128
2	896.000	-0.128
2	897.000	-0.128
2	898.000	-0.127
2	899.000	-0.127
2	900.000	-0.127
2	901.000	-0.127
2	902.000	-0.126
2	903.000	-0.126
2	904.000	-0.126
2	905.000	-0.126
2	906.000	-0.125
2	907.000	-0.125
2	908.000	-0.125
2	909.000	-0.125
2	910.000	-0.124
2	911.000	-0.124
2	912.000	-0.124
2	913.000	-0.124
2	914.000	-0.123
2	915.000	-0.123
2	916.000	-0.123
2	917.000	-0.123
2	918.000	-0.122
2	919.000	-0.122
2	920.000	-0.122
2	921.000	-0.122
2	922.000	-0.121
2	923.000	-0.121
2	924.000	-0.121
2	925.000	-0.121
2	926.000	-0.120
2	927.000	-0.120
2	928.000	-0.120
2	929.000	-0.120
2	930.000	-0.119
2	931.000	-0.119
2	932.000	-0.119
2	933.000	-0.119
2	934.000	-0.118
2	935.000	-0.118
2	936.000	-0.118
2	937.000	-0.118
2	938.000	-0.118
2	939.000	-0.117
2	940.000	-0.117
2	941.000	-0.117
2	942.000	-0.117
2	943.000	-0.116
2	944.000	-0.116
2	945.000	-0.116
2	946.000	-0.116
2	947.000	-0.115
2	948.000	-0.115
2	949.000	-0.115
2	950.000	-0.115
2	951.000	-0.115
2	952.000	-0.114
2	953.000	-0.114
2	954.000	-0.114
2	955.000	-0.114
2	956.000	-0.113
2	957.000	-0.113
2	958.000	-0.113
2	959.000	-0.113
2	960.000	-0.112
2	961.000	-0.112
2	962.000	-0.112
2	963.000	-0.112
2	964.000	-0.112
2	965.000	-0.111
2	966.000	-0.111
2	967.000	-0.111
2	968.000	-0.111
2	969.000	-0.110
2	970.000	-0.110
2	971.000	-0.110
2	972.000	-0.110
2	973.000	-0.110
2	974.000	-0.109
2	975.000	-0.109
2	976.000	-0.109
2	977.000	-0.109
2	978.000	-0.108
2	979.000	-0.108
2	980.000	-0.108
2	981.000	-0.108
2	982.000	-0.108
2	983.000	-0.107
2	984.000	-0.107
2	985.000	-0.107
2	986.000	-0.107
2	987.000	-0.107
2	988.000	-0.106
2	989.000	-0.106
2	990.000	-0.106
2	991.000	-0.106
2	992.000	-0.106
2	993.000	-0.105
2	994.000	-0.105
2	995.000	-0.105
2	996.000	-0.105
2	997.000	-0.104
2	998.000	-0.104
2	999.000	-0.104
2	1000.000	-0.104
2	1001.000	-0.104
2	1002.000	-0.103
2	1003.000	-0.103
2	1004.000	-0.103
2	1005.000	-0.103
2	1006.000	-0.103
2	1007.000	-0.102
2	1008.000	-0.102
2	1009.000	-0.102
2	1010.000	-0.102
2	1011.000	-0.102
2	1012.000	-0.101
2	1013.000	-0.101
2	1014.000	-0.101
2	1015.000	-0.101
2	1016.000	-0.101
2	1017.000	-0.100
2	1018.000	-0.100
2	1019.000	-0.100
2	1020.000	-0.100
2	1021.000	-0.100
2	1022.000	-0.099
2	1023.000	-0.099
2	1024.000	-0.099
2	1025.000	-0.099
2	1026.000	-0.099
2	1027.000	-0.098
2	1028.000	-0.098
2	1029.000	-0.098
2	1030.000	-0.098
2	1031.000	-0.098
2	1032.000	-0.097
2	1033.000	-0.097
2	1034.000	-0.097
2	1035.000	-0.097
2	1036.000	-0.097
2	1037.000	-0.096
2	1038.000	-0.096
2	1039.000	-0.096
2	1040.000	-0.096
2	1041.000	-0.096
2	1042.000	-0.095
2	1043.000	-0.095
2	1044.000	-0.095
2	1045.000	-0.095
2	1046.000	-0.095
2	1047.000	-0.095
2	1048.000	-0.094
2	1049.000	-0.094
2	1050.000	-0.094
2	1051.000	-0.094
2	1052.000	-0.094
2	1053.000	-0.093
2	1054.000	-0.093
2	1055.000	-0.093
2	1056.000	-0.093
2	1057.000	-0.093
2	1058.000	-0.092
2	1059.000	-0.092
2	1060.000	-0.092
2	1061.000	-0.092
2	1062.000	-0.092
2	1063.000	-0.092
2	1064.000	-0.091
2	1065.000	-0.091
2	1066.000	-0.091
2	1067.000	-0.091
2	1068.000	-0.091
2	1069.000	-0.090
2	1070.000	-0.090
2	1071.000	-0.090
2	1072.000	-0.090
2	1073.000	-0.090
2	1074.000	-0.090
2	1075.000	-0.089
2	1076.000	-0.089
2	1077.000	-0.089
2	1078.000	-0.089
2	1079.000	-0.089
2	1080.000	-0.088
2	1081.000	-0.088
2	1082.000	-0.088
2	1083.000	-0.088
2	1084.000	-0.088
2	1085.000	-0.088
2	1086.000	-0.087
2	1087.000	-0.087
2	1088.000	-0.087
2	1089.000	-0.087
2	1090.000	-0.087
2	1091.000	-0.087
2	1092.000	-0.086
2	1093.000	-0.086
2	1094.000	-0.086
2	1095.000	-0.086
2	1096.000	-0.086
2	1097.000	-0.086
2	1098.000	-0.085
2	1099.000	-0.085
2	1100.000	-0.085
2	1101.000	-0.085
2	1102.000	-0.085
2	1103.000	-0.084
2	1104.000	-0.084
2	1105.000	-0.084
2	1106.000	-0.084
2	1107.000	-0.084
2	1108.000	-0.084
2	1109.000	-0.083
2	1110.000	-0.083
2	1111.000	-0.083
2	1112.000	-0.083
2	1113.000	-0.083
2	1114.000	-0.083
2	1115.000	-0.082
2	1116.000	-0.082
2	1117.000	-0.082
2	1118.000	-0.082
2	1119.000	-0.082
2	1120.000	-0.082
2	1121.000	-0.082
2	1122.000	-0.081
2	1123.000	-0.081
2	1124.000	-0.081
2	1125.000	-0.081
2	1126.000	-0.081
2	1127.000	-0.081
2	1128.000	-0.080
2	1129.000	-0.080
2	1130.000	-0.080
2	1131.000	-0.080
2	1132.000	-0.080
2	1133.000	-0.080
2	1134.000	-0.079
2	1135.000	-0.079
2	1136.000	-0.079
2	1137.000	-0.079
2	1138.000	-0.079
2	1139.000	-0.079
2	1140.000	-0.078
2	1141.000	-0.078
2	1142.000	-0.078
2	1143.000	-0.078
2	1144.000	-0.078
2	1145.000	-0.078
2	1146.000	-0.078
2	1147.000	-0.077
2	1148.000	-0.077
2	1149.000	-0.077
2	1150.000	-0.077
2	1151.000	-0.077
2	1152.000	-0.077
2	1153.000	-0.076
2	1154.000	-0.076
2	1155.000	-0.076
2	1156.000	-0.076
2	1157.000	-0.076
2	1158.000	-0.076
2	1159.000	-0.076
2	1160.000	-0.075
2	1161.000	-0.075
2	1162.000	-0.075
2	1163.000	-0.075
2	1164.000	-0.075
2	1165.000	-0.075
2	1166.000	-0.074
2	1167.000	-0.074
2	1168.000	-0.074
2	1169.000	-0.074
2	1170.000	-0.074
2	1171.000	-0.074
2	1172.000	-0.074
2	1173.000	-0.073
2	1174.000	-0.073
2	1175.000	-0.073
2	1176.000	-0.073
2	1177.000	-0.073
2	1178.000	-0.073
2	1179.000	-0.073
2	1180.000	-0.072
2	1181.000	-0.072
2	1182.000	-0.072
2	1183.000	-0.072
2	1184.000	-0.072
2	1185.000	-0.072
2	1186.000	-0.072
2	1187.000	-0.071
2	1188.000	-0.071
2	1189.000	-0.071
2	1190.000	-0.071
2	1191.000	-0.071
2	1192.000	-0.071
2	1193.000	-0.071
2	1194.000	-0.070
2	1195.000	-0.070
2	1196.000	-0.070
2	1197.000	-0.070
2	1198.000	-0.070
2	1199.000	-0.070
2	1200.000	-0.070
2	1201.000	-0.069
2	1202.000	-0.069
2	1203.000	-0.069
2	1204.000	-0.069
2	1205.000	-0.069
2	1206.000	-0.069
2	1207.000	-0.069
2	1208.000	-0.068
2	1209.000	-0.068
2	1210.000	-0.068
2	1211.000	-0.068
2	1212.000	-0.068
2	1213.000	-0.068
2	1214.000	-0.068
2	1215.000	-0.068
2	1216.000	-0.067
2	1217.000	-0.067
2	1218.000	-0.067
2	1219.000	-0.067
2	1220.000	-0.067
2	1221.000	-0.067
2	1222.000	-0.067
2	1223.000	-0.066
2	1224.000	-0.066
2	1225.000	-0.066
2	1226.000	-0.066
2	1227.000	-0.066
2	1228.000	-0.066
2	1229.000	-0.066
2	1230.000	-0.066
2	1231.000	-0.065
2	1232.000	-0.065
2	1233.000	-0.065
2	1234.000	-0.065
2	1235.000	-0.065
2	1236.000	-0.065
2	1237.000	-0.065
2	1238.000	-0.065
2	1239.000	-0.064
2	1240.000	-0.064
2	1241.000	-0.064
2	1242.000	-0.064
2	1243.000	-0.064
2	1244.000	-0.064
2	1245.000	-0.064
2	1246.000	-0.063
2	1247.000	-0.063
2	1248.000	-0.063
2	1249.000	-0.063
2	1250.000	-0.063
2	1251.000	-0.063
2	1252.000	-0.063
2	1253.000	-0.063
2	1254.000	-0.062
2	1255.000	-0.062
2	1256.000	-0.062
2	1257.000	-0.062
2	1258.000	-0.062
2	1259.000	-0.062
2	1260.000	-0.062
2	1261.000	-0.062
2	1262.000	-0.061
2	1263.000	-0.061
2	1264.000	-0.061
2	1265.000	-0.061
2	1266.000	-0.061
2	1267.000	-0.061
2	1268.000	-0.061
2	1269.000	-0.061
2	1270.000	-0.061
2	1271.000	-0.060
2	1272.000	-0.060
2	1273.000	-0.060
2	1274.000	-0.060
2	1275.000	-0.060
2	1276.000	-0.060
2	1277.000	-0.060
2	1278.000	-0.060
2	1279.000	-0.059
2	1280.000	-0.059
2	1281.000	-0.059
2	1282.000	-0.059
2	1283.000	-0.059
2	1284.000	-0.059
2	1285.000	-0.059
2	1286.000	-0.059
2	1287.000	-0.058
2	1288.000	-0.058
2	1289.000	-0.058
2	1290.000	-0.058
2	1291.000	-0.058
2	1292.000	-0.058
2	1293.000	-0.058
2	1294.000	-0.058
2	1295.000	-0.058
2	1296.000	-0.057
2	1297.000	-0.057
2	1298.000	-0.057
2	1299.000	-0.057
2	1300.000	-0.057
2	1301.000	-0.057
2	1302.000	-0.057
2	1303.000	-0.057
2	1304.000	-0.057
2	1305.000	-0.056
2	1306.000	-0.056
2	1307.000	-0.056
2	1308.000	-0.056
2	1309.000	-0.056
2	1310.000	-0.056
2	1311.000	-0.056
2	1312.000	-0.056
2	1313.000	-0.056
2	1314.000	-0.055
2	1315.000	-0.055
2	1316.000	-0.055
2	1317.000	-0.055
2	1318.000	-0.055
2	1319.000	-0.055
2	1320.000	-0.055
2	1321.000	-0.055
2	1322.000	-0.055
2	1323.000	-0.054
2	1324.000	-0.054
2	1325.000	-0.054
2	1326.000	-0.054
2	1327.000	-0.054
2	1328.000	-0.054
2	1329.000	-0.054
2	1330.000	-0.054
2	1331.000	-0.054
2	1332.000	-0.053
2	1333.000	-0.053
2	1334.000	-0.053
2	1335.000	-0.053
2	1336.000	-0.053
2	1337.000	-0.053
2	1338.000	-0.053
2	1339.000	-0.053
2	1340.000	-0.053
2	1341.000	-0.052
2	1342.000	-0.052
2	1343.000	-0.052
2	1344.000	-0.052
2	1345.000	-0.052
2	1346.000	-0.052
2	1347.000	-0.052
2	1348.000	-0.052
2	1349.000	-0.052
2	1350.000	-0.052
2	1351.000	-0.051
2	1352.000	-0.051
2	1353.000	-0.051
2	1354.000	-0.051
2	1355.000	-0.051
2	1356.000	-0.051
2	1357.000	-0.051
2	1358.000	-0.051
2	1359.000	-0.051
2	1360.000	-0.051
2	1361.000	-0.050
2	1362.000	-0.050
2	1363.000	-0.050
2	1364.000	-0.050
2	1365.000	-0.050
2	1366.000	-0.050
2	1367.000	-0.050
2	1368.000	-0.050
2	1369.000	-0.050
2	1370.000	-0.050
2	1371.000	-0.049
2	1372.000	-0.049
2	1373.000	-0.049
2	1374.000	-0.049
2	1375.000	-0.049
2	1376.000	-0.049
2	1377.000	-0.049
2	1378.000	-0.049
2	1379.000	-0.049
2	1380.000	-0.049
2	1381.000	-0.048
2	1382.000	-0.048
2	1383.000	-0.048
2	1384.000	-0.048
2	1385.000	-0.048
2	1386.000	-0.048
2	1387.000	-0.048
2	1388.000	-0.048
2	1389.000	-0.048
2	1390.000	-0.048
2	1391.000	-0.048
2	1392.000	-0.047
2	1393.000	-0.047
2	1394.000	-0.047
2	1395.000	-0.047
2	1396.000	-0.047
2	1397.000	-0.047
2	1398.000	-0.047
2	1399.000	-0.047
2	1400.000	-0.047
2	1401.000	-0.047
2	1402.000	-0.046
2	1403.000	-0.046
2	1404.000	-0.046
2	1405.000	-0.046
2	1406.000	-0.046
2	1407.000	-0.046
2	1408.000	-0.046
2	1409.000	-0.046
2	1410.000	-0.046
2	1411.000	-0.046
2	1412.000	-0.046
2	1413.000	-0.045
2	1414.000	-0.045
2	1415.000	-0.045
2	1416.000	-0.045
2	1417.000	-0.045
2	1418.000	-0.045
2	1419.000	-0.045
2	1420.000	-0.045
2	1421.000	-0.045
2	1422.000	-0.045
2	1423.000	-0.045
2	1424.000	-0.044
2	1425.000	-0.044
2	1426.000	-0.044
2	1427.000	-0.044
2	1428.000	-0.044
2	1429.000	-0.044
2	1430.000	-0.044
2	1431.000	-0.044
2	1432.000	-0.044
2	1433.000	-0.044
2	1434.000	-0.044
2	1435.000	-0.043
2	1436.000	-0.043
2	1437.000	-0.043
2	1438.000	-0.043
2	1439.000	-0.043
2	1440.000	-0.043
2	1441.000	-0.043
2	1442.000	-0.043
2	1443.000	-0.043
2	1444.000	-0.043
2	1445.000	-0.043
2	1446.000	-0.043
2	1447.000	-0.042
2	1448.000	-0.042
2	1449.000	-0.042
2	1450.000	-0.042
2	1451.000	-0.042
2	1452.000	-0.042
2	1453.000	-0.042
2	1454.000	-0.042
2	1455.000	-0.042
2	1456.000	-0.042
2	1457.000	-0.042
2	1458.000	-0.042
2	1459.000	-0.041
2	1460.000	-0.041
2	1461.000	-0.041
2	1462.000	-0.041
2	1463.000	-0.041
2	1464.000	-0.041
2	1465.000	-0.041
2	1466.000	-0.041
2	1467.000	-0.041
2	1468.000	-0.041
2	1469.000	-0.041
2	1470.000	-0.041
2	1471.000	-0.040
2	1472.000	-0.040
2	1473.000	-0.040
2	1474.000	-0.040
2	1475.000	-0.040
2	1476.000	-0.040
2	1477.000	-0.040
2	1478.000	-0.040
2	1479.000	-0.040
2	1480.000	-0.040
2	1481.000	-0.040
2	1482.000	-0.040
2	1483.000	-0.040
2	1484.000	-0.039
2	1485.000	-0.039
2	1486.000	-0.039
2	1487.000	-0.039
2	1488.000	-0.039
2	1489.000	-0.039
2	1490.000	-0.039
2	1491.000	-0.039
2	1492.000	-0.039
2	1493.000	-0.039
2	1494.000	-0.039
2	1495.000	-0.039
2	1496.000	-0.039
2	1497.000	-0.038
2	1498.000	-0.038
2	1499.000	-0.038
2	1500.000	-0.038
2	1501.000	-0.038
2	1502.000	-0.038
2	1503.000	-0.038
2	1504.000	-0.038
2	1505.000	-0.038
2	1506.000	-0.038
2	1507.000	-0.038
2	1508.000	-0.038
2	1509.000	-0.038
2	1510.000	-0.037
2	1511.000	-0.037
2	1512.000	-0.037
2	1513.000	-0.037
2	1514.000	-0.037
2	1515.000	-0.037
2	1516.000	-0.037
2	1517.000	-0.037
2	1518.000	-0.037
2	1519.000	-0.037
2	1520.000	-0.037
2	1521.000	-0.037
2	1522.000	-0.037
2	1523.000	-0.036
2	1524.000	-0.036
2	1525.000	-0.036
2	1526.000	-0.036
2	1527.000	-0.036
2	1528.000	-0.036
2	1529.000	-0.036
2	1530.000	-0.036
2	1531.000	-0.036
2	1532.000	-0.036
2	1533.000	-0.036
2	1534.000	-0.036
2	1535.000	-0.036
2	1536.000	-0.036
2	1537.000	-0.035
2	1538.000	-0.035
2	1539.000	-0.035
2	1540.000	-0.035
2	1541.000	-0.035
2	1542.000	-0.035
2	1543.000	-0.035
2	1544.000	-0.035
2	1545.000	-0.035
2	1546.000	-0.035
2	1547.000	-0.035
2	1548.000	-0.035
2	1549.000	-0.035
2	1550.000	-0.035
2	1551.000	-0.034
2	1552.000	-0.034
2	1553.000	-0.034
2	1554.000	-0.034
2	1555.000	-0.034
2	1556.000	-0.034
2	1557.000	-0.034
2	1558.000	-0.034
2	1559.000	-0.034
2	1560.000	-0.034
2	1561.000	-0.034
2	1562.000	-0.034
2	1563.000	-0.034
2	1564.000	-0.034
2	1565.000	-0.034
2	1566.000	-0.033
2	1567.000	-0.033
2	1568.000	-0.033
2	1569.000	-0.033
2	1570.000	-0.033
2	1571.000	-0.033
2	1572.000	-0.033
2	1573.000	-0.033
2	1574.000	-0.033
2	1575.000	-0.033
2	1576.000	-0.033
2	1577.000	-0.033
2	1578.000	-0.033
2	1579.000	-0.033
2	1580.000	-0.033
2	1581.000	-0.032
2	1582.000	-0.032
2	1583.000	-0.032
2	1584.000	-0.032
2	1585.000	-0.032
2	1586.000	-0.032
2	1587.000	-0.032
2	1588.000	-0.032
2	1589.000	-0.032
2	1590.000	-0.032
2	1591.000	-0.032
2	1592.000	-0.032
2	1593.000	-0.032
2	1594.000	-0.032
2	1595.000	-0.032
2	1596.000	-0.032
2	1597.000	-0.031
2	1598.000	-0.031
2	1599.000	-0.031
2	1600.000	-0.031
2	1601.000	-0.031
2	1602.000	-0.031
2	1603.000	-0.031
2	1604.000	-0.031
2	1605.000	-0.031
2	1606.000	-0.031
2	1607.000	-0.031
2	1608.000	-0.031
2	1609.000	-0.031
2	1610.000	-0.031
2	1611.000	-0.031
2	1612.000	-0.031
2	1613.000	-0.030
2	1614.000	-0.030
2	1615.000	-0.030
2	1616.000	-0.030
2	1617.000	-0.030
2	1618.000	-0.030
2	1619.000	-0.030
2	1620.000	-0.030
2	1621.000	-0.030
2	1622.000	-0.030
2	1623.000	-0.030
2	1624.000	-0.030
2	1625.000	-0.030
2	1626.000	-0.030
2	1627.000	-0.030
2	1628.000	-0.030
2	1629.000	-0.030
2	1630.000	-0.029
2	1631.000	-0.029
2	1632.000	-0.029
2	1633.000	-0.029
2	1634.000	-0.029
2	1635.000	-0.029
2	1636.000	-0.029
2	1637.000	-0.029
2	1638.000	-0.029
2	1639.000	-0.029
2	1640.000	-0.029
2	1641.000	-0.029
2	1642.000	-0.029
2	1643.000	-0.029
2	1644.000	-0.029
2	1645.000	-0.029
2	1646.000	-0.029
2	1647.000	-0.028
2	1648.000	-0.028
2	1649.000	-0.028
2	1650.000	-0.028
2	1651.000	-0.028
2	1652.000	-0.028
2	1653.000	-0.028
2	1654.000	-0.028
2	1655.000	-0.028
2	1656.000	-0.028
2	1657.000	-0.028
2	1658.000	-0.028
2	1659.000	-0.028
2	1660.000	-0.028
2	1661.000	-0.028
2	1662.000	-0.028
2	1663.000	-0.028
2	1664.000	-0.028
2	1665.000	-0.027
2	1666.000	-0.027
2	1667.000	-0.027
2	1668.000	-0.027
2	1669.000	-0.027
2	1670.000	-0.027
2	1671.000	-0.027
2	1672.000	-0.027
2	1673.000	-0.027
2	1674.000	-0.027
2	1675.000	-0.027
2	1676.000	-0.027
2	1677.000	-0.027
2	1678.000	-0.027
2	1679.000	-0.027
2	1680.000	-0.027
2	1681.000	-0.027
2	1682.000	-0.027
2	1683.000	-0.026
2	1684.000	-0.026
2	1685.000	-0.026
2	1686.000	-0.026
2	1687.000	-0.026
2	1688.000	-0.026
2	1689.000	-0.026
2	1690.000	-0.026
2	1691.000	-0.026
2	1692.000	-0.026
2	1693.000	-0.026
2	1694.000	-0.026
2	1695.000	-0.026
2	1696.000	-0.026
2	1697.000	-0.026
2	1698.000	-0.026
2	1699.000	-0.026
2	1700.000	-0.026
2	1701.000	-0.026
2	1702.000	-0.026
2	1703.000	-0.025
2	1704.000	-0.025
2	1705.000	-0.025
2	1706.000	-0.025
2	1707.000	-0.025
2	1708.000	-0.025
2	1709.000	-0.025
2	1710.000	-0.025
2	1711.000	-0.025
2	1712.000	-0.025
2	1713.000	-0.025
2	1714.000	-0.025
2	1715.000	-0.025
2	1716.000	-0.025
2	1717.000	-0.025
2	1718.000	-0.025
2	1719.000	-0.025
2	1720.000	-0.025
2	1721.000	-0.025
2	1722.000	-0.025
2	1723.000	-0.024
2	1724.000	-0.024
2	1725.000	-0.024
2	1726.000	-0.024
2	1727.000	-0.024
2	1728.000	-0.024
2	1729.000	-0.024
2	1730.000	-0.024
2	1731.000	-0.024
2	1732.000	-0.024
2	1733.000	-0.024
2	1734.000	-0.024
2	1735.000	-0.024
2	1736.000	-0.024
2	1737.000	-0.024
2	1738.000	-0.024
2	1739.000	-0.024
2	1740.000	-0.024
2	1741.000	-0.024
2	1742.000	-0.024
2	1743.000	-0.023
2	1744.000	-0.023
2	1745.000	-0.023
2	1746.000	-0.023
2	1747.000	-0.023
2	1748.000	-0.023
2	1749.000	-0.023
2	1750.000	-0.023
2	1751.000	-0.023
2	1752.000	-0.023
2	1753.000	-0.023
2	1754.000	-0.023
2	1755.000	-0.023
2	1756.000	-0.023
2	1757.000	-0.023
2	1758.000	-0.023
2	1759.000	-0.023
2	1760.000	-0.023
2	1761.000	-0.023
2	1762.000	-0.023
2	1763.000	-0.023
2	1764.000	-0.023
2	1765.000	-0.022
2	1766.000	-0.022
2	1767.000	-0.022
2	1768.000	-0.022
2	1769.000	-0.022
2	1770.000	-0.022
2	1771.000	-0.022
2	1772.000	-0.022
2	1773.000	-0.022
2	1774.000	-0.022
2	1775.000	-0.022
2	1776.000	-0.022
2	1777.000	-0.022
2	1778.000	-0.022
2	1779.000	-0.022
2	1780.000	-0.022
2	1781.000	-0.022
2	1782.000	-0.022
2	1783.000	-0.022
2	1784.000	-0.022
2	1785.000	-0.022
2	1786.000	-0.022
2	1787.000	-0.022
2	1788.000	-0.021
2	1789.000	-0.021
2	1790.000	-0.021
2	1791.000	-0.021
2	1792.000	-0.021
2	1793.000	-0.021
2	1794.000	-0.021
2	1795.000	-0.021
2	1796.000	-0.021
2	1797.000	-0.021
2	1798.000	-0.021
2	1799.000	-0.021
2	1800.000	-0.021
2	1801.000	-0.021
2	1802.000	-0.021
2	1803.000	-0.021
2	1804.000	-0.021
2	1805.000	-0.021
2	1806.000	-0.021
2	1807.000	-0.021
2	1808.000	-0.021
2	1809.000	-0.021
2	1810.000	-0.021
2	1811.000	-0.021
2	1812.000	-0.020
2	1813.000	-0.020
2	1814.000	-0.020
2	1815.000	-0.020
2	1816.000	-0.020
2	1817.000	-0.020
2	1818.000	-0.020
2	1819.000	-0.020
2	1820.000	-0.020
2	1821.000	-0.020
2	1822.000	-0.020
2	1823.000	-0.020
2	1824.000	-0.020
2	1825.000	-0.020
2	1826.000	-0.020
2	1827.000	-0.020
2	1828.000	-0.020
2	1829.000	-0.020
2	1830.000	-0.020
2	1831.000	-0.020
2	1832.000	-0.020
2	1833.000	-0.020
2	1834.000	-0.020
2	1835.000	-0.020
2	1836.000	-0.020
2	1837.000	-0.019
2	1838.000	-0.019
2	1839.000	-0.019
2	1840.000	-0.019
2	1841.000	-0.019
2	1842.000	-0.019
2	1843.000	-0.019
2	1844.000	-0.019
2	1845.000	-0.019
2	1846.000	-0.019
2	1847.000	-0.019
2	1848.000	-0.019
2	1849.000	-0.019
2	1850.000	-0.019
2	1851.000	-0.019
2	1852.000	-0.019
2	1853.000	-0.019
2	1854.000	-0.019
2	1855.000	-0.019
2	1856.000	-0.019
2	1857.000	-0.019
2	1858.000	-0.019
2	1859.000	-0.019
2	1860.000	-0.019
2	1861.000	-0.019
2	1862.000	-0.019
2	1863.000	-0.018
2	1864.000	-0.018
2	1865.000	-0.018
2	1866.000	-0.018
2	1867.000	-0.018
2	1868.000	-0.018
2	1869.000	-0.018
2	1870.000	-0.018
2	1871.000	-0.018
2	1872.000	-0.018
2	1873.000	-0.018
2	1874.000	-0.018
2	1875.000	-0.018
2	1876.000	-0.018
2	1877.000	-0.018
2	1878.000	-0.018
2	1879.000	-0.018
2	1880.000	-0.018
2	1881.000	-0.018
2	1882.000	-0.018
2	1883.000	-0.018
2	1884.000	-0.018
2	1885.000	-0.018
2	1886.000	-0.018
2	1887.000	-0.018
2	1888.000	-0.018
2	1889.000	-0.018
2	1890.000	-0.018
2	1891.000	-0.017
2	1892.000	-0.017
2	1893.000	-0.017
2	1894.000	-0.017
2	1895.000	-0.017
2	1896.000	-0.017
2	1897.000	-0.017
2	1898.000	-0.017
2	1899.000	-0.017
2	1900.000	-0.017
2	1901.000	-0.017
2	1902.000	-0.017
2	1903.000	-0.017
2	1904.000	-0.017
2	1905.000	-0.017
2	1906.000	-0.017
2	1907.000	-0.017
2	1908.000	-0.017
2	1909.000	-0.017
2	1910.000	-0.017
2	1911.000	-0.017
2	1912.000	-0.017
2	1913.000	-0.017
2	1914.000	-0.017
2	1915.000	-0.017
2	1916.000	-0.017
2	1917.000	-0.017
2	1918.000	-0.017
2	1919.000	-0.017
2	1920.000	-0.016
2	1921.000	-0.016
2	1922.000	-0.016
2	1923.000	-0.016
2	1924.000	-0.016
2	1925.000	-0.016
2	1926.000	-0.016
2	1927.000	-0.016
2	1928.000	-0.016
2	1929.000	-0.016
2	1930.000	-0.016
2	1931.000	-0.016
2	1932.000	-0.016
2	1933.000	-0.016
2	1934.000	-0.016
2	1935.000	-0.016
2	1936.000	-0.016
2	1937.000	-0.016
2	1938.000	-0.016
2	1939.000	-0.016
2	1940.000	-0.016
2	1941.000	-0.016
2	1942.000	-0.016
2	1943.000	-0.016
2	1944.000	-0.016
2	1945.000	-0.016
2	1946.000	-0.016
2	1947.000	-0.016
2	1948.000	-0.016
2	1949.000	-0.016
2	1950.000	-0.016
2	1951.000	-0.015
2	1952.000	-0.015
2	1953.000	-0.015
2	1954.000	-0.015
2	1955.000	-0.015
2	1956.000	-0.015
2	1957.000	-0.015
2	1958.000	-0.015
2	1959.000	-0.015
2	1960.000	-0.015
2	1961.000	-0.015
2	1962.000	-0.015
2	1963.000	-0.015
2	1964.000	-0.015
2	1965.000	-0.015
2	1966.000	-0.015
2	1967.000	-0.015
2	1968.000	-0.015
2	1969.000	-0.015
2	1970.000	-0.015
2	1971.000	-0.015
2	1972.000	-0.015
2	1973.000	-0.015
2	1974.000	-0.015
2	1975.000	-0.015
2	1976.000	-0.015
2	1977.000	-0.015
2	1978.000	-0.015
2	1979.000	-0.015
2	1980.000	-0.015
2	1981.000	-0.015
2	1982.000	-0.015
2	1983.000	-0.015
2	1984.000	-0.015
2	1985.000	-0.014
2	1986.000	-0.014
2	1987.000	-0.014
2	1988.000	-0.014
2	1989.000	-0.014
2	1990.000	-0.014
2	1991.000	-0.014
2	1992.000	-0.014
2	1993.000	-0.014
2	1994.000	-0.014
2	1995.000	-0.014
2	1996.000	-0.014
2	1997.000	-0.014
2	1998.000	-0.014
2	1999.000	-0.014
2	2000.000	-0.014
