# NEST version: UNKNOWN
# RecordingBackendASCII version: 2
sender	time_ms	V_m
808	1.000	-70.718
808	2.000	-70.174
808	3.000	-69.512
808	4.000	-68.847
808	5.000	-68.297
808	6.000	-67.843
808	7.000	-67.465
808	8.000	-67.150
808	9.000	-66.886
808	10.000	-66.665
808	11.000	-66.478
808	12.000	-66.320
808	13.000	-66.185
808	14.000	-66.069
808	15.000	-65.970
808	16.000	-65.884
808	17.000	-65.810
808	18.000	-65.744
808	19.000	-65.687
808	20.000	-65.636
808	21.000	-65.591
808	22.000	-65.551
808	23.000	-65.305
808	24.000	-64.968
808	25.000	-64.486
808	26.000	-64.117
808	27.000	-63.839
808	28.000	-63.634
808	29.000	-63.487
808	30.000	-63.386
808	31.000	-63.322
808	32.000	-62.936
808	33.000	-62.451
808	34.000	-61.900
808	35.000	-61.428
808	36.000	-61.096
808	37.000	-60.873
808	38.000	-60.737
808	39.000	-60.669
808	40.000	-60.655
808	41.000	-60.682
808	42.000	-60.742
808	43.000	-60.339
808	44.000	-60.022
808	45.000	-59.821
808	46.000	-59.711
808	47.000	-59.672
808	48.000	-59.474
808	49.000	-59.322
808	50.000	-59.255
808	51.000	-59.115
808	52.000	-58.936
808	53.000	-58.851
808	54.000	-58.840
808	55.000	-58.650
808	56.000	-58.536
808	57.000	-58.317
808	58.000	-58.137
808	59.000	-58.059
808	60.000	-57.827
808	61.000	-57.688
808	62.000	-57.646
808	63.000	-57.677
808	64.000	-57.767
808	65.000	-57.900
808	66.000	-58.066
808	67.000	-58.256
808	68.000	-58.206
808	69.000	-58.227
808	70.000	-58.117
808	71.000	-57.582
808	72.000	-56.962
808	73.000	-56.513
808	74.000	-56.243
808	75.000	-56.111
808	76.000	-56.088
808	77.000	-56.149
808	78.000	-56.274
808	79.000	-56.341
808	80.000	-56.327
808	81.000	-56.393
808	82.000	-56.294
808	83.000	-56.272
808	84.000	-56.332
808	85.000	-56.455
808	86.000	-56.626
808	87.000	-56.832
808	88.000	-57.064
808	89.000	-57.315
808	90.000	-57.577
808	91.000	-57.847
808	92.000	-58.119
808	93.000	-58.308
808	94.000	-58.341
808	95.000	-58.425
808	96.000	-58.437
808	97.000	-58.357
808	98.000	-58.354
808	99.000	-58.411
808	100.000	-58.513
808	101.000	-58.649
808	102.000	-58.782
808	103.000	-58.710
808	104.000	-58.522
808	105.000	-58.363
808	106.000	-58.215
808	107.000	-57.988
808	108.000	-57.791
808	109.000	-57.531
808	110.000	-57.397
808	111.000	-57.360
808	112.000	-57.240
808	113.000	-57.122
808	114.000	-57.101
808	115.000	-57.154
808	116.000	-57.264
808	117.000	-57.417
808	118.000	-57.604
808	119.000	-57.814
808	120.000	-57.785
808	121.000	-57.827
808	122.000	-57.922
808	123.000	-57.804
808	124.000	-57.775
808	125.000	-57.817
808	126.000	-57.913
808	127.000	-58.050
808	128.000	-58.217
808	129.000	-58.408
808	130.000	-58.613
808	131.000	-58.830
808	132.000	-58.938
808	133.000	-58.671
808	134.000	-58.520
808	135.000	-58.299
808	136.000	-58.063
808	137.000	-57.633
808	138.000	-57.197
808	139.000	-56.931
808	140.000	-56.741
808	141.000	-56.474
808	142.000	-56.342
808	143.000	-56.317
808	144.000	-56.375
808	145.000	-56.495
808	146.000	-56.663
808	147.000	-56.867
808	148.000	-57.098
808	149.000	-57.094
808	150.000	-57.161
808	151.000	-57.283
808	152.000	-57.445
808	153.000	-57.637
808	154.000	-57.852
808	155.000	-58.081
808	156.000	-58.321
808	157.000	-58.455
808	158.000	-58.470
808	159.000	-58.511
808	160.000	-58.371
808	161.000	-58.321
808	162.000	-58.341
808	163.000	-58.386
808	164.000	-58.252
808	165.000	-58.207
808	166.000	-58.232
808	167.000	-58.150
808	168.000	-58.052
808	169.000	-58.037
808	170.000	-58.087
808	171.000	-57.792
808	172.000	-57.512
808	173.000	-57.363
808	174.000	-57.314
808	175.000	-57.262
808	176.000	-57.120
808	177.000	-57.080
808	178.000	-57.119
808	179.000	-57.219
808	180.000	-57.113
808	181.000	-57.100
808	182.000	-57.160
808	183.000	-57.142
808	184.000	-57.079
808	185.000	-57.100
808	186.000	-57.186
808	187.000	-57.070
808	188.000	-57.050
808	189.000	-57.105
808	190.000	-57.217
808	191.000	-57.372
808	192.000	-57.560
808	193.000	-57.772
808	194.000	-58.000
808	195.000	-58.239
808	196.000	-58.485
808	197.000	-58.734
808	198.000	-58.983
808	199.000	-59.229
808	200.000	-59.472
808	201.000	-59.681
808	202.000	-59.656
808	203.000	-59.626
808	204.000	-59.446
808	205.000	-59.355
808	206.000	-58.980
808	207.000	-58.578
808	208.000	-58.139
808	209.000	-57.791
808	210.000	-57.586
808	211.000	-57.494
808	212.000	-57.236
808	213.000	-56.947
808	214.000	-56.476
808	215.000	-56.167
808	216.000	-56.007
808	217.000	-55.963
808	218.000	-56.008
808	219.000	-56.123
808	220.000	-56.158
808	221.000	-56.147
808	222.000	-56.217
808	223.000	-56.348
808	224.000	-56.527
808	225.000	-56.740
808	226.000	-56.978
808	227.000	-57.234
808	228.000	-57.501
808	229.000	-57.775
808	230.000	-58.052
808	231.000	-58.329
808	232.000	-58.603
808	233.000	-58.873
808	234.000	-59.138
808	235.000	-59.395
808	236.000	-59.455
808	237.000	-59.392
808	238.000	-58.979
808	239.000	-58.529
808	240.000	-57.934
808	241.000	-57.494
808	242.000	-57.222
808	243.000	-56.875
808	244.000	-56.634
808	245.000	-56.522
808	246.000	-56.510
808	247.000	-56.576
808	248.000	-56.497
808	249.000	-56.262
808	250.000	-56.114
808	251.000	-56.078
808	252.000	-56.129
808	253.000	-55.787
808	254.000	-55.327
808	255.000	-55.032
808	256.000	-54.679
808	257.000	-54.499
808	258.000	-54.453
808	259.000	-54.483
808	260.000	-54.153
808	261.000	-53.517
808	262.000	-53.105
808	263.000	-52.458
808	264.000	-51.930
808	265.000	-51.507
808	266.000	-51.126
808	267.000	-50.792
808	268.000	-50.597
808	269.000	-50.547
808	270.000	-50.435
808	271.000	-50.357
808	272.000	-50.318
808	273.000	-49.957
808	274.000	-49.252
808	275.000	-48.544
808	276.000	-65.000
808	277.000	-65.000
808	278.000	-65.000
808	279.000	-65.000
808	280.000	-65.000
808	281.000	-64.930
808	282.000	-64.324
808	283.000	-63.861
808	284.000	-63.514
808	285.000	-63.258
808	286.000	-63.075
808	287.000	-62.749
808	288.000	-62.440
808	289.000	-62.025
808	290.000	-61.384
808	291.000	-60.923
808	292.000	-60.603
808	293.000	-60.395
808	294.000	-60.133
808	295.000	-59.850
808	296.000	-59.676
808	297.000	-59.589
808	298.000	-59.569
808	299.000	-59.601
808	300.000	-59.479
808	301.000	-58.992
808	302.000	-58.523
808	303.000	-58.219
808	304.000	-58.045
808	305.000	-57.971
808	306.000	-57.976
808	307.000	-58.042
808	308.000	-58.154
808	309.000	-58.302
808	310.000	-58.476
808	311.000	-58.611
808	312.000	-58.571
808	313.000	-58.597
808	314.000	-58.674
808	315.000	-58.789
808	316.000	-58.933
808	317.000	-59.099
808	318.000	-59.280
808	319.000	-59.471
808	320.000	-59.668
808	321.000	-59.729
808	322.000	-59.699
808	323.000	-59.722
808	324.000	-59.621
808	325.000	-59.493
808	326.000	-59.442
808	327.000	-59.452
808	328.000	-59.509
808	329.000	-59.601
808	330.000	-59.721
808	331.000	-59.860
808	332.000	-60.014
808	333.000	-60.177
808	334.000	-60.318
808	335.000	-60.232
808	336.000	-60.207
808	337.000	-60.230
808	338.000	-60.290
808	339.000	-60.211
808	340.000	-60.093
808	341.000	-60.046
808	342.000	-60.052
808	343.000	-60.101
808	344.000	-60.183
808	345.000	-60.229
808	346.000	-60.014
808	347.000	-59.714
808	348.000	-59.529
808	349.000	-59.434
808	350.000	-59.271
808	351.000	-59.073
808	352.000	-58.972
808	353.000	-58.734
808	354.000	-58.559
808	355.000	-58.259
808	356.000	-57.796
808	357.000	-57.447
808	358.000	-57.049
808	359.000	-56.813
808	360.000	-56.703
808	361.000	-56.691
808	362.000	-56.673
808	363.000	-56.338
808	364.000	-56.052
808	365.000	-55.503
808	366.000	-55.165
808	367.000	-54.938
808	368.000	-54.446
808	369.000	-54.141
808	370.000	-54.002
808	371.000	-53.991
808	372.000	-53.843
808	373.000	-53.591
808	374.000	-53.498
808	375.000	-53.527
808	376.000	-53.549
808	377.000	-53.533
808	378.000	-53.621
808	379.000	-53.641
808	380.000	-53.668
808	381.000	-53.790
808	382.000	-53.929
808	383.000	-53.848
808	384.000	-53.577
808	385.000	-53.405
808	386.000	-53.375
808	387.000	-53.454
808	388.000	-53.616
808	389.000	-53.843
808	390.000	-54.116
808	391.000	-54.424
808	392.000	-54.938
808	393.000	-55.789
808	394.000	-56.518
808	395.000	-57.016
808	396.000	-57.351
808	397.000	-57.675
808	398.000	-57.932
808	399.000	-57.994
808	400.000	-58.103
808	401.000	-58.248
808	402.000	-58.419
808	403.000	-58.375
808	404.000	-58.377
808	405.000	-58.436
808	406.000	-58.540
808	407.000	-58.678
808	408.000	-58.840
808	409.000	-59.020
808	410.000	-58.717
808	411.000	-58.515
808	412.000	-58.417
808	413.000	-58.399
808	414.000	-58.443
808	415.000	-58.535
808	416.000	-58.664
808	417.000	-58.819
808	418.000	-58.910
808	419.000	-58.859
808	420.000	-58.816
808	421.000	-58.636
808	422.000	-58.553
808	423.000	-58.545
808	424.000	-58.596
808	425.000	-58.692
808	426.000	-58.823
808	427.000	-58.978
808	428.000	-59.153
808	429.000	-59.340
808	430.000	-59.535
808	431.000	-59.735
808	432.000	-59.938
808	433.000	-59.696
808	434.000	-59.098
808	435.000	-58.542
808	436.000	-58.173
808	437.000	-57.948
808	438.000	-57.836
808	439.000	-57.813
808	440.000	-57.830
808	441.000	-57.681
808	442.000	-57.630
808	443.000	-57.655
808	444.000	-57.683
808	445.000	-57.572
808	446.000	-57.442
808	447.000	-57.264
808	448.000	-57.195
808	449.000	-57.102
808	450.000	-56.956
808	451.000	-56.915
808	452.000	-56.954
808	453.000	-57.056
808	454.000	-57.204
808	455.000	-57.388
808	456.000	-57.598
808	457.000	-57.827
808	458.000	-58.068
808	459.000	-58.317
808	460.000	-58.484
808	461.000	-58.499
808	462.000	-58.567
808	463.000	-58.648
808	464.000	-58.537
808	465.000	-58.088
808	466.000	-57.710
808	467.000	-57.120
808	468.000	-56.597
808	469.000	-56.023
808	470.000	-55.662
808	471.000	-55.466
808	472.000	-55.399
808	473.000	-55.432
808	474.000	-55.542
808	475.000	-55.510
808	476.000	-55.524
808	477.000	-55.592
808	478.000	-55.510
808	479.000	-55.352
808	480.000	-55.249
808	481.000	-55.256
808	482.000	-55.347
808	483.000	-55.502
808	484.000	-55.462
808	485.000	-55.271
808	486.000	-55.210
808	487.000	-55.249
808	488.000	-55.365
808	489.000	-55.097
808	490.000	-54.934
808	491.000	-54.722
808	492.000	-54.584
808	493.000	-54.569
808	494.000	-54.452
808	495.000	-54.412
808	496.000	-54.474
808	497.000	-54.562
808	498.000	-54.535
808	499.000	-54.606
808	500.000	-54.752
808	501.000	-54.852
808	502.000	-54.442
808	503.000	-54.126
808	504.000	-53.794
808	505.000	-53.638
808	506.000	-53.618
808	507.000	-53.703
808	508.000	-53.868
808	509.000	-53.824
808	510.000	-53.684
808	511.000	-53.676
808	512.000	-53.770
808	513.000	-53.941
808	514.000	-53.975
808	515.000	-54.057
808	516.000	-54.216
808	517.000	-54.434
808	518.000	-54.696
808	519.000	-54.990
808	520.000	-55.307
808	521.000	-55.639
808	522.000	-55.898
808	523.000	-56.014
808	524.000	-56.183
808	525.000	-56.310
808	526.000	-56.318
808	527.000	-56.401
808	528.000	-56.293
808	529.000	-56.180
808	530.000	-56.029
808	531.000	-55.992
808	532.000	-56.043
808	533.000	-56.161
808	534.000	-56.330
808	535.000	-56.538
808	536.000	-56.774
808	537.000	-57.030
808	538.000	-57.299
808	539.000	-57.577
808	540.000	-57.649
808	541.000	-57.724
808	542.000	-57.615
808	543.000	-57.573
808	544.000	-57.606
808	545.000	-57.641
808	546.000	-57.400
808	547.000	-57.163
808	548.000	-56.793
808	549.000	-56.338
808	550.000	-56.010
808	551.000	-55.645
808	552.000	-55.448
808	553.000	-55.379
808	554.000	-55.411
808	555.000	-55.466
808	556.000	-55.203
808	557.000	-55.043
808	558.000	-55.008
808	559.000	-55.068
808	560.000	-55.073
808	561.000	-54.899
808	562.000	-54.612
808	563.000	-54.394
808	564.000	-54.103
808	565.000	-53.954
808	566.000	-53.937
808	567.000	-54.021
808	568.000	-54.182
808	569.000	-54.402
808	570.000	-54.667
808	571.000	-54.963
808	572.000	-55.281
808	573.000	-55.587
808	574.000	-55.689
808	575.000	-55.770
808	576.000	-55.748
808	577.000	-55.590
808	578.000	-55.529
808	579.000	-55.365
808	580.000	-55.280
808	581.000	-55.300
808	582.000	-55.321
808	583.000	-55.258
808	584.000	-55.296
808	585.000	-55.411
808	586.000	-55.504
808	587.000	-55.252
808	588.000	-55.143
808	589.000	-55.146
808	590.000	-55.156
808	591.000	-54.693
808	592.000	-54.102
808	593.000	-53.746
808	594.000	-53.572
808	595.000	-53.538
808	596.000	-53.378
808	597.000	-53.358
808	598.000	-53.392
808	599.000	-53.338
808	600.000	-53.185
808	601.000	-53.151
808	602.000	-53.104
808	603.000	-53.064
808	604.000	-53.138
808	605.000	-53.174
808	606.000	-53.197
808	607.000	-53.319
808	608.000	-53.516
808	609.000	-53.769
808	610.000	-54.065
808	611.000	-54.390
808	612.000	-54.737
808	613.000	-55.043
808	614.000	-55.178
808	615.000	-55.370
808	616.000	-55.604
808	617.000	-55.762
808	618.000	-55.826
808	619.000	-55.778
808	620.000	-55.755
808	621.000	-55.818
808	622.000	-55.948
808	623.000	-56.129
808	624.000	-56.347
808	625.000	-56.593
808	626.000	-56.802
808	627.000	-56.528
808	628.000	-56.207
808	629.000	-55.836
808	630.000	-55.409
808	631.000	-55.100
808	632.000	-54.751
808	633.000	-54.530
808	634.000	-54.452
808	635.000	-54.485
808	636.000	-54.603
808	637.000	-54.786
808	638.000	-55.018
808	639.000	-55.285
808	640.000	-55.401
808	641.000	-55.332
808	642.000	-55.296
808	643.000	-55.112
808	644.000	-55.056
808	645.000	-54.881
808	646.000	-54.760
808	647.000	-54.125
808	648.000	-53.274
808	649.000	-52.688
808	650.000	-52.349
808	651.000	-52.200
808	652.000	-51.969
808	653.000	-51.699
808	654.000	-51.328
808	655.000	-50.972
808	656.000	-50.821
808	657.000	-50.687
808	658.000	-50.625
808	659.000	-50.562
808	660.000	-50.556
808	661.000	-50.605
808	662.000	-50.619
808	663.000	-50.730
808	664.000	-50.559
808	665.000	-50.512
808	666.000	-50.603
808	667.000	-50.799
808	668.000	-51.077
808	669.000	-51.416
808	670.000	-51.612
808	671.000	-51.840
808	672.000	-52.133
808	673.000	-52.473
808	674.000	-52.847
808	675.000	-53.023
808	676.000	-53.019
808	677.000	-53.121
808	678.000	-53.305
808	679.000	-53.550
808	680.000	-53.543
808	681.000	-53.339
808	682.000	-53.176
808	683.000	-53.154
808	684.000	-53.241
808	685.000	-53.412
808	686.000	-53.646
808	687.000	-53.928
808	688.000	-54.244
808	689.000	-54.584
808	690.000	-54.861
808	691.000	-55.002
808	692.000	-55.199
808	693.000	-55.217
808	694.000	-55.295
808	695.000	-55.441
808	696.000	-55.559
808	697.000	-55.568
808	698.000	-55.658
808	699.000	-55.810
808	700.000	-55.709
808	701.000	-55.522
808	702.000	-55.285
808	703.000	-55.121
808	704.000	-55.081
808	705.000	-55.138
808	706.000	-55.093
808	707.000	-55.079
808	708.000	-55.155
808	709.000	-55.301
808	710.000	-55.499
808	711.000	-55.737
808	712.000	-56.003
808	713.000	-56.289
808	714.000	-56.481
808	715.000	-56.563
808	716.000	-56.701
808	717.000	-56.881
808	718.000	-57.037
808	719.000	-57.032
808	720.000	-57.070
808	721.000	-56.765
808	722.000	-56.534
808	723.000	-56.431
808	724.000	-56.426
808	725.000	-56.498
808	726.000	-56.629
808	727.000	-56.804
808	728.000	-57.013
808	729.000	-57.245
808	730.000	-57.359
808	731.000	-57.397
808	732.000	-57.358
808	733.000	-57.249
808	734.000	-56.954
808	735.000	-56.422
808	736.000	-56.022
808	737.000	-55.794
808	738.000	-55.699
808	739.000	-55.708
808	740.000	-55.796
808	741.000	-55.946
808	742.000	-56.142
808	743.000	-56.372
808	744.000	-56.446
808	745.000	-56.284
808	746.000	-56.214
808	747.000	-56.210
808	748.000	-56.064
808	749.000	-55.875
808	750.000	-55.719
808	751.000	-55.680
808	752.000	-55.733
808	753.000	-55.855
808	754.000	-55.722
808	755.000	-55.518
808	756.000	-55.444
808	757.000	-55.472
808	758.000	-55.577
808	759.000	-55.714
808	760.000	-55.684
808	761.000	-55.742
808	762.000	-55.870
808	763.000	-56.049
808	764.000	-56.160
808	765.000	-56.183
808	766.000	-56.278
808	767.000	-56.429
808	768.000	-56.622
808	769.000	-56.845
808	770.000	-56.982
808	771.000	-56.810
808	772.000	-56.366
808	773.000	-55.697
808	774.000	-55.267
808	775.000	-55.023
808	776.000	-54.923
808	777.000	-54.935
808	778.000	-54.928
808	779.000	-54.873
808	780.000	-54.921
808	781.000	-55.046
808	782.000	-55.231
808	783.000	-55.460
808	784.000	-55.723
808	785.000	-55.902
808	786.000	-55.756
808	787.000	-55.704
808	788.000	-55.500
808	789.000	-55.427
808	790.000	-55.455
808	791.000	-55.507
808	792.000	-55.440
808	793.000	-55.473
808	794.000	-55.582
808	795.000	-55.750
808	796.000	-55.961
808	797.000	-56.205
808	798.000	-56.472
808	799.000	-56.754
808	800.000	-57.047
808	801.000	-57.344
808	802.000	-57.459
808	803.000	-57.545
808	804.000	-57.678
808	805.000	-57.845
808	806.000	-58.039
808	807.000	-58.250
808	808.000	-58.474
808	809.000	-58.706
808	810.000	-58.942
808	811.000	-59.179
808	812.000	-59.415
808	813.000	-59.648
808	814.000	-59.876
808	815.000	-60.100
808	816.000	-60.317
808	817.000	-60.527
808	818.000	-60.730
808	819.000	-60.927
808	820.000	-61.115
808	821.000	-61.297
808	822.000	-61.470
808	823.000	-61.440
808	824.000	-61.373
808	825.000	-61.353
808	826.000	-61.370
808	827.000	-61.245
808	828.000	-61.051
808	829.000	-60.667
808	830.000	-60.173
808	831.000	-59.835
808	832.000	-59.619
808	833.000	-59.303
808	834.000	-58.784
808	835.000	-58.329
808	836.000	-57.864
808	837.000	-57.344
808	838.000	-57.012
808	839.000	-56.827
808	840.000	-56.756
808	841.000	-56.774
808	842.000	-56.860
808	843.000	-56.999
808	844.000	-57.177
808	845.000	-57.384
808	846.000	-57.612
808	847.000	-57.855
808	848.000	-58.023
808	849.000	-58.042
808	850.000	-58.119
808	851.000	-58.239
808	852.000	-58.392
808	853.000	-58.569
808	854.000	-58.763
808	855.000	-58.969
808	856.000	-59.183
808	857.000	-59.401
808	858.000	-59.619
808	859.000	-59.621
808	860.000	-59.432
808	861.000	-59.263
808	862.000	-59.183
808	863.000	-59.172
808	864.000	-59.215
808	865.000	-59.300
808	866.000	-59.416
808	867.000	-59.264
808	868.000	-58.753
808	869.000	-58.369
808	870.000	-58.131
808	871.000	-58.008
808	872.000	-57.946
808	873.000	-57.480
808	874.000	-56.877
808	875.000	-56.141
808	876.000	-55.566
808	877.000	-55.208
808	878.000	-54.794
808	879.000	-54.310
808	880.000	-54.033
808	881.000	-53.917
808	882.000	-53.925
808	883.000	-54.029
808	884.000	-54.206
808	885.000	-54.438
808	886.000	-54.711
808	887.000	-54.838
808	888.000	-54.906
808	889.000	-54.859
808	890.000	-54.912
808	891.000	-54.844
808	892.000	-54.837
808	893.000	-54.922
808	894.000	-55.076
808	895.000	-55.283
808	896.000	-55.501
808	897.000	-55.537
808	898.000	-55.649
808	899.000	-55.817
808	900.000	-56.029
808	901.000	-56.272
808	902.000	-56.538
808	903.000	-56.819
808	904.000	-57.110
808	905.000	-57.406
808	906.000	-57.568
808	907.000	-57.640
808	908.000	-57.761
808	909.000	-57.919
808	910.000	-58.104
808	911.000	-58.198
808	912.000	-58.184
808	913.000	-58.234
808	914.000	-58.276
808	915.000	-58.031
808	916.000	-57.784
808	917.000	-57.657
808	918.000	-57.624
808	919.000	-57.663
808	920.000	-57.729
808	921.000	-57.619
808	922.000	-57.599
808	923.000	-57.649
808	924.000	-57.696
808	925.000	-57.599
808	926.000	-57.589
808	927.000	-57.647
808	928.000	-57.756
808	929.000	-57.905
808	930.000	-58.084
808	931.000	-58.199
808	932.000	-58.176
808	933.000	-57.962
808	934.000	-57.605
808	935.000	-57.212
808	936.000	-56.909
808	937.000	-56.747
808	938.000	-56.587
808	939.000	-56.216
808	940.000	-55.807
808	941.000	-55.218
808	942.000	-54.854
808	943.000	-54.663
808	944.000	-54.607
808	945.000	-54.655
808	946.000	-54.655
808	947.000	-54.634
808	948.000	-54.709
808	949.000	-54.858
808	950.000	-55.062
808	951.000	-55.308
808	952.000	-55.584
808	953.000	-55.882
808	954.000	-56.194
808	955.000	-56.514
808	956.000	-56.838
808	957.000	-57.003
808	958.000	-57.108
808	959.000	-57.260
808	960.000	-57.446
808	961.000	-57.657
808	962.000	-57.701
808	963.000	-57.729
808	964.000	-57.521
808	965.000	-57.214
808	966.000	-57.017
808	967.000	-56.714
808	968.000	-56.553
808	969.000	-56.422
808	970.000	-56.074
808	971.000	-55.548
808	972.000	-55.229
808	973.000	-54.849
808	974.000	-54.625
808	975.000	-54.544
808	976.000	-54.574
808	977.000	-54.688
808	978.000	-54.868
808	979.000	-55.096
808	980.000	-55.361
808	981.000	-55.597
808	982.000	-55.672
808	983.000	-55.812
808	984.000	-56.002
808	985.000	-56.229
808	986.000	-56.400
808	987.000	-56.442
808	988.000	-56.288
808	989.000	-56.011
808	990.000	-55.878
808	991.000	-55.855
808	992.000	-55.918
808	993.000	-56.047
808	994.000	-56.226
808	995.000	-56.442
808	996.000	-56.685
808	997.000	-56.947
808	998.000	-57.222
808	999.000	-57.505
808	1000.000	-57.559
808	1001.000	-57.644
808	1002.000	-57.591
808	1003.000	-57.516
808	1004.000	-57.301
808	1005.000	-57.202
808	1006.000	-57.194
808	1007.000	-57.257
808	1008.000	-57.374
808	1009.000	-57.532
808	1010.000	-57.721
808	1011.000	-57.932
808	1012.000	-58.158
808	1013.000	-58.207
808	1014.000	-57.979
808	1015.000	-57.865
808	1016.000	-57.840
808	1017.000	-57.884
808	1018.000	-57.669
808	1019.000	-57.141
808	1020.000	-56.474
808	1021.000	-55.745
808	1022.000	-55.130
808	1023.000	-54.618
808	1024.000	-54.052
808	1025.000	-53.397
808	1026.000	-52.786
808	1027.000	-52.407
808	1028.000	-52.152
808	1029.000	-51.915
808	1030.000	-51.848
808	1031.000	-51.912
808	1032.000	-52.077
808	1033.000	-52.151
808	1034.000	-52.259
808	1035.000	-52.077
808	1036.000	-51.752
808	1037.000	-51.382
808	1038.000	-51.075
808	1039.000	-50.694
808	1040.000	-50.388
808	1041.000	-50.150
808	1042.000	-50.090
808	1043.000	-50.171
808	1044.000	-50.317
808	1045.000	-50.385
808	1046.000	-50.567
808	1047.000	-50.632
808	1048.000	-50.601
808	1049.000	-50.443
808	1050.000	-50.447
808	1051.000	-50.353
808	1052.000	-50.246
808	1053.000	-50.228
808	1054.000	-50.139
808	1055.000	-50.104
808	1056.000	-50.055
808	1057.000	-50.145
808	1058.000	-50.229
808	1059.000	-50.244
808	1060.000	-50.011
808	1061.000	-49.955
808	1062.000	-50.040
808	1063.000	-50.238
808	1064.000	-50.384
808	1065.000	-50.307
808	1066.000	-50.164
808	1067.000	-50.180
808	1068.000	-50.321
808	1069.000	-50.562
808	1070.000	-50.877
808	1071.000	-51.042
808	1072.000	-51.480
808	1073.000	-52.351
808	1074.000	-53.022
808	1075.000	-53.506
808	1076.000	-53.976
808	1077.000	-54.353
808	1078.000	-54.576
808	1079.000	-54.513
808	1080.000	-54.403
808	1081.000	-54.412
808	1082.000	-54.362
808	1083.000	-54.155
808	1084.000	-54.027
808	1085.000	-53.853
808	1086.000	-53.752
808	1087.000	-53.774
808	1088.000	-53.863
808	1089.000	-53.767
808	1090.000	-53.124
808	1091.000	-52.522
808	1092.000	-52.172
808	1093.000	-52.016
808	1094.000	-52.011
808	1095.000	-52.022
808	1096.000	-52.015
808	1097.000	-51.915
808	1098.000	-51.933
808	1099.000	-52.062
808	1100.000	-52.275
808	1101.000	-52.453
808	1102.000	-52.569
808	1103.000	-52.768
808	1104.000	-53.030
808	1105.000	-53.338
808	1106.000	-53.680
808	1107.000	-54.045
808	1108.000	-54.321
808	1109.000	-54.494
808	1110.000	-54.720
808	1111.000	-54.986
808	1112.000	-55.280
808	1113.000	-55.595
808	1114.000	-55.698
808	1115.000	-55.839
808	1116.000	-56.028
808	1117.000	-56.199
808	1118.000	-56.217
808	1119.000	-56.308
808	1120.000	-56.455
808	1121.000	-56.644
808	1122.000	-56.865
808	1123.000	-57.108
808	1124.000	-57.367
808	1125.000	-57.427
808	1126.000	-57.495
808	1127.000	-57.614
808	1128.000	-57.772
808	1129.000	-57.848
808	1130.000	-57.825
808	1131.000	-57.870
808	1132.000	-57.968
808	1133.000	-57.920
808	1134.000	-57.876
808	1135.000	-57.904
808	1136.000	-57.989
808	1137.000	-58.117
808	1138.000	-58.276
808	1139.000	-58.460
808	1140.000	-58.660
808	1141.000	-58.872
808	1142.000	-59.090
808	1143.000	-59.284
808	1144.000	-59.252
808	1145.000	-59.278
808	1146.000	-59.349
808	1147.000	-59.074
808	1148.000	-58.772
808	1149.000	-58.594
808	1150.000	-58.512
808	1151.000	-58.507
808	1152.000	-58.559
808	1153.000	-58.657
808	1154.000	-58.789
808	1155.000	-58.946
808	1156.000	-58.862
808	1157.000	-58.851
808	1158.000	-58.897
808	1159.000	-58.986
808	1160.000	-59.108
808	1161.000	-59.255
808	1162.000	-59.420
808	1163.000	-59.598
808	1164.000	-59.784
808	1165.000	-59.974
808	1166.000	-60.167
808	1167.000	-60.215
808	1168.000	-59.713
808	1169.000	-59.044
808	1170.000	-58.583
808	1171.000	-58.285
808	1172.000	-58.114
808	1173.000	-58.043
808	1174.000	-58.049
808	1175.000	-58.115
808	1176.000	-58.227
808	1177.000	-58.373
808	1178.000	-58.546
808	1179.000	-58.479
808	1180.000	-58.250
808	1181.000	-57.974
808	1182.000	-57.594
808	1183.000	-57.223
808	1184.000	-56.755
808	1185.000	-56.441
808	1186.000	-56.055
808	1187.000	-55.782
808	1188.000	-55.463
808	1189.000	-55.302
808	1190.000	-55.262
808	1191.000	-55.318
808	1192.000	-55.446
808	1193.000	-55.630
808	1194.000	-55.855
808	1195.000	-56.110
808	1196.000	-56.387
808	1197.000	-56.678
808	1198.000	-56.977
808	1199.000	-57.281
808	1200.000	-57.585
808	1201.000	-57.888
808	1202.000	-58.186
808	1203.000	-58.478
808	1204.000	-58.763
808	1205.000	-59.040
808	1206.000	-59.279
808	1207.000	-59.283
808	1208.000	-59.337
808	1209.000	-59.428
808	1210.000	-59.287
808	1211.000	-58.905
808	1212.000	-58.384
808	1213.000	-57.869
808	1214.000	-57.537
808	1215.000	-57.346
808	1216.000	-57.266
808	1217.000	-57.043
808	1218.000	-56.919
808	1219.000	-56.895
808	1220.000	-56.947
808	1221.000	-57.059
808	1222.000	-57.215
808	1223.000	-57.405
808	1224.000	-57.511
808	1225.000	-57.514
808	1226.000	-57.583
808	1227.000	-57.701
808	1228.000	-57.858
808	1229.000	-57.986
808	1230.000	-57.762
808	1231.000	-57.584
808	1232.000	-57.512
808	1233.000	-57.522
808	1234.000	-57.596
808	1235.000	-57.718
808	1236.000	-57.878
808	1237.000	-58.064
808	1238.000	-58.009
808	1239.000	-57.778
808	1240.000	-57.472
808	1241.000	-56.989
808	1242.000	-56.406
808	1243.000	-55.822
808	1244.000	-55.454
808	1245.000	-55.256
808	1246.000	-55.189
808	1247.000	-55.224
808	1248.000	-55.337
808	1249.000	-55.287
808	1250.000	-55.313
808	1251.000	-55.418
808	1252.000	-55.584
808	1253.000	-55.768
808	1254.000	-55.774
808	1255.000	-55.860
808	1256.000	-56.007
808	1257.000	-56.200
808	1258.000	-56.428
808	1259.000	-56.680
808	1260.000	-56.949
808	1261.000	-57.230
808	1262.000	-57.333
808	1263.000	-57.411
808	1264.000	-57.285
808	1265.000	-57.257
808	1266.000	-57.303
808	1267.000	-57.406
808	1268.000	-57.553
808	1269.000	-57.733
808	1270.000	-57.937
808	1271.000	-58.158
808	1272.000	-58.390
808	1273.000	-58.629
808	1274.000	-58.786
808	1275.000	-58.788
808	1276.000	-58.845
808	1277.000	-58.943
808	1278.000	-59.073
808	1279.000	-59.197
808	1280.000	-59.112
808	1281.000	-59.099
808	1282.000	-59.141
808	1283.000	-59.225
808	1284.000	-59.341
808	1285.000	-59.291
808	1286.000	-59.231
808	1287.000	-59.235
808	1288.000	-59.290
808	1289.000	-59.382
808	1290.000	-59.504
808	1291.000	-59.647
808	1292.000	-59.805
808	1293.000	-59.974
808	1294.000	-60.150
808	1295.000	-60.330
808	1296.000	-60.268
808	1297.000	-60.238
808	1298.000	-60.258
808	1299.000	-60.147
808	1300.000	-60.006
808	1301.000	-59.940
808	1302.000	-59.935
808	1303.000	-59.975
808	1304.000	-60.050
808	1305.000	-60.153
808	1306.000	-60.057
808	1307.000	-59.979
808	1308.000	-59.963
808	1309.000	-59.669
808	1310.000	-59.099
808	1311.000	-58.642
808	1312.000	-58.346
808	1313.000	-58.040
808	1314.000	-57.562
808	1315.000	-56.961
808	1316.000	-56.522
808	1317.000	-56.011
808	1318.000	-55.482
808	1319.000	-54.939
808	1320.000	-54.590
808	1321.000	-54.414
808	1322.000	-54.371
808	1323.000	-54.214
808	1324.000	-54.167
808	1325.000	-53.816
808	1326.000	-53.580
808	1327.000	-53.500
808	1328.000	-53.539
808	1329.000	-52.834
808	1330.000	-52.075
808	1331.000	-51.611
808	1332.000	-51.374
808	1333.000	-51.168
808	1334.000	-51.048
808	1335.000	-50.915
808	1336.000	-50.874
808	1337.000	-50.966
808	1338.000	-51.160
808	1339.000	-51.269
808	1340.000	-51.411
808	1341.000	-51.641
808	1342.000	-51.937
808	1343.000	-52.281
808	1344.000	-52.429
808	1345.000	-52.487
808	1346.000	-52.578
808	1347.000	-52.757
808	1348.000	-53.004
808	1349.000	-53.301
808	1350.000	-53.634
808	1351.000	-53.940
808	1352.000	-54.090
808	1353.000	-54.301
808	1354.000	-54.560
808	1355.000	-54.852
808	1356.000	-55.169
808	1357.000	-55.501
808	1358.000	-55.843
808	1359.000	-56.190
808	1360.000	-56.538
808	1361.000	-56.883
808	1362.000	-57.140
808	1363.000	-57.240
808	1364.000	-57.386
808	1365.000	-57.566
808	1366.000	-57.563
808	1367.000	-57.581
808	1368.000	-57.632
808	1369.000	-57.511
808	1370.000	-57.483
808	1371.000	-57.528
808	1372.000	-57.629
808	1373.000	-57.772
808	1374.000	-57.863
808	1375.000	-57.825
808	1376.000	-57.831
808	1377.000	-57.672
808	1378.000	-57.614
808	1379.000	-57.634
808	1380.000	-57.715
808	1381.000	-57.842
808	1382.000	-58.003
808	1383.000	-58.191
808	1384.000	-58.396
808	1385.000	-58.614
808	1386.000	-58.515
808	1387.000	-58.304
808	1388.000	-58.200
808	1389.000	-58.179
808	1390.000	-58.224
808	1391.000	-58.084
808	1392.000	-58.015
808	1393.000	-58.022
808	1394.000	-58.090
808	1395.000	-58.203
808	1396.000	-58.351
808	1397.000	-58.525
808	1398.000	-58.717
808	1399.000	-58.922
808	1400.000	-59.135
808	1401.000	-59.352
808	1402.000	-59.571
808	1403.000	-59.789
808	1404.000	-60.005
808	1405.000	-60.218
808	1406.000	-60.425
808	1407.000	-60.627
808	1408.000	-60.604
808	1409.000	-60.309
808	1410.000	-60.123
808	1411.000	-60.255
808	1412.000	-60.432
808	1413.000	-60.508
808	1414.000	-60.606
808	1415.000	-60.720
808	1416.000	-60.844
808	1417.000	-60.977
808	1418.000	-61.114
808	1419.000	-61.254
808	1420.000	-61.396
808	1421.000	-61.537
808	1422.000	-61.678
808	1423.000	-61.816
808	1424.000	-61.779
808	1425.000	-61.678
808	1426.000	-61.630
808	1427.000	-61.622
808	1428.000	-61.645
808	1429.000	-61.693
808	1430.000	-61.729
808	1431.000	-61.545
808	1432.000	-61.432
808	1433.000	-61.376
808	1434.000	-61.119
808	1435.000	-60.930
808	1436.000	-60.820
808	1437.000	-60.504
808	1438.000	-60.299
808	1439.000	-59.941
808	1440.000	-59.521
808	1441.000	-59.148
808	1442.000	-58.912
808	1443.000	-58.548
808	1444.000	-58.302
808	1445.000	-58.170
808	1446.000	-57.855
808	1447.000	-57.187
808	1448.000	-56.743
808	1449.000	-56.475
808	1450.000	-56.344
808	1451.000	-56.238
808	1452.000	-55.905
808	1453.000	-55.400
808	1454.000	-55.097
808	1455.000	-54.898
808	1456.000	-54.646
808	1457.000	-54.464
808	1458.000	-54.040
808	1459.000	-53.790
808	1460.000	-53.424
808	1461.000	-52.815
808	1462.000	-52.457
808	1463.000	-52.149
808	1464.000	-51.940
808	1465.000	-51.895
808	1466.000	-51.975
808	1467.000	-52.152
808	1468.000	-52.401
808	1469.000	-52.705
808	1470.000	-53.049
808	1471.000	-53.422
808	1472.000	-53.813
808	1473.000	-54.215
808	1474.000	-54.596
808	1475.000	-54.572
808	1476.000	-54.602
808	1477.000	-54.717
808	1478.000	-54.818
808	1479.000	-54.823
808	1480.000	-54.916
808	1481.000	-55.077
808	1482.000	-55.290
808	1483.000	-55.540
808	1484.000	-55.818
808	1485.000	-56.114
808	1486.000	-56.267
808	1487.000	-56.289
808	1488.000	-55.937
808	1489.000	-55.355
808	1490.000	-54.929
808	1491.000	-54.368
808	1492.000	-53.877
808	1493.000	-53.598
808	1494.000	-53.484
808	1495.000	-53.498
808	1496.000	-53.417
808	1497.000	-53.414
808	1498.000	-53.513
808	1499.000	-53.692
808	1500.000	-53.803
808	1501.000	-53.877
808	1502.000	-54.032
808	1503.000	-54.248
808	1504.000	-54.458
808	1505.000	-54.526
808	1506.000	-54.671
808	1507.000	-54.874
808	1508.000	-55.042
808	1509.000	-55.096
808	1510.000	-55.225
808	1511.000	-55.411
808	1512.000	-55.640
808	1513.000	-55.900
808	1514.000	-56.182
808	1515.000	-56.424
808	1516.000	-56.313
808	1517.000	-56.236
808	1518.000	-56.254
808	1519.000	-56.345
808	1520.000	-56.335
808	1521.000	-56.132
808	1522.000	-55.986
808	1523.000	-55.953
808	1524.000	-55.783
808	1525.000	-55.711
808	1526.000	-55.738
808	1527.000	-55.840
808	1528.000	-55.999
808	1529.000	-56.203
808	1530.000	-56.212
808	1531.000	-56.119
808	1532.000	-56.033
808	1533.000	-56.047
808	1534.000	-56.136
808	1535.000	-56.283
808	1536.000	-56.474
808	1537.000	-56.697
808	1538.000	-56.944
808	1539.000	-57.151
808	1540.000	-57.185
808	1541.000	-57.280
808	1542.000	-57.421
808	1543.000	-57.598
808	1544.000	-57.801
808	1545.000	-58.022
808	1546.000	-58.255
808	1547.000	-58.496
808	1548.000	-58.506
808	1549.000	-58.547
808	1550.000	-58.637
808	1551.000	-58.762
808	1552.000	-58.915
808	1553.000	-59.087
808	1554.000	-59.059
808	1555.000	-58.695
808	1556.000	-58.300
808	1557.000	-58.055
808	1558.000	-57.791
808	1559.000	-57.150
808	1560.000	-54.899
808	1561.000	-52.411
808	1562.000	-49.617
808	1563.000	-65.000
808	1564.000	-65.000
808	1565.000	-65.000
808	1566.000	-65.000
808	1567.000	-65.000
808	1568.000	-64.012
808	1569.000	-56.377
808	1570.000	-50.127
808	1571.000	-65.000
808	1572.000	-65.000
808	1573.000	-65.000
808	1574.000	-65.000
808	1575.000	-65.000
808	1576.000	-60.856
808	1577.000	-54.276
808	1578.000	-48.442
808	1579.000	-65.000
808	1580.000	-65.000
808	1581.000	-65.000
808	1582.000	-65.000
808	1583.000	-65.000
808	1584.000	-60.094
808	1585.000	-54.740
808	1586.000	-50.683
808	1587.000	-46.982
808	1588.000	-65.000
808	1589.000	-65.000
808	1590.000	-65.000
808	1591.000	-65.000
808	1592.000	-65.000
808	1593.000	-58.391
808	1594.000	-52.857
808	1595.000	-49.274
808	1596.000	-65.000
808	1597.000	-65.000
808	1598.000	-65.000
808	1599.000	-65.000
808	1600.000	-65.000
808	1601.000	-61.855
808	1602.000	-54.796
808	1603.000	-48.807
808	1604.000	-65.000
808	1605.000	-65.000
808	1606.000	-65.000
808	1607.000	-65.000
808	1608.000	-65.000
808	1609.000	-60.591
808	1610.000	-55.388
808	1611.000	-50.743
808	1612.000	-65.000
808	1613.000	-65.000
808	1614.000	-65.000
808	1615.000	-65.000
808	1616.000	-65.000
808	1617.000	-64.225
808	1618.000	-57.606
808	1619.000	-52.478
808	1620.000	-48.965
808	1621.000	-65.000
808	1622.000	-65.000
808	1623.000	-65.000
808	1624.000	-65.000
808	1625.000	-65.000
808	1626.000	-63.392
808	1627.000	-56.583
808	1628.000	-50.723
808	1629.000	-65.000
808	1630.000	-65.000
808	1631.000	-65.000
808	1632.000	-65.000
808	1633.000	-65.000
808	1634.000	-63.818
808	1635.000	-54.813
808	1636.000	-47.075
808	1637.000	-65.000
808	1638.000	-65.000
808	1639.000	-65.000
808	1640.000	-65.000
808	1641.000	-65.000
808	1642.000	-54.305
808	1643.000	-65.000
808	1644.000	-65.000
808	1645.000	-65.000
808	1646.000	-65.000
808	1647.000	-65.000
808	1648.000	-65.000
808	1649.000	-54.568
808	1650.000	-65.000
808	1651.000	-65.000
808	1652.000	-65.000
808	1653.000	-65.000
808	1654.000	-65.000
808	1655.000	-65.000
808	1656.000	-55.178
808	1657.000	-48.364
808	1658.000	-65.000
808	1659.000	-65.000
808	1660.000	-65.000
808	1661.000	-65.000
808	1662.000	-65.000
808	1663.000	-55.917
808	1664.000	-65.000
808	1665.000	-65.000
808	1666.000	-65.000
808	1667.000	-65.000
808	1668.000	-65.000
808	1669.000	-65.000
808	1670.000	-52.116
808	1671.000	-65.000
808	1672.000	-65.000
808	1673.000	-65.000
808	1674.000	-65.000
808	1675.000	-65.000
808	1676.000	-59.897
808	1677.000	-47.362
808	1678.000	-65.000
808	1679.000	-65.000
808	1680.000	-65.000
808	1681.000	-65.000
808	1682.000	-65.000
808	1683.000	-52.254
808	1684.000	-65.000
808	1685.000	-65.000
808	1686.000	-65.000
808	1687.000	-65.000
808	1688.000	-65.000
808	1689.000	-59.054
808	1690.000	-47.357
808	1691.000	-65.000
808	1692.000	-65.000
808	1693.000	-65.000
808	1694.000	-65.000
808	1695.000	-65.000
808	1696.000	-50.689
808	1697.000	-65.000
808	1698.000	-65.000
808	1699.000	-65.000
808	1700.000	-65.000
808	1701.000	-65.000
808	1702.000	-55.583
808	1703.000	-65.000
808	1704.000	-65.000
808	1705.000	-65.000
808	1706.000	-65.000
808	1707.000	-65.000
808	1708.000	-61.203
808	1709.000	-47.948
808	1710.000	-65.000
808	1711.000	-65.000
808	1712.000	-65.000
808	1713.000	-65.000
808	1714.000	-65.000
808	1715.000	-50.545
808	1716.000	-65.000
808	1717.000	-65.000
808	1718.000	-65.000
808	1719.000	-65.000
808	1720.000	-65.000
808	1721.000	-52.645
808	1722.000	-65.000
808	1723.000	-65.000
808	1724.000	-65.000
808	1725.000	-65.000
808	1726.000	-65.000
808	1727.000	-55.069
808	1728.000	-65.000
808	1729.000	-65.000
808	1730.000	-65.000
808	1731.000	-65.000
808	1732.000	-65.000
808	1733.000	-57.327
808	1734.000	-65.000
808	1735.000	-65.000
808	1736.000	-65.000
808	1737.000	-65.000
808	1738.000	-65.000
808	1739.000	-60.601
808	1740.000	-65.000
808	1741.000	-65.000
808	1742.000	-65.000
808	1743.000	-65.000
808	1744.000	-65.000
808	1745.000	-62.442
808	1746.000	-65.000
808	1747.000	-65.000
808	1748.000	-65.000
808	1749.000	-65.000
808	1750.000	-65.000
808	1751.000	-62.620
808	1752.000	-65.000
808	1753.000	-65.000
808	1754.000	-65.000
808	1755.000	-65.000
808	1756.000	-65.000
808	1757.000	-65.000
808	1758.000	-65.000
808	1759.000	-65.000
808	1760.000	-65.000
808	1761.000	-65.000
808	1762.000	-65.000
808	1763.000	-65.000
808	1764.000	-65.000
808	1765.000	-65.000
808	1766.000	-65.000
808	1767.000	-65.000
808	1768.000	-65.000
808	1769.000	-65.000
808	1770.000	-65.000
808	1771.000	-65.000
808	1772.000	-65.000
808	1773.000	-65.000
808	1774.000	-65.000
808	1775.000	-65.000
808	1776.000	-47.256
808	1777.000	-65.000
808	1778.000	-65.000
808	1779.000	-65.000
808	1780.000	-65.000
808	1781.000	-65.000
808	1782.000	-49.094
808	1783.000	-65.000
808	1784.000	-65.000
808	1785.000	-65.000
808	1786.000	-65.000
808	1787.000	-65.000
808	1788.000	-49.652
808	1789.000	-65.000
808	1790.000	-65.000
808	1791.000	-65.000
808	1792.000	-65.000
808	1793.000	-65.000
808	1794.000	-50.416
808	1795.000	-65.000
808	1796.000	-65.000
808	1797.000	-65.000
808	1798.000	-65.000
808	1799.000	-65.000
808	1800.000	-51.915
808	1801.000	-65.000
808	1802.000	-65.000
808	1803.000	-65.000
808	1804.000	-65.000
808	1805.000	-65.000
808	1806.000	-52.869
808	1807.000	-65.000
808	1808.000	-65.000
808	1809.000	-65.000
808	1810.000	-65.000
808	1811.000	-65.000
808	1812.000	-54.194
808	1813.000	-65.000
808	1814.000	-65.000
808	1815.000	-65.000
808	1816.000	-65.000
808	1817.000	-65.000
808	1818.000	-53.988
808	1819.000	-65.000
808	1820.000	-65.000
808	1821.000	-65.000
808	1822.000	-65.000
808	1823.000	-65.000
808	1824.000	-54.426
808	1825.000	-65.000
808	1826.000	-65.000
808	1827.000	-65.000
808	1828.000	-65.000
808	1829.000	-65.000
808	1830.000	-54.149
808	1831.000	-65.000
808	1832.000	-65.000
808	1833.000	-65.000
808	1834.000	-65.000
808	1835.000	-65.000
808	1836.000	-54.234
808	1837.000	-65.000
808	1838.000	-65.000
808	1839.000	-65.000
808	1840.000	-65.000
808	1841.000	-65.000
808	1842.000	-54.606
808	1843.000	-65.000
808	1844.000	-65.000
808	1845.000	-65.000
808	1846.000	-65.000
808	1847.000	-65.000
808	1848.000	-55.210
808	1849.000	-65.000
808	1850.000	-65.000
808	1851.000	-65.000
808	1852.000	-65.000
808	1853.000	-65.000
808	1854.000	-56.431
808	1855.000	-65.000
808	1856.000	-65.000
808	1857.000	-65.000
808	1858.000	-65.000
808	1859.000	-65.000
808	1860.000	-56.253
808	1861.000	-65.000
808	1862.000	-65.000
808	1863.000	-65.000
808	1864.000	-65.000
808	1865.000	-65.000
808	1866.000	-58.713
808	1867.000	-65.000
808	1868.000	-65.000
808	1869.000	-65.000
808	1870.000	-65.000
808	1871.000	-65.000
808	1872.000	-60.329
808	1873.000	-65.000
808	1874.000	-65.000
808	1875.000	-65.000
808	1876.000	-65.000
808	1877.000	-65.000
808	1878.000	-60.273
808	1879.000	-65.000
808	1880.000	-65.000
808	1881.000	-65.000
808	1882.000	-65.000
808	1883.000	-65.000
808	1884.000	-60.136
808	1885.000	-65.000
808	1886.000	-65.000
808	1887.000	-65.000
808	1888.000	-65.000
808	1889.000	-65.000
808	1890.000	-61.129
808	1891.000	-65.000
808	1892.000	-65.000
808	1893.000	-65.000
808	1894.000	-65.000
808	1895.000	-65.000
808	1896.000	-65.000
808	1897.000	-48.165
808	1898.000	-65.000
808	1899.000	-65.000
808	1900.000	-65.000
808	1901.000	-65.000
808	1902.000	-65.000
808	1903.000	-49.640
808	1904.000	-65.000
808	1905.000	-65.000
808	1906.000	-65.000
808	1907.000	-65.000
808	1908.000	-65.000
808	1909.000	-50.040
808	1910.000	-65.000
808	1911.000	-65.000
808	1912.000	-65.000
808	1913.000	-65.000
808	1914.000	-65.000
808	1915.000	-50.322
808	1916.000	-65.000
808	1917.000	-65.000
808	1918.000	-65.000
808	1919.000	-65.000
808	1920.000	-65.000
808	1921.000	-48.920
808	1922.000	-65.000
808	1923.000	-65.000
808	1924.000	-65.000
808	1925.000	-65.000
808	1926.000	-65.000
808	1927.000	-65.000
808	1928.000	-65.000
808	1929.000	-65.000
808	1930.000	-65.000
808	1931.000	-65.000
808	1932.000	-65.000
808	1933.000	-65.000
808	1934.000	-65.000
808	1935.000	-65.000
808	1936.000	-65.000
808	1937.000	-65.000
808	1938.000	-54.959
808	1939.000	-65.000
808	1940.000	-65.000
808	1941.000	-65.000
808	1942.000	-65.000
808	1943.000	-65.000
808	1944.000	-46.616
808	1945.000	-65.000
808	1946.000	-65.000
808	1947.000	-65.000
808	1948.000	-65.000
808	1949.000	-65.000
808	1950.000	-65.000
808	1951.000	-65.000
808	1952.000	-65.000
808	1953.000	-65.000
808	1954.000	-65.000
808	1955.000	-52.448
808	1956.000	-65.000
808	1957.000	-65.000
808	1958.000	-65.000
808	1959.000	-65.000
808	1960.000	-65.000
808	1961.000	-65.000
808	1962.000	-65.000
808	1963.000	-65.000
808	1964.000	-65.000
808	1965.000	-65.000
808	1966.000	-56.626
808	1967.000	-65.000
808	1968.000	-65.000
808	1969.000	-65.000
808	1970.000	-65.000
808	1971.000	-65.000
808	1972.000	-65.000
808	1973.000	-65.000
808	1974.000	-65.000
808	1975.000	-65.000
808	1976.000	-65.000
808	1977.000	-65.000
808	1978.000	-65.000
808	1979.000	-65.000
808	1980.000	-65.000
808	1981.000	-65.000
808	1982.000	-65.000
808	1983.000	-48.921
808	1984.000	-65.000
808	1985.000	-65.000
808	1986.000	-65.000
808	1987.000	-65.000
808	1988.000	-65.000
808	1989.000	-65.000
808	1990.000	-65.000
808	1991.000	-65.000
808	1992.000	-65.000
808	1993.000	-65.000
808	1994.000	-49.093
808	1995.000	-65.000
808	1996.000	-65.000
808	1997.000	-65.000
808	1998.000	-65.000
808	1999.000	-65.000
808	2000.000	-65.000
