# NEST version: UNKNOWN
# RecordingBackendASCII version: 2
sender	time_ms
205	0.500
585	0.700
395	0.800
265	1.000
405	1.500
385	269.200
795	280.300
585	284.300
255	284.900
215	335.000
755	395.600
255	398.900
45	423.400
215	440.500
5	445.500
235	496.700
365	500.900
555	508.800
385	546.800
185	1027.400
285	1039.500
795	1041.500
295	1042.900
235	1043.200
55	1051.200
205	1052.900
485	1058.700
765	1060.700
355	1060.800
175	1062.000
125	1064.000
585	1064.400
725	1069.300
145	1069.700
325	1092.800
525	1419.400
435	1490.500
255	1560.300
685	1562.600
375	1562.800
445	1563.900
265	1564.100
45	1564.600
105	1564.600
465	1564.600
5	1564.700
135	1564.700
385	1564.800
545	1564.800
585	1564.800
635	1565.000
315	1565.200
15	1565.300
555	1565.600
75	1565.700
85	1565.900
535	1565.900
785	1566.000
795	1566.000
145	1566.100
225	1566.100
595	1566.400
425	1566.500
25	1566.800
455	1566.900
55	1567.100
335	1567.300
655	1567.300
765	1567.300
745	1567.400
65	1567.500
615	1567.500
205	1567.600
355	1567.600
275	1567.800
665	1567.800
95	1567.900
705	1568.000
435	1568.100
755	1568.100
235	1568.200
285	1568.200
365	1568.200
515	1568.200
775	1568.200
35	1568.300
675	1568.300
195	1568.400
245	1568.400
415	1568.400
475	1568.400
175	1568.500
525	1568.700
725	1568.800
115	1568.900
505	1569.100
155	1569.200
495	1569.200
565	1569.200
605	1569.200
715	1569.200
215	1569.300
695	1569.400
395	1569.500
485	1569.600
325	1569.700
185	1569.800
405	1569.800
295	1570.000
625	1570.000
735	1570.000
165	1570.100
125	1570.200
345	1570.200
575	1570.200
255	1570.300
305	1570.500
645	1570.500
375	1571.500
685	1571.600
265	1571.900
135	1572.200
445	1572.200
45	1572.700
385	1572.800
585	1572.800
15	1572.900
5	1573.000
105	1573.000
465	1573.000
545	1573.000
635	1573.400
225	1573.900
795	1574.100
555	1574.300
315	1574.400
85	1575.000
145	1575.100
595	1575.100
455	1575.400
65	1575.500
25	1575.600
75	1575.800
425	1575.900
615	1576.100
355	1576.300
785	1576.300
205	1576.400
765	1576.400
665	1576.600
195	1576.700
275	1576.800
515	1576.800
655	1576.900
335	1577.000
705	1577.000
475	1577.100
535	1577.100
745	1577.300
755	1577.400
95	1577.600
175	1577.600
285	1577.600
245	1577.700
235	1577.800
55	1578.000
675	1578.000
415	1578.100
435	1578.100
715	1578.100
35	1578.200
365	1578.200
725	1578.200
695	1578.400
775	1578.400
565	1578.600
405	1578.700
525	1578.700
165	1578.800
505	1578.900
115	1579.200
185	1579.200
325	1579.200
485	1579.200
575	1579.500
295	1579.600
345	1579.600
625	1579.600
155	1579.700
305	1579.700
395	1579.800
215	1579.900
645	1579.900
255	1580.000
495	1580.100
265	1580.200
735	1580.200
375	1580.400
385	1580.500
605	1580.500
125	1580.600
685	1580.700
545	1581.100
445	1581.400
465	1581.400
45	1581.800
635	1581.800
5	1581.900
15	1581.900
585	1582.000
105	1582.100
135	1582.200
795	1582.300
225	1583.100
555	1583.700
65	1584.300
145	1584.500
315	1584.800
615	1585.000
25	1585.100
425	1585.200
85	1585.500
355	1585.900
75	1586.200
765	1586.200
205	1586.300
515	1586.400
195	1586.700
595	1586.700
235	1586.900
335	1587.000
455	1587.000
475	1587.200
705	1587.200
745	1587.300
655	1587.500
665	1587.600
55	1587.900
535	1587.900
95	1588.000
275	1588.000
725	1588.100
285	1588.400
505	1588.700
675	1588.900
785	1588.900
175	1589.100
695	1589.100
485	1589.200
565	1589.200
755	1589.200
365	1589.300
245	1589.600
575	1589.700
345	1589.800
385	1589.900
325	1590.100
405	1590.100
35	1590.200
165	1590.200
775	1590.200
305	1590.300
525	1590.300
415	1590.400
545	1590.600
435	1590.700
625	1591.100
715	1591.100
685	1591.200
185	1591.300
45	1591.500
115	1591.500
645	1591.600
5	1591.900
255	1591.900
375	1591.900
465	1592.100
125	1592.200
105	1592.300
445	1592.400
605	1592.400
15	1592.500
795	1592.500
155	1592.600
495	1592.600
135	1592.700
295	1592.700
585	1593.000
735	1593.100
65	1593.300
215	1593.300
395	1593.300
635	1593.500
265	1593.600
225	1593.900
425	1594.700
555	1595.300
315	1595.600
615	1595.600
515	1595.800
145	1596.100
765	1596.300
455	1596.400
235	1596.500
595	1596.600
205	1596.900
25	1597.100
85	1597.200
75	1597.300
195	1597.400
535	1597.900
355	1598.200
745	1598.300
285	1598.800
705	1598.800
505	1599.100
275	1599.200
665	1599.200
655	1599.300
475	1599.400
55	1599.500
95	1599.600
725	1599.700
385	1599.900
755	1599.900
365	1600.000
485	1600.000
35	1600.100
335	1600.400
245	1600.600
695	1600.700
435	1600.900
115	1601.000
175	1601.000
415	1601.100
185	1601.300
305	1601.300
775	1601.300
785	1601.400
675	1601.600
565	1601.800
345	1602.000
465	1602.000
575	1602.000
255	1602.200
5	1602.300
525	1602.300
105	1602.400
605	1602.400
545	1602.500
325	1602.600
715	1602.600
165	1602.700
495	1602.700
685	1602.800
65	1603.000
155	1603.000
445	1603.000
15	1603.100
135	1603.400
375	1603.400
125	1603.500
405	1603.500
795	1603.500
645	1603.600
585	1603.900
295	1604.000
735	1604.000
225	1604.300
625	1604.400
265	1604.500
425	1604.600
515	1604.800
45	1604.900
235	1604.900
455	1605.500
635	1605.500
315	1605.900
555	1606.200
615	1606.300
25	1606.700
205	1607.000
595	1607.300
745	1607.400
765	1607.500
85	1607.800
145	1607.800
395	1607.800
705	1608.000
195	1608.400
535	1608.500
75	1608.800
215	1608.800
475	1609.000
355	1609.300
655	1609.300
285	1609.400
175	1610.000
665	1610.300
115	1610.400
35	1610.500
385	1610.600
275	1610.700
55	1610.800
435	1610.800
485	1610.800
755	1611.000
695	1611.100
725	1611.100
565	1611.500
95	1611.800
335	1611.900
505	1611.900
675	1612.200
245	1612.500
575	1612.800
155	1612.900
255	1613.000
305	1613.000
365	1613.100
735	1613.100
445	1613.300
165	1613.400
185	1613.400
415	1613.400
15	1613.700
345	1613.700
685	1613.700
325	1613.900
545	1614.100
715	1614.100
235	1614.700
495	1614.700
785	1614.800
265	1615.000
105	1615.100
375	1615.100
405	1615.300
585	1615.500
645	1615.600
135	1615.700
65	1615.800
125	1615.800
5	1616.000
295	1616.000
775	1616.000
225	1616.200
525	1616.200
45	1616.300
25	1616.400
515	1616.400
425	1616.600
455	1616.600
795	1616.600
465	1616.800
635	1616.800
745	1616.800
555	1617.300
595	1617.500
625	1617.600
315	1617.700
705	1617.900
205	1618.000
605	1618.600
615	1618.700
765	1618.700
395	1618.800
75	1619.300
85	1619.300
145	1619.400
475	1619.500
175	1619.600
195	1619.700
285	1619.900
355	1620.000
35	1620.100
435	1620.100
275	1620.200
55	1620.600
655	1620.600
535	1620.800
215	1621.200
725	1621.300
565	1621.400
485	1621.600
665	1621.700
505	1621.900
95	1622.100
115	1622.100
575	1622.200
155	1622.600
335	1622.600
245	1622.700
385	1622.700
695	1622.700
305	1623.100
345	1623.100
675	1623.100
15	1623.200
685	1623.300
415	1623.400
325	1623.500
365	1623.700
445	1623.700
715	1623.800
755	1623.900
545	1624.000
255	1624.100
185	1624.300
165	1624.600
735	1624.800
265	1624.900
405	1625.100
785	1625.100
45	1625.400
235	1625.400
585	1625.600
645	1625.600
25	1625.700
65	1625.800
105	1625.800
465	1626.200
125	1626.300
455	1626.300
775	1626.300
525	1626.400
225	1626.500
425	1626.500
5	1626.600
795	1626.600
375	1626.800
515	1626.800
635	1626.900
745	1626.900
495	1627.000
595	1627.000
705	1627.400
295	1627.500
395	1627.900
625	1628.300
85	1628.400
135	1628.400
605	1628.500
205	1628.600
75	1628.900
285	1629.100
555	1629.100
765	1629.100
55	1629.200
435	1629.300
475	1629.400
615	1629.400
145	1629.500
315	1629.700
535	1629.700
35	1629.800
175	1630.100
355	1630.100
565	1630.500
725	1630.500
505	1631.100
275	1631.200
575	1631.200
655	1631.200
215	1631.400
665	1631.400
345	1631.500
115	1631.600
195	1631.800
385	1631.800
485	1631.900
95	1632.100
155	1632.300
305	1632.500
325	1632.500
245	1632.600
335	1632.600
685	1632.700
755	1632.700
545	1633.300
415	1633.400
715	1633.400
15	1633.500
695	1633.500
255	1633.600
405	1633.600
445	1633.600
185	1633.700
675	1633.900
235	1634.400
165	1634.600
265	1634.600
365	1634.600
45	1634.800
465	1634.800
645	1634.800
65	1634.900
735	1634.900
785	1634.900
105	1635.000
585	1635.100
595	1635.200
455	1635.500
125	1635.600
425	1635.600
525	1635.600
775	1635.700
515	1635.900
795	1635.900
5	1636.100
635	1636.100
25	1636.200
225	1636.300
705	1636.500
375	1636.600
495	1636.700
745	1636.700
85	1637.000
395	1637.300
605	1637.300
295	1637.500
625	1637.500
55	1637.700
475	1637.700
285	1637.900
535	1638.000
765	1638.000
205	1638.100
615	1638.400
75	1638.500
435	1638.600
315	1638.800
175	1638.900
355	1638.900
135	1639.000
145	1639.200
505	1639.300
555	1639.400
35	1639.600
345	1639.800
115	1639.900
665	1639.900
655	1640.000
275	1640.100
725	1640.100
565	1640.300
575	1640.300
305	1640.500
325	1640.500
485	1640.500
385	1640.600
95	1640.900
155	1640.900
195	1640.900
755	1641.000
245	1641.100
215	1641.300
335	1641.400
685	1641.800
255	1642.000
185	1642.100
415	1642.200
715	1642.300
45	1642.500
695	1642.600
465	1642.800
545	1642.800
675	1642.900
15	1643.000
405	1643.000
105	1643.200
235	1643.200
445	1643.300
165	1643.400
265	1643.400
645	1643.500
595	1643.600
785	1643.600
365	1643.700
425	1643.800
585	1644.200
125	1644.300
735	1644.600
795	1644.600
65	1644.700
515	1644.700
25	1644.800
375	1644.800
5	1644.900
225	1645.000
455	1645.000
635	1645.000
525	1645.200
705	1645.200
745	1645.300
205	1645.800
605	1645.800
775	1645.800
55	1645.900
85	1645.900
295	1645.900
285	1646.000
495	1646.000
625	1646.400
765	1646.500
75	1646.700
395	1646.700
535	1646.700
475	1646.800
435	1647.000
135	1647.100
615	1647.100
175	1647.200
505	1647.700
555	1647.700
35	1647.800
355	1647.800
345	1647.900
655	1647.900
145	1648.000
315	1648.000
325	1648.100
565	1648.400
665	1648.400
725	1648.400
115	1648.500
275	1648.500
305	1648.500
385	1648.700
195	1649.100
575	1649.100
245	1649.300
95	1649.400
485	1649.400
335	1649.600
255	1649.700
755	1649.700
155	1649.800
215	1649.800
415	1650.100
685	1650.300
185	1650.400
675	1651.000
715	1651.000
15	1651.100
45	1651.100
165	1651.100
465	1651.100
695	1651.200
265	1651.300
425	1651.300
545	1651.400
365	1651.500
445	1651.500
235	1651.700
405	1651.700
595	1651.900
105	1652.000
785	1652.000
375	1652.200
645	1652.300
735	1652.300
125	1652.700
585	1652.800
515	1652.900
5	1653.000
635	1653.000
225	1653.200
455	1653.200
745	1653.400
25	1653.500
65	1653.500
205	1653.500
795	1653.700
705	1653.800
525	1653.900
295	1654.100
625	1654.100
495	1654.200
55	1654.300
85	1654.300
285	1654.400
775	1654.400
75	1654.500
435	1654.600
135	1654.800
765	1654.800
615	1654.900
175	1655.000
605	1655.000
505	1655.100
535	1655.200
555	1655.200
475	1655.300
655	1655.400
395	1655.700
325	1655.800
35	1655.900
355	1656.000
315	1656.100
565	1656.100
275	1656.200
345	1656.200
145	1656.300
665	1656.600
725	1656.600
115	1656.700
195	1656.900
575	1656.900
385	1657.100
215	1657.200
305	1657.200
245	1657.300
155	1657.500
485	1657.600
95	1657.700
255	1657.800
415	1657.800
755	1658.000
335	1658.400
685	1658.400
185	1658.600
15	1658.800
165	1658.800
365	1658.800
715	1658.800
545	1658.900
425	1659.000
45	1659.100
465	1659.100
675	1659.100
235	1659.300
785	1659.300
445	1659.400
375	1659.500
695	1659.500
265	1659.600
595	1659.700
105	1659.900
405	1659.900
735	1659.900
645	1660.300
585	1660.700
635	1660.700
125	1660.800
5	1660.900
515	1660.900
205	1661.000
455	1661.000
25	1661.100
225	1661.100
65	1661.300
745	1661.300
795	1661.300
625	1661.400
705	1661.500
295	1661.800
525	1661.800
85	1661.900
495	1662.000
775	1662.000
75	1662.100
435	1662.300
555	1662.300
135	1662.500
285	1662.600
615	1662.600
765	1662.600
55	1662.700
505	1662.700
535	1662.700
605	1662.800
175	1662.900
475	1663.100
655	1663.300
325	1663.400
145	1663.500
275	1663.600
35	1663.700
355	1663.900
395	1663.900
315	1664.000
345	1664.000
565	1664.100
575	1664.100
725	1664.300
665	1664.400
195	1664.500
215	1664.500
245	1664.700
115	1664.800
485	1664.900
155	1665.100
95	1665.200
305	1665.200
385	1665.300
415	1665.400
185	1665.600
255	1665.600
755	1665.600
335	1665.700
45	1666.000
365	1666.100
15	1666.200
165	1666.200
715	1666.300
785	1666.400
545	1666.600
375	1666.700
685	1666.700
445	1666.900
675	1666.900
235	1667.000
465	1667.000
105	1667.100
695	1667.100
425	1667.200
595	1667.300
265	1667.400
735	1667.600
645	1667.700
405	1667.900
585	1668.000
25	1668.400
625	1668.400
205	1668.500
515	1668.500
635	1668.500
125	1668.600
455	1668.600
795	1668.600
225	1668.700
705	1668.700
65	1668.800
5	1669.000
745	1669.000
525	1669.200
85	1669.300
555	1669.400
295	1669.600
495	1669.600
775	1669.700
765	1669.800
75	1669.900
615	1669.900
175	1670.000
535	1670.000
435	1670.200
55	1670.300
135	1670.300
285	1670.300
275	1670.500
325	1670.500
475	1670.500
505	1670.700
655	1670.700
145	1670.900
605	1670.900
565	1671.200
575	1671.200
35	1671.600
195	1671.600
315	1671.600
355	1671.600
665	1671.600
395	1671.700
725	1671.700
215	1671.800
345	1672.000
485	1672.000
115	1672.100
245	1672.100
95	1672.300
155	1672.300
385	1672.600
415	1672.700
45	1672.800
185	1672.800
255	1672.800
755	1672.800
335	1672.900
165	1673.300
305	1673.300
715	1673.300
785	1673.500
15	1673.600
365	1673.800
105	1674.000
545	1674.100
375	1674.200
465	1674.200
235	1674.300
695	1674.300
445	1674.400
675	1674.400
685	1674.600
595	1674.700
265	1674.900
645	1675.000
425	1675.100
735	1675.200
25	1675.300
585	1675.300
405	1675.400
625	1675.400
515	1675.700
455	1675.800
795	1675.800
65	1675.900
225	1675.900
635	1675.900
125	1676.000
705	1676.100
525	1676.300
85	1676.400
205	1676.500
745	1676.500
5	1676.600
555	1676.600
765	1677.100
775	1677.100
175	1677.200
495	1677.200
615	1677.200
535	1677.300
295	1677.400
285	1677.500
475	1677.500
55	1677.600
75	1677.600
135	1677.700
275	1677.900
435	1677.900
655	1677.900
145	1678.000
325	1678.000
505	1678.200
575	1678.300
565	1678.400
605	1678.400
315	1678.700
665	1678.800
35	1679.000
355	1679.000
485	1679.000
725	1679.000
195	1679.100
215	1679.100
115	1679.200
345	1679.200
395	1679.200
95	1679.300
415	1679.600
155	1679.700
385	1679.700
255	1679.900
335	1679.900
755	1679.900
45	1680.000
245	1680.000
715	1680.000
165	1680.300
305	1680.300
785	1680.500
185	1680.600
105	1681.000
465	1681.100
695	1681.100
15	1681.200
365	1681.400
235	1681.500
445	1681.500
545	1681.500
595	1681.600
675	1681.600
375	1681.700
25	1682.100
685	1682.100
265	1682.200
425	1682.200
625	1682.400
645	1682.400
585	1682.500
405	1682.700
735	1682.700
65	1682.800
795	1682.900
125	1683.000
515	1683.100
225	1683.200
455	1683.300
705	1683.300
85	1683.500
635	1683.500
525	1683.700
205	1683.800
555	1683.800
5	1684.000
745	1684.000
775	1684.200
175	1684.300
475	1684.300
765	1684.300
295	1684.400
285	1684.500
615	1684.500
535	1684.600
495	1684.700
55	1684.800
75	1684.900
145	1685.000
135	1685.200
275	1685.300
325	1685.500
575	1685.500
655	1685.500
315	1685.700
435	1685.700
505	1685.700
565	1685.700
35	1685.800
485	1685.900
605	1685.900
665	1686.000
725	1686.000
395	1686.300
345	1686.400
355	1686.400
95	1686.500
115	1686.600
195	1686.600
215	1686.600
385	1686.600
335	1686.800
415	1686.800
715	1686.800
45	1687.000
155	1687.000
305	1687.100
255	1687.200
755	1687.200
245	1687.300
785	1687.300
165	1687.600
185	1687.800
465	1687.800
695	1687.800
105	1688.100
15	1688.500
235	1688.500
595	1688.500
365	1688.800
445	1688.900
675	1689.000
425	1689.100
545	1689.100
25	1689.200
265	1689.200
375	1689.200
685	1689.200
625	1689.500
585	1689.600
645	1689.600
795	1689.700
65	1689.800
405	1689.800
735	1690.000
125	1690.100
515	1690.100
225	1690.300
525	1690.500
705	1690.500
85	1690.700
455	1690.700
555	1690.700
205	1690.800
635	1690.900
475	1691.100
775	1691.100
745	1691.200
5	1691.500
295	1691.500
615	1691.500
175	1691.600
285	1691.600
765	1691.600
75	1691.900
495	1692.000
535	1692.000
55	1692.100
145	1692.100
325	1692.300
275	1692.400
565	1692.600
135	1692.700
315	1692.800
485	1692.800
575	1692.800
655	1692.800
665	1692.800
505	1692.900
435	1693.000
35	1693.100
345	1693.100
725	1693.200
95	1693.500
115	1693.500
215	1693.500
385	1693.500
605	1693.500
715	1693.600
45	1693.700
195	1693.700
395	1693.700
355	1693.800
305	1693.900
335	1694.000
415	1694.000
755	1694.200
785	1694.200
245	1694.300
255	1694.300
155	1694.500
465	1694.500
695	1694.600
165	1694.700
185	1694.800
105	1695.200
15	1695.500
235	1695.600
445	1695.600
595	1695.700
365	1695.800
675	1696.100
375	1696.200
545	1696.200
25	1696.300
425	1696.300
265	1696.400
625	1696.400
685	1696.400
585	1696.600
795	1696.600
405	1696.800
645	1696.800
735	1696.900
65	1697.000
125	1697.100
515	1697.100
225	1697.300
705	1697.400
525	1697.500
555	1697.600
85	1697.700
635	1697.700
205	1697.800
455	1697.800
475	1697.900
775	1698.100
745	1698.300
285	1698.400
615	1698.400
5	1698.500
295	1698.500
75	1698.600
175	1698.600
765	1698.800
495	1699.100
535	1699.100
55	1699.200
275	1699.400
325	1699.400
665	1699.600
145	1699.700
315	1699.700
485	1699.700
505	1699.700
345	1699.800
565	1699.800
655	1699.900
435	1700.000
575	1700.000
725	1700.100
35	1700.200
135	1700.200
95	1700.300
115	1700.400
45	1700.600
195	1700.600
215	1700.600
355	1700.600
715	1700.700
305	1700.800
385	1700.800
395	1700.900
605	1700.900
335	1701.100
245	1701.200
255	1701.200
755	1701.200
785	1701.200
415	1701.400
695	1701.400
465	1701.500
155	1701.600
165	1701.900
185	1701.900
105	1702.100
445	1702.400
365	1702.500
15	1702.600
235	1702.800
545	1703.000
675	1703.000
425	1703.100
595	1703.100
685	1703.200
375	1703.300
265	1703.400
625	1703.400
25	1703.500
735	1703.500
645	1703.700
405	1703.800
585	1703.800
795	1703.800
515	1704.000
125	1704.200
705	1704.200
65	1704.300
525	1704.500
555	1704.500
635	1704.500
85	1704.600
205	1704.600
225	1704.700
475	1704.800
775	1705.100
5	1705.300
75	1705.300
455	1705.300
615	1705.300
745	1705.400
285	1705.500
175	1705.600
295	1705.800
495	1705.900
535	1706.000
765	1706.100
325	1706.200
55	1706.300
275	1706.400
505	1706.400
665	1706.500
145	1706.700
435	1706.700
655	1706.700
315	1706.800
345	1706.800
485	1706.900
565	1706.900
35	1707.100
575	1707.100
725	1707.100
135	1707.300
95	1707.500
45	1707.600
115	1707.600
195	1707.700
215	1707.700
355	1707.700
715	1707.800
395	1707.900
255	1708.000
335	1708.000
605	1708.000
245	1708.100
385	1708.100
785	1708.200
155	1708.300
305	1708.300
465	1708.400
415	1708.500
755	1708.500
185	1708.800
165	1708.900
695	1708.900
105	1709.000
365	1709.300
445	1709.300
15	1709.600
235	1709.700
675	1709.800
545	1710.000
685	1710.000
375	1710.200
425	1710.200
595	1710.200
25	1710.400
265	1710.400
735	1710.400
625	1710.500
645	1710.500
405	1710.600
585	1710.800
705	1710.900
125	1711.200
205	1711.200
515	1711.200
795	1711.200
65	1711.300
525	1711.300
635	1711.500
225	1711.600
475	1711.700
555	1711.700
85	1711.900
75	1712.200
615	1712.200
775	1712.200
175	1712.300
455	1712.300
745	1712.300
5	1712.500
295	1712.600
285	1712.900
535	1712.900
325	1713.000
495	1713.000
765	1713.100
435	1713.300
55	1713.400
505	1713.400
665	1713.400
145	1713.500
275	1713.500
655	1713.500
35	1713.700
565	1713.700
345	1713.800
485	1714.000
575	1714.000
315	1714.100
725	1714.100
135	1714.300
115	1714.500
195	1714.500
215	1714.500
45	1714.700
335	1714.700
355	1714.700
255	1714.800
605	1714.800
715	1714.800
95	1714.900
245	1714.900
395	1715.000
155	1715.100
465	1715.100
415	1715.200
385	1715.300
785	1715.300
185	1715.400
755	1715.400
305	1715.500
165	1715.800
105	1716.000
445	1716.100
695	1716.200
15	1716.300
235	1716.300
365	1716.300
675	1716.500
545	1716.800
375	1716.900
685	1716.900
595	1717.000
425	1717.100
735	1717.100
25	1717.200
265	1717.400
405	1717.500
585	1717.600
645	1717.600
625	1717.800
205	1717.900
65	1718.000
125	1718.100
515	1718.100
705	1718.100
795	1718.100
525	1718.200
635	1718.300
225	1718.500
475	1718.600
555	1718.800
85	1718.900
615	1718.900
175	1719.000
5	1719.200
455	1719.200
745	1719.200
775	1719.200
75	1719.300
295	1719.700
285	1719.800
325	1719.800
535	1719.900
435	1720.000
765	1720.000
505	1720.100
275	1720.200
145	1720.300
495	1720.300
655	1720.300
665	1720.300
565	1720.400
55	1720.500
35	1720.700
575	1720.700
345	1720.900
725	1720.900
315	1721.000
485	1721.000
195	1721.100
215	1721.100
115	1721.200
135	1721.300
245	1721.500
335	1721.500
355	1721.500
605	1721.500
255	1721.600
715	1721.700
95	1721.800
155	1721.900
395	1721.900
415	1721.900
465	1721.900
45	1722.000
755	1722.100
785	1722.100
185	1722.200
385	1722.200
165	1722.500
105	1722.800
305	1722.800
445	1722.800
15	1722.900
235	1723.100
365	1723.100
675	1723.100
695	1723.100
375	1723.500
545	1723.600
595	1723.600
685	1723.800
425	1723.900
25	1724.000
735	1724.000
265	1724.400
405	1724.400
645	1724.500
585	1724.600
65	1724.700
205	1724.800
125	1725.000
625	1725.000
795	1725.000
525	1725.100
635	1725.100
705	1725.200
475	1725.300
515	1725.300
225	1725.400
555	1725.600
175	1725.700
615	1725.700
5	1725.900
745	1725.900
455	1726.000
85	1726.100
775	1726.100
75	1726.400
435	1726.600
285	1726.700
295	1726.700
325	1726.700
505	1726.700
565	1726.800
145	1726.900
275	1726.900
535	1726.900
765	1726.900
665	1727.000
655	1727.100
35	1727.500
195	1727.600
215	1727.600
495	1727.600
575	1727.600
55	1727.700
345	1727.700
485	1727.700
725	1727.700
115	1727.900
315	1728.000
355	1728.000
135	1728.200
605	1728.200
255	1728.300
245	1728.400
335	1728.400
95	1728.500
155	1728.500
715	1728.500
395	1728.600
755	1728.600
185	1728.800
415	1728.800
785	1728.800
45	1728.900
385	1729.000
465	1729.200
305	1729.400
15	1729.500
105	1729.500
165	1729.500
445	1729.500
365	1729.600
235	1729.700
675	1729.700
695	1729.800
375	1730.100
595	1730.500
545	1730.600
25	1730.700
425	1730.800
735	1730.800
685	1731.000
65	1731.200
405	1731.200
265	1731.300
645	1731.300
205	1731.400
585	1731.500
125	1731.600
525	1731.700
625	1731.700
795	1731.700
705	1731.800
225	1732.000
475	1732.000
635	1732.100
515	1732.200
175	1732.400
555	1732.400
455	1732.500
615	1732.500
745	1732.600
5	1732.700
85	1732.800
775	1733.000
435	1733.200
75	1733.300
285	1733.400
565	1733.400
765	1733.400
275	1733.500
295	1733.500
505	1733.500
325	1733.600
655	1733.700
145	1733.800
535	1733.800
665	1733.800
195	1734.200
215	1734.200
725	1734.200
35	1734.300
345	1734.300
495	1734.300
55	1734.400
575	1734.400
485	1734.500
355	1734.600
315	1734.800
605	1734.800
115	1735.000
135	1735.100
155	1735.100
335	1735.100
755	1735.100
255	1735.200
415	1735.200
785	1735.200
95	1735.300
185	1735.300
245	1735.300
395	1735.300
45	1735.500
715	1735.500
385	1735.800
305	1735.900
105	1736.000
465	1736.000
15	1736.100
365	1736.200
445	1736.200
235	1736.400
695	1736.400
165	1736.500
675	1736.500
375	1736.800
545	1737.200
595	1737.300
25	1737.500
735	1737.500
425	1737.600
65	1737.800
265	1737.800
685	1737.900
205	1738.000
405	1738.100
125	1738.200
645	1738.200
795	1738.200
525	1738.300
585	1738.300
625	1738.400
225	1738.500
705	1738.600
475	1738.800
515	1738.900
175	1739.100
635	1739.100
455	1739.200
555	1739.200
615	1739.200
745	1739.400
85	1739.600
5	1739.700
775	1739.700
435	1739.800
565	1740.000
75	1740.100
275	1740.100
285	1740.100
765	1740.200
505	1740.300
295	1740.500
325	1740.500
655	1740.500
665	1740.500
145	1740.600
215	1740.700
535	1740.700
725	1740.700
495	1740.900
195	1741.000
345	1741.000
485	1741.000
55	1741.100
355	1741.100
35	1741.200
575	1741.300
755	1741.500
155	1741.600
605	1741.600
315	1741.700
335	1741.700
415	1741.700
115	1741.800
135	1741.800
785	1741.800
185	1741.900
95	1742.000
395	1742.000
245	1742.100
255	1742.200
715	1742.200
45	1742.400
305	1742.400
385	1742.500
105	1742.600
465	1742.600
365	1742.800
15	1742.900
445	1742.900
165	1743.000
695	1743.000
235	1743.100
675	1743.200
375	1743.700
545	1743.800
595	1743.900
735	1744.100
25	1744.200
425	1744.300
65	1744.400
265	1744.500
205	1744.600
685	1744.700
795	1744.700
125	1744.900
585	1744.900
525	1745.000
625	1745.000
645	1745.000
225	1745.100
405	1745.100
705	1745.300
475	1745.500
515	1745.600
635	1745.800
175	1745.900
555	1745.900
455	1746.000
615	1746.100
745	1746.200
85	1746.400
5	1746.600
275	1746.600
435	1746.600
565	1746.600
775	1746.600
75	1746.800
765	1747.000
215	1747.100
285	1747.100
505	1747.100
665	1747.200
145	1747.300
295	1747.300
325	1747.300
655	1747.300
725	1747.300
345	1747.500
535	1747.500
485	1747.600
495	1747.600
355	1747.700
35	1747.900
55	1747.900
195	1747.900
755	1747.900
575	1748.100
335	1748.400
155	1748.500
315	1748.500
415	1748.500
785	1748.500
95	1748.600
115	1748.600
135	1748.700
185	1748.700
605	1748.700
245	1748.800
715	1748.800
395	1748.900
255	1749.000
305	1749.000
385	1749.000
105	1749.100
465	1749.100
45	1749.400
365	1749.500
445	1749.500
165	1749.600
695	1749.600
235	1749.700
15	1749.800
675	1749.800
545	1750.400
595	1750.400
735	1750.700
65	1750.800
25	1750.900
375	1750.900
425	1751.000
205	1751.100
795	1751.100
265	1751.200
125	1751.400
685	1751.400
525	1751.600
645	1751.600
405	1751.700
585	1751.700
625	1751.700
225	1751.800
705	1751.900
475	1752.000
515	1752.200
635	1752.500
175	1752.700
455	1752.700
615	1752.700
745	1752.800
555	1752.900
85	1753.100
275	1753.100
75	1753.400
775	1753.400
5	1753.500
435	1753.500
565	1753.500
215	1753.600
505	1753.700
765	1753.700
325	1753.800
145	1753.900
285	1753.900
665	1753.900
725	1753.900
295	1754.000
495	1754.000
345	1754.100
655	1754.100
755	1754.300
355	1754.400
485	1754.400
535	1754.400
195	1754.500
35	1754.600
55	1754.700
575	1754.700
415	1755.000
785	1755.100
95	1755.300
115	1755.300
155	1755.300
315	1755.300
185	1755.400
305	1755.400
335	1755.400
135	1755.500
255	1755.500
245	1755.600
385	1755.600
605	1755.600
465	1755.700
715	1755.700
395	1755.800
105	1755.900
45	1756.100
235	1756.100
445	1756.100
165	1756.300
675	1756.300
695	1756.300
15	1756.400
365	1756.400
595	1757.000
545	1757.200
65	1757.300
735	1757.500
25	1757.600
375	1757.600
795	1757.600
265	1757.800
425	1757.800
125	1758.000
645	1758.000
205	1758.100
525	1758.200
685	1758.200
405	1758.400
475	1758.400
625	1758.400
705	1758.500
225	1758.600
585	1758.600
515	1758.800
635	1759.100
745	1759.400
455	1759.500
175	1759.600
615	1759.600
555	1759.700
85	1759.900
75	1760.000
275	1760.000
775	1760.000
565	1760.200
215	1760.300
435	1760.300
505	1760.300
765	1760.300
5	1760.400
295	1760.400
325	1760.400
345	1760.500
665	1760.600
145	1760.700
495	1760.700
655	1760.700
725	1760.700
285	1760.800
755	1760.900
355	1761.100
485	1761.100
535	1761.100
195	1761.200
35	1761.400
575	1761.400
55	1761.600
415	1761.600
785	1761.700
115	1761.900
185	1761.900
315	1761.900
305	1762.000
95	1762.100
155	1762.100
255	1762.100
465	1762.100
335	1762.200
245	1762.300
395	1762.300
605	1762.300
135	1762.400
385	1762.400
715	1762.400
105	1762.500
445	1762.600
695	1762.600
45	1762.700
235	1762.700
15	1762.900
675	1762.900
165	1763.000
365	1763.100
595	1763.600
545	1763.700
65	1763.900
735	1763.900
375	1764.100
795	1764.200
25	1764.300
125	1764.400
265	1764.400
425	1764.400
525	1764.600
645	1764.600
685	1764.600
205	1764.800
475	1764.800
625	1765.000
225	1765.100
705	1765.100
405	1765.300
515	1765.400
585	1765.600
635	1765.700
745	1765.900
455	1766.300
615	1766.300
175	1766.400
555	1766.400
75	1766.600
85	1766.600
275	1766.600
775	1766.600
325	1766.900
435	1766.900
505	1766.900
565	1766.900
295	1767.000
345	1767.000
665	1767.100
765	1767.100
5	1767.200
215	1767.200
145	1767.300
495	1767.400
655	1767.400
725	1767.400
285	1767.500
195	1767.600
755	1767.600
535	1767.700
355	1767.800
575	1767.900
415	1768.000
485	1768.000
35	1768.200
55	1768.400
115	1768.400
185	1768.400
315	1768.400
785	1768.400
255	1768.500
305	1768.600
465	1768.600
95	1768.800
155	1768.800
245	1768.800
335	1769.000
395	1769.000
605	1769.000
385	1769.100
715	1769.100
135	1769.200
695	1769.200
105	1769.300
235	1769.300
445	1769.300
45	1769.400
15	1769.600
165	1769.600
365	1769.600
675	1769.600
595	1770.100
545	1770.300
735	1770.400
65	1770.600
375	1770.600
25	1770.800
265	1770.900
685	1770.900
795	1770.900
425	1771.000
645	1771.000
125	1771.100
525	1771.100
205	1771.200
475	1771.200
625	1771.500
225	1771.700
705	1771.700
515	1772.000
635	1772.100
405	1772.200
585	1772.300
745	1772.500
175	1773.100
555	1773.100
75	1773.200
85	1773.200
455	1773.200
615	1773.200
275	1773.300
505	1773.500
775	1773.500
325	1773.600
435	1773.600
565	1773.600
345	1773.700
5	1773.900
295	1773.900
665	1773.900
725	1773.900
765	1773.900
285	1774.000
655	1774.000
145	1774.100
215	1774.100
495	1774.100
755	1774.100
195	1774.200
535	1774.200
355	1774.300
415	1774.600
575	1774.600
35	1774.800
485	1774.800
115	1774.900
305	1774.900
315	1774.900
465	1775.000
785	1775.000
185	1775.100
255	1775.100
55	1775.300
95	1775.300
155	1775.400
245	1775.500
605	1775.500
335	1775.600
395	1775.600
135	1775.700
235	1775.800
105	1775.900
695	1775.900
45	1776.000
385	1776.000
715	1776.000
445	1776.100
165	1776.200
365	1776.200
15	1776.300
675	1776.300
595	1776.600
735	1776.800
545	1776.900
375	1777.100
25	1777.300
65	1777.400
265	1777.500
645	1777.500
685	1777.500
205	1777.600
425	1777.600
125	1777.700
475	1777.800
525	1777.800
795	1777.800
225	1778.100
705	1778.200
625	1778.300
515	1778.600
635	1778.600
585	1778.900
405	1779.000
745	1779.200
175	1779.600
455	1779.700
555	1779.700
85	1779.800
75	1779.900
275	1779.900
615	1780.000
505	1780.100
345	1780.300
435	1780.300
775	1780.300
325	1780.400
565	1780.400
725	1780.400
295	1780.500
655	1780.500
765	1780.500
665	1780.600
145	1780.700
195	1780.700
5	1780.800
285	1780.800
355	1780.900
535	1780.900
755	1781.000
215	1781.100
415	1781.100
495	1781.100
575	1781.400
465	1781.500
485	1781.500
35	1781.600
115	1781.600
305	1781.600
315	1781.600
785	1781.600
185	1781.700
255	1781.700
55	1781.900
95	1781.900
155	1782.000
245	1782.000
605	1782.000
335	1782.100
235	1782.300
135	1782.400
395	1782.400
695	1782.500
45	1782.600
105	1782.600
445	1782.600
365	1782.700
165	1782.800
385	1782.800
15	1782.900
675	1782.900
715	1782.900
595	1783.300
735	1783.300
545	1783.400
375	1783.600
25	1783.900
265	1784.100
425	1784.100
685	1784.100
65	1784.200
125	1784.200
205	1784.200
645	1784.200
225	1784.500
795	1784.500
475	1784.600
525	1784.700
705	1784.900
625	1785.000
635	1785.200
515	1785.300
585	1785.700
405	1785.900
745	1785.900
175	1786.100
455	1786.100
555	1786.300
85	1786.400
275	1786.500
75	1786.600
615	1786.700
505	1786.900
775	1786.900
345	1787.000
765	1787.000
655	1787.100
725	1787.100
295	1787.200
325	1787.200
435	1787.200
565	1787.300
665	1787.300
195	1787.400
5	1787.500
145	1787.500
535	1787.500
285	1787.600
355	1787.600
415	1787.700
755	1787.700
215	1787.900
495	1788.000
315	1788.100
465	1788.100
485	1788.100
575	1788.100
35	1788.300
115	1788.300
185	1788.300
305	1788.300
245	1788.400
55	1788.500
95	1788.500
605	1788.500
785	1788.500
255	1788.600
155	1788.700
335	1788.700
235	1788.800
135	1789.200
695	1789.200
45	1789.300
395	1789.400
445	1789.400
165	1789.500
365	1789.500
385	1789.500
675	1789.500
15	1789.600
715	1789.600
105	1789.700
595	1789.800
375	1789.900
735	1789.900
545	1790.100
25	1790.400
205	1790.700
265	1790.700
425	1790.700
685	1790.700
65	1790.800
125	1790.900
645	1790.900
225	1791.000
795	1791.000
525	1791.200
475	1791.400
625	1791.500
705	1791.600
515	1792.000
635	1792.100
585	1792.200
405	1792.500
745	1792.500
175	1792.600
455	1792.600
555	1792.800
85	1793.200
275	1793.200
615	1793.300
75	1793.400
505	1793.600
765	1793.800
775	1793.800
295	1793.900
345	1793.900
435	1793.900
725	1793.900
665	1794.000
325	1794.100
195	1794.200
565	1794.200
655	1794.200
5	1794.300
355	1794.300
535	1794.300
415	1794.400
145	1794.500
215	1794.500
285	1794.500
755	1794.600
495	1794.700
315	1794.800
485	1794.800
185	1794.900
465	1794.900
575	1794.900
245	1795.000
95	1795.100
115	1795.100
605	1795.100
35	1795.200
55	1795.200
305	1795.200
235	1795.300
335	1795.300
785	1795.300
155	1795.400
255	1795.600
695	1795.700
45	1795.800
135	1795.800
165	1796.000
365	1796.100
395	1796.100
15	1796.300
385	1796.300
445	1796.300
715	1796.300
595	1796.400
675	1796.400
735	1796.400
105	1796.500
375	1796.500
545	1796.700
25	1797.000
205	1797.300
65	1797.400
685	1797.400
265	1797.500
425	1797.500
645	1797.500
795	1797.500
125	1797.600
225	1797.800
525	1797.800
625	1798.000
475	1798.100
705	1798.200
585	1798.800
635	1798.800
515	1798.900
175	1799.000
745	1799.100
405	1799.200
455	1799.200
555	1799.500
275	1799.800
85	1799.900
615	1800.000
75	1800.100
505	1800.300
775	1800.400
765	1800.500
435	1800.600
665	1800.700
725	1800.700
295	1800.800
345	1800.800
415	1800.900
565	1800.900
325	1801.000
355	1801.000
195	1801.100
215	1801.100
535	1801.100
5	1801.200
285	1801.200
655	1801.200
145	1801.300
755	1801.300
495	1801.400
485	1801.500
95	1801.600
185	1801.600
575	1801.600
115	1801.700
245	1801.700
315	1801.700
605	1801.700
235	1801.800
465	1801.800
35	1801.900
335	1801.900
785	1801.900
155	1802.000
305	1802.100
45	1802.300
55	1802.300
695	1802.300
255	1802.400
135	1802.500
165	1802.500
365	1802.700
395	1802.700
595	1802.800
715	1802.800
385	1802.900
735	1802.900
15	1803.100
675	1803.100
445	1803.200
545	1803.200
105	1803.400
375	1803.400
25	1803.700
795	1803.900
65	1804.000
205	1804.000
125	1804.100
685	1804.100
645	1804.200
265	1804.300
425	1804.400
525	1804.400
625	1804.400
225	1804.500
475	1804.600
705	1804.800
585	1805.300
635	1805.500
175	1805.600
515	1805.700
455	1805.800
745	1805.800
405	1805.900
555	1806.200
275	1806.300
85	1806.500
615	1806.600
75	1806.900
505	1807.100
765	1807.100
775	1807.100
295	1807.500
345	1807.500
435	1807.500
665	1807.500
725	1807.500
215	1807.600
355	1807.700
415	1807.700
565	1807.700
325	1807.800
535	1807.900
755	1807.900
5	1808.000
145	1808.000
285	1808.000
95	1808.100
195	1808.100
485	1808.100
495	1808.100
575	1808.100
655	1808.100
185	1808.200
605	1808.300
115	1808.400
235	1808.400
245	1808.400
785	1808.500
335	1808.600
35	1808.800
315	1808.800
155	1808.900
465	1808.900
45	1809.000
55	1809.000
165	1809.000
305	1809.000
695	1809.000
135	1809.300
255	1809.300
365	1809.300
395	1809.300
715	1809.300
385	1809.500
595	1809.600
735	1809.600
675	1809.700
15	1809.800
545	1809.900
105	1810.000
375	1810.000
445	1810.100
25	1810.300
795	1810.300
65	1810.400
205	1810.600
125	1810.700
645	1810.800
685	1810.800
625	1810.900
475	1811.000
525	1811.000
225	1811.100
265	1811.100
425	1811.100
705	1811.400
585	1811.700
175	1812.200
635	1812.200
405	1812.400
515	1812.400
455	1812.500
745	1812.700
555	1812.800
275	1812.900
85	1813.500
615	1813.500
75	1813.700
505	1813.700
765	1813.700
775	1813.900
725	1814.000
435	1814.100
665	1814.100
215	1814.200
355	1814.200
415	1814.200
345	1814.300
295	1814.500
325	1814.500
565	1814.600
755	1814.600
5	1814.700
95	1814.700
535	1814.700
145	1814.800
485	1814.800
495	1814.800
575	1814.800
285	1814.900
115	1815.000
195	1815.000
605	1815.000
655	1815.000
185	1815.100
235	1815.200
785	1815.200
245	1815.300
45	1815.500
55	1815.500
165	1815.500
335	1815.500
35	1815.600
155	1815.700
305	1815.700
315	1815.700
695	1815.700
465	1815.800
715	1815.800
255	1816.000
395	1816.000
135	1816.100
365	1816.200
385	1816.300
675	1816.300
15	1816.400
595	1816.400
735	1816.400
545	1816.600
105	1816.700
375	1816.800
445	1816.800
795	1816.800
25	1816.900
65	1817.000
125	1817.300
205	1817.300
625	1817.400
645	1817.400
685	1817.400
475	1817.500
525	1817.500
425	1817.600
225	1817.800
265	1817.800
705	1817.800
585	1818.600
635	1818.800
175	1818.900
405	1818.900
515	1819.400
745	1819.400
275	1819.500
455	1819.500
555	1819.500
615	1820.100
85	1820.400
75	1820.500
505	1820.500
765	1820.500
725	1820.600
775	1820.600
355	1820.800
415	1820.800
435	1820.800
665	1820.800
215	1820.900
345	1820.900
95	1821.300
295	1821.300
755	1821.300
575	1821.400
5	1821.500
145	1821.500
325	1821.500
495	1821.500
565	1821.500
285	1821.600
535	1821.600
485	1821.700
605	1821.700
115	1821.800
655	1821.800
245	1821.900
55	1822.000
165	1822.000
195	1822.000
235	1822.000
785	1822.000
185	1822.100
45	1822.200
695	1822.200
305	1822.300
335	1822.300
35	1822.400
715	1822.400
255	1822.600
315	1822.600
395	1822.600
155	1822.700
465	1822.700
135	1822.800
385	1822.900
675	1823.000
15	1823.100
365	1823.100
105	1823.200
545	1823.200
595	1823.200
795	1823.300
735	1823.500
65	1823.600
375	1823.600
445	1823.600
25	1823.700
125	1823.900
625	1823.900
685	1823.900
525	1824.000
205	1824.100
425	1824.100
645	1824.100
475	1824.200
705	1824.300
225	1824.400
265	1824.600
585	1825.300
405	1825.500
635	1825.500
175	1825.600
745	1825.900
515	1826.000
555	1826.100
275	1826.200
455	1826.500
615	1826.800
85	1827.100
505	1827.100
725	1827.300
75	1827.500
215	1827.500
355	1827.500
415	1827.500
775	1827.600
345	1827.700
435	1827.700
665	1827.700
765	1827.700
755	1827.900
95	1828.100
295	1828.100
325	1828.100
575	1828.100
145	1828.200
285	1828.200
535	1828.200
5	1828.300
485	1828.300
495	1828.400
565	1828.400
655	1828.400
115	1828.500
605	1828.500
55	1828.600
695	1828.600
185	1828.700
785	1828.700
245	1828.800
165	1828.900
195	1828.900
235	1828.900
45	1829.000
305	1829.000
35	1829.100
715	1829.100
335	1829.200
395	1829.200
255	1829.300
385	1829.500
675	1829.500
15	1829.600
105	1829.600
135	1829.600
155	1829.600
315	1829.600
465	1829.600
545	1829.600
365	1829.900
795	1829.900
65	1830.200
595	1830.200
735	1830.200
685	1830.300
25	1830.400
445	1830.400
625	1830.400
125	1830.500
205	1830.500
525	1830.500
375	1830.600
425	1830.700
645	1830.700
475	1830.800
705	1831.000
225	1831.200
265	1831.200
635	1832.000
585	1832.100
175	1832.200
405	1832.300
745	1832.400
515	1832.600
555	1832.800
275	1832.900
455	1833.300
615	1833.500
505	1833.900
75	1834.000
85	1834.000
215	1834.100
355	1834.200
415	1834.300
345	1834.400
725	1834.400
765	1834.400
775	1834.400
435	1834.600
325	1834.700
665	1834.700
95	1834.800
285	1834.800
145	1834.900
755	1834.900
295	1835.000
485	1835.000
495	1835.100
535	1835.100
565	1835.100
605	1835.100
655	1835.100
5	1835.200
115	1835.200
55	1835.300
695	1835.300
575	1835.400
245	1835.500
185	1835.600
785	1835.600
235	1835.700
305	1835.700
35	1835.800
395	1835.800
195	1835.900
335	1835.900
165	1836.100
675	1836.100
45	1836.200
255	1836.200
315	1836.200
715	1836.300
15	1836.400
105	1836.400
135	1836.400
155	1836.400
465	1836.400
385	1836.500
545	1836.500
795	1836.500
65	1836.900
365	1836.900
625	1836.900
685	1836.900
735	1837.000
125	1837.100
205	1837.100
445	1837.100
525	1837.100
595	1837.100
25	1837.200
375	1837.300
425	1837.400
645	1837.400
475	1837.600
265	1837.700
705	1837.700
225	1838.200
635	1838.500
585	1838.600
175	1838.900
405	1838.900
515	1839.100
745	1839.200
275	1839.400
555	1839.500
455	1840.200
615	1840.300
505	1840.500
75	1840.700
85	1840.800
215	1840.800
355	1840.800
415	1841.100
765	1841.200
775	1841.200
325	1841.300
345	1841.300
95	1841.500
435	1841.500
145	1841.600
285	1841.600
665	1841.600
725	1841.600
295	1841.700
755	1841.700
655	1841.800
115	1841.900
495	1841.900
55	1842.000
485	1842.000
565	1842.000
605	1842.000
695	1842.000
5	1842.100
535	1842.100
575	1842.100
245	1842.200
235	1842.300
785	1842.300
185	1842.400
305	1842.600
395	1842.600
35	1842.700
315	1842.700
335	1842.700
675	1842.700
195	1842.800
255	1843.000
15	1843.100
135	1843.100
155	1843.100
105	1843.200
465	1843.200
715	1843.200
45	1843.300
165	1843.300
795	1843.300
545	1843.400
445	1843.500
685	1843.500
365	1843.600
385	1843.600
525	1843.600
125	1843.700
205	1843.700
625	1843.700
735	1843.700
375	1843.900
595	1843.900
65	1844.000
425	1844.000
25	1844.100
265	1844.200
645	1844.200
475	1844.300
705	1844.400
635	1844.800
225	1845.200
585	1845.200
175	1845.400
405	1845.700
515	1845.700
745	1845.900
275	1846.000
555	1846.100
615	1846.900
455	1847.100
75	1847.300
215	1847.400
355	1847.400
85	1847.500
505	1847.600
415	1847.800
765	1848.000
145	1848.200
665	1848.200
325	1848.300
775	1848.300
95	1848.400
435	1848.400
115	1848.500
295	1848.500
345	1848.500
725	1848.500
655	1848.600
55	1848.700
285	1848.700
605	1848.700
695	1848.700
5	1848.800
235	1848.800
245	1848.800
485	1848.800
535	1848.800
565	1848.800
755	1848.800
495	1848.900
575	1848.900
785	1849.100
185	1849.200
675	1849.300
315	1849.500
35	1849.600
305	1849.600
335	1849.600
395	1849.600
195	1849.700
15	1849.800
135	1850.000
445	1850.000
45	1850.100
155	1850.100
165	1850.100
255	1850.100
545	1850.100
685	1850.100
715	1850.100
365	1850.200
465	1850.200
795	1850.200
105	1850.300
125	1850.300
205	1850.400
385	1850.400
425	1850.400
525	1850.500
625	1850.500
375	1850.600
735	1850.600
25	1850.700
65	1850.700
265	1850.900
595	1850.900
475	1851.000
645	1851.100
635	1851.200
705	1851.200
225	1851.800
175	1851.900
585	1852.000
515	1852.300
275	1852.500
405	1852.500
745	1852.600
555	1852.800
455	1853.600
615	1853.600
75	1853.900
215	1854.000
85	1854.200
355	1854.200
415	1854.500
505	1854.600
765	1854.700
665	1854.900
145	1855.000
295	1855.200
435	1855.200
115	1855.300
775	1855.300
55	1855.400
95	1855.400
285	1855.400
325	1855.400
535	1855.400
565	1855.400
575	1855.400
605	1855.400
725	1855.400
485	1855.500
655	1855.500
5	1855.600
755	1855.600
245	1855.700
345	1855.700
235	1855.800
695	1855.800
495	1855.900
785	1855.900
675	1856.000
185	1856.100
315	1856.200
335	1856.400
195	1856.500
305	1856.500
395	1856.500
35	1856.600
545	1856.600
15	1856.700
45	1856.800
155	1856.800
135	1856.900
365	1856.900
445	1856.900
685	1856.900
165	1857.100
205	1857.100
715	1857.100
125	1857.200
465	1857.200
795	1857.200
105	1857.300
255	1857.300
425	1857.300
625	1857.300
25	1857.400
265	1857.400
375	1857.400
385	1857.400
525	1857.400
65	1857.500
735	1857.500
475	1857.600
595	1857.600
645	1857.700
635	1857.800
705	1858.100
175	1858.400
225	1858.600
585	1858.700
405	1859.000
515	1859.000
275	1859.100
745	1859.200
555	1859.500
455	1860.200
615	1860.300
215	1860.500
75	1860.700
355	1860.900
85	1861.100
415	1861.300
765	1861.400
505	1861.500
665	1861.600
145	1861.700
295	1861.800
565	1861.800
435	1861.900
95	1862.000
285	1862.000
575	1862.100
775	1862.100
115	1862.200
325	1862.200
535	1862.200
725	1862.200
55	1862.300
485	1862.300
605	1862.400
5	1862.500
245	1862.500
655	1862.500
345	1862.600
755	1862.600
235	1862.700
495	1862.700
675	1862.700
185	1862.800
695	1862.800
785	1862.800
315	1862.900
35	1863.200
335	1863.200
305	1863.300
545	1863.300
45	1863.400
195	1863.400
15	1863.600
135	1863.600
155	1863.600
395	1863.600
445	1863.700
365	1863.800
205	1863.900
385	1863.900
685	1863.900
715	1863.900
125	1864.000
165	1864.000
625	1864.000
795	1864.000
105	1864.100
265	1864.100
425	1864.100
465	1864.100
255	1864.200
595	1864.200
645	1864.200
65	1864.300
475	1864.400
635	1864.400
25	1864.500
525	1864.500
735	1864.500
375	1864.600
705	1864.900
175	1865.000
225	1865.100
585	1865.400
405	1865.600
515	1865.600
275	1865.700
745	1865.700
555	1866.200
455	1866.800
615	1867.000
215	1867.300
75	1867.500
355	1867.600
85	1867.800
415	1868.000
765	1868.200
505	1868.300
295	1868.400
565	1868.400
145	1868.500
665	1868.500
575	1868.600
95	1868.700
285	1868.800
435	1868.800
775	1868.800
325	1868.900
115	1869.000
725	1869.000
5	1869.100
55	1869.100
485	1869.100
535	1869.100
605	1869.200
235	1869.300
345	1869.400
495	1869.400
675	1869.400
755	1869.400
245	1869.600
785	1869.600
655	1869.700
185	1869.900
315	1869.900
545	1869.900
695	1869.900
195	1870.000
45	1870.100
305	1870.100
335	1870.100
35	1870.300
15	1870.400
155	1870.400
395	1870.400
135	1870.500
385	1870.500
205	1870.600
165	1870.700
445	1870.700
715	1870.700
265	1870.800
365	1870.800
595	1870.800
105	1870.900
125	1870.900
425	1870.900
465	1870.900
625	1870.900
645	1870.900
795	1870.900
255	1871.000
65	1871.100
635	1871.100
685	1871.100
475	1871.200
735	1871.200
25	1871.300
525	1871.300
375	1871.500
175	1871.700
705	1871.700
225	1871.900
405	1872.100
275	1872.300
585	1872.300
515	1872.400
745	1872.400
555	1872.900
455	1873.300
615	1874.000
215	1874.100
355	1874.300
75	1874.400
85	1874.400
415	1874.600
765	1874.800
295	1875.000
505	1875.000
565	1875.000
665	1875.200
145	1875.300
95	1875.400
575	1875.400
285	1875.500
775	1875.500
325	1875.600
235	1875.700
725	1875.700
115	1875.800
5	1875.900
435	1875.900
535	1875.900
605	1875.900
755	1875.900
485	1876.000
55	1876.100
345	1876.100
495	1876.300
245	1876.400
675	1876.400
545	1876.500
785	1876.500
195	1876.700
305	1876.700
655	1876.700
695	1876.700
45	1876.800
185	1876.800
315	1877.000
385	1877.100
335	1877.200
135	1877.300
205	1877.300
15	1877.400
35	1877.400
395	1877.400
445	1877.400
155	1877.500
65	1877.600
105	1877.600
165	1877.600
465	1877.600
595	1877.600
715	1877.600
265	1877.700
365	1877.700
125	1877.800
255	1877.800
425	1877.800
625	1877.800
795	1877.800
25	1877.900
635	1877.900
645	1877.900
735	1877.900
475	1878.100
375	1878.200
525	1878.200
685	1878.300
175	1878.500
225	1878.500
705	1878.600
275	1878.900
405	1879.000
585	1879.000
745	1879.000
515	1879.300
555	1879.600
455	1879.700
215	1880.600
615	1880.800
355	1880.900
85	1881.100
415	1881.300
75	1881.400
295	1881.500
565	1881.600
765	1881.600
505	1881.700
665	1881.800
145	1882.000
95	1882.100
575	1882.100
235	1882.200
285	1882.400
325	1882.400
725	1882.400
775	1882.400
755	1882.500
115	1882.600
485	1882.600
5	1882.700
345	1882.700
535	1882.700
55	1882.800
435	1882.800
605	1882.800
495	1883.000
245	1883.100
545	1883.200
675	1883.400
785	1883.400
195	1883.500
305	1883.500
695	1883.500
385	1883.700
45	1883.800
185	1883.800
315	1883.800
655	1883.900
135	1884.000
205	1884.000
155	1884.200
335	1884.200
395	1884.200
465	1884.200
35	1884.300
65	1884.300
105	1884.300
165	1884.300
445	1884.300
595	1884.300
715	1884.400
15	1884.500
25	1884.500
365	1884.500
425	1884.500
795	1884.600
255	1884.700
265	1884.700
625	1884.700
635	1884.700
645	1884.700
735	1884.700
125	1884.800
475	1884.900
525	1884.900
225	1885.000
375	1885.100
705	1885.100
685	1885.200
175	1885.300
275	1885.400
745	1885.500
585	1885.800
405	1885.900
515	1885.900
555	1886.200
455	1886.300
215	1887.400
355	1887.500
615	1887.700
85	1887.800
415	1887.900
75	1888.200
295	1888.200
765	1888.200
565	1888.300
505	1888.500
665	1888.500
145	1888.600
95	1888.700
575	1888.700
235	1888.900
285	1889.100
755	1889.100
325	1889.200
115	1889.300
345	1889.300
485	1889.300
725	1889.300
5	1889.400
775	1889.400
605	1889.500
55	1889.600
435	1889.600
535	1889.600
245	1889.800
495	1889.900
785	1890.200
195	1890.300
305	1890.300
45	1890.400
385	1890.400
675	1890.400
695	1890.500
545	1890.600
135	1890.700
185	1890.700
205	1890.800
655	1890.800
65	1890.900
155	1890.900
315	1890.900
335	1890.900
395	1891.000
35	1891.100
105	1891.100
465	1891.100
595	1891.100
165	1891.200
425	1891.200
125	1891.300
365	1891.300
715	1891.300
25	1891.400
625	1891.400
795	1891.400
445	1891.500
645	1891.500
255	1891.600
265	1891.600
635	1891.600
735	1891.600
15	1891.700
525	1891.700
225	1891.800
275	1891.900
375	1891.900
175	1892.000
475	1892.000
685	1892.000
705	1892.000
745	1892.100
405	1892.500
515	1892.500
585	1892.600
455	1893.000
555	1893.000
215	1894.300
355	1894.300
85	1894.500
615	1894.500
415	1894.600
75	1894.800
295	1895.000
565	1895.000
765	1895.100
665	1895.200
145	1895.400
505	1895.400
235	1895.600
95	1895.700
115	1895.800
345	1895.800
755	1895.800
575	1895.900
325	1896.000
485	1896.000
5	1896.100
285	1896.100
535	1896.100
605	1896.300
725	1896.300
435	1896.400
775	1896.400
55	1896.500
245	1896.500
495	1896.700
45	1897.000
195	1897.000
305	1897.100
675	1897.200
385	1897.300
695	1897.300
785	1897.300
135	1897.400
205	1897.400
155	1897.500
185	1897.600
335	1897.600
545	1897.600
315	1897.700
35	1897.800
65	1897.800
105	1897.800
425	1897.800
655	1897.800
125	1898.000
165	1898.000
365	1898.000
395	1898.000
465	1898.000
595	1898.000
625	1898.000
25	1898.100
645	1898.100
715	1898.100
795	1898.300
15	1898.400
255	1898.400
445	1898.400
525	1898.400
735	1898.400
175	1898.500
225	1898.500
275	1898.500
375	1898.500
265	1898.600
475	1898.600
635	1898.600
745	1898.600
685	1898.700
705	1898.800
405	1899.100
515	1899.100
585	1899.400
455	1899.500
555	1899.500
355	1900.800
215	1901.000
615	1901.100
75	1901.300
415	1901.300
85	1901.600
295	1901.600
665	1901.800
765	1901.800
565	1902.000
505	1902.200
115	1902.300
145	1902.300
235	1902.300
755	1902.400
5	1902.700
345	1902.700
575	1902.700
285	1902.800
485	1902.800
325	1902.900
605	1902.900
95	1903.000
435	1903.000
725	1903.100
535	1903.200
775	1903.200
245	1903.300
495	1903.300
45	1903.500
55	1903.600
305	1903.700
195	1903.800
675	1904.000
785	1904.000
135	1904.200
185	1904.200
205	1904.200
695	1904.200
155	1904.300
385	1904.300
545	1904.400
35	1904.500
315	1904.500
335	1904.500
425	1904.500
65	1904.600
105	1904.600
125	1904.600
365	1904.700
465	1904.700
715	1904.800
15	1904.900
25	1904.900
165	1904.900
395	1904.900
445	1904.900
625	1904.900
645	1904.900
655	1904.900
795	1904.900
525	1905.000
595	1905.000
735	1905.000
225	1905.100
475	1905.100
175	1905.200
275	1905.200
375	1905.200
705	1905.200
745	1905.200
265	1905.300
635	1905.300
685	1905.400
255	1905.500
405	1905.700
515	1905.800
555	1905.900
585	1906.000
455	1906.300
355	1907.300
215	1907.600
615	1907.600
75	1907.700
415	1908.000
295	1908.100
85	1908.200
665	1908.500
115	1908.600
765	1908.600
565	1908.800
505	1908.900
145	1909.000
235	1909.000
755	1909.100
285	1909.300
5	1909.400
345	1909.400
485	1909.400
575	1909.400
605	1909.400
435	1909.500
725	1909.600
775	1909.600
245	1909.800
325	1909.800
95	1909.900
495	1909.900
535	1910.000
45	1910.200
55	1910.200
305	1910.500
785	1910.500
185	1910.600
195	1910.600
205	1910.700
675	1910.800
315	1910.900
425	1910.900
545	1910.900
695	1910.900
135	1911.000
155	1911.000
125	1911.100
385	1911.100
65	1911.200
15	1911.300
35	1911.300
715	1911.300
105	1911.400
335	1911.400
365	1911.400
445	1911.400
165	1911.500
395	1911.500
465	1911.500
475	1911.500
625	1911.500
655	1911.500
735	1911.500
795	1911.500
25	1911.600
375	1911.600
525	1911.600
645	1911.600
745	1911.600
225	1911.700
595	1911.700
175	1911.800
265	1911.800
275	1911.800
705	1911.800
635	1911.900
685	1911.900
255	1912.000
405	1912.100
515	1912.300
555	1912.300
585	1912.500
455	1912.800
615	1913.800
355	1913.900
215	1914.000
75	1914.100
295	1914.400
415	1914.500
85	1914.600
115	1914.900
665	1914.900
565	1915.200
765	1915.200
145	1915.400
235	1915.400
505	1915.500
605	1915.700
755	1915.700
285	1915.800
435	1915.800
485	1915.800
345	1915.900
575	1915.900
5	1916.000
725	1916.000
775	1916.000
245	1916.200
495	1916.300
95	1916.400
325	1916.400
535	1916.500
45	1916.700
55	1916.800
185	1917.000
195	1917.100
205	1917.100
305	1917.100
785	1917.200
545	1917.300
425	1917.400
675	1917.400
385	1917.500
695	1917.500
135	1917.600
155	1917.600
315	1917.600
15	1917.700
65	1917.700
125	1917.700
335	1917.800
365	1917.800
445	1917.800
25	1917.900
35	1917.900
525	1917.900
625	1917.900
655	1917.900
715	1917.900
735	1917.900
105	1918.000
165	1918.000
225	1918.000
375	1918.000
395	1918.000
465	1918.000
475	1918.000
595	1918.000
795	1918.000
645	1918.100
745	1918.100
175	1918.200
265	1918.200
275	1918.200
705	1918.200
255	1918.300
635	1918.300
685	1918.400
405	1918.500
555	1918.600
515	1918.700
585	1918.900
455	1919.300
615	1920.100
355	1920.200
75	1920.300
215	1920.300
295	1920.600
415	1920.800
85	1921.000
115	1921.300
665	1921.300
565	1921.400
235	1921.600
765	1921.600
145	1921.700
505	1921.900
435	1922.000
285	1922.100
485	1922.100
605	1922.100
345	1922.200
575	1922.200
755	1922.200
5	1922.300
775	1922.400
725	1922.500
245	1922.600
95	1922.700
495	1922.700
535	1922.700
325	1922.800
45	1923.000
55	1923.300
185	1923.300
305	1923.500
195	1923.600
205	1923.600
545	1923.600
675	1923.800
785	1923.800
385	1923.900
695	1923.900
15	1924.000
65	1924.000
135	1924.000
315	1924.000
25	1924.100
125	1924.100
155	1924.100
425	1924.200
445	1924.200
525	1924.200
625	1924.200
715	1924.200
735	1924.200
225	1924.300
335	1924.300
365	1924.300
655	1924.300
35	1924.400
165	1924.400
265	1924.400
395	1924.400
475	1924.400
645	1924.400
255	1924.500
375	1924.500
465	1924.500
595	1924.500
745	1924.500
795	1924.500
105	1924.600
175	1924.600
275	1924.600
635	1924.600
705	1924.600
685	1924.700
555	1924.800
405	1924.900
515	1925.000
585	1925.100
455	1925.500
615	1926.200
355	1926.400
75	1926.500
215	1926.700
295	1926.900
415	1927.000
85	1927.200
665	1927.400
115	1927.500
565	1927.600
235	1927.700
765	1927.800
145	1928.000
285	1928.200
435	1928.200
485	1928.300
505	1928.300
605	1928.300
575	1928.400
345	1928.500
5	1928.600
775	1928.600
725	1928.700
755	1928.700
245	1928.800
95	1928.900
535	1928.900
325	1929.000
495	1929.000
45	1929.200
55	1929.400
185	1929.400
195	1929.900
205	1929.900
305	1929.900
545	1929.900
785	1930.000
695	1930.100
385	1930.200
675	1930.200
25	1930.300
65	1930.300
125	1930.300
135	1930.300
315	1930.300
15	1930.400
155	1930.400
715	1930.400
735	1930.400
335	1930.500
625	1930.500
655	1930.500
225	1930.600
365	1930.600
375	1930.600
425	1930.600
475	1930.600
525	1930.600
645	1930.600
35	1930.700
105	1930.700
165	1930.700
255	1930.700
265	1930.700
445	1930.700
275	1930.800
465	1930.800
595	1930.800
745	1930.800
175	1930.900
395	1930.900
685	1930.900
705	1930.900
795	1930.900
555	1931.000
635	1931.000
405	1931.100
515	1931.200
585	1931.300
455	1931.500
615	1932.300
355	1932.500
75	1932.600
215	1932.900
295	1933.100
415	1933.100
85	1933.400
665	1933.500
115	1933.600
565	1933.600
235	1933.700
765	1933.900
145	1934.100
285	1934.300
435	1934.300
605	1934.300
485	1934.400
505	1934.400
575	1934.400
345	1934.600
5	1934.700
775	1934.700
725	1934.800
755	1934.800
95	1935.000
245	1935.000
495	1935.100
535	1935.100
325	1935.200
45	1935.300
55	1935.500
185	1935.500
205	1935.900
195	1936.000
545	1936.000
305	1936.100
785	1936.100
695	1936.200
385	1936.300
675	1936.300
25	1936.400
65	1936.400
125	1936.500
135	1936.500
715	1936.500
735	1936.500
155	1936.600
315	1936.600
335	1936.600
655	1936.600
15	1936.700
225	1936.700
375	1936.700
625	1936.700
645	1936.700
105	1936.800
255	1936.800
275	1936.800
365	1936.800
445	1936.800
475	1936.800
525	1936.800
35	1936.900
165	1936.900
265	1936.900
425	1936.900
465	1936.900
595	1936.900
745	1936.900
175	1937.000
685	1937.100
705	1937.100
795	1937.100
395	1937.200
405	1937.200
515	1937.200
555	1937.200
635	1937.200
585	1937.300
455	1937.500
615	1938.300
355	1938.500
75	1938.700
215	1938.900
295	1939.100
415	1939.200
85	1939.500
665	1939.500
565	1939.600
115	1939.700
235	1939.800
765	1940.000
145	1940.200
285	1940.300
435	1940.400
485	1940.400
605	1940.400
505	1940.500
575	1940.500
345	1940.700
5	1940.800
775	1940.800
95	1941.000
725	1941.000
755	1941.000
245	1941.200
325	1941.200
495	1941.200
535	1941.200
45	1941.400
55	1941.600
185	1941.600
205	1941.900
545	1942.000
195	1942.100
305	1942.100
785	1942.100
385	1942.300
695	1942.300
25	1942.400
65	1942.400
675	1942.400
715	1942.500
735	1942.500
125	1942.600
135	1942.600
315	1942.600
15	1942.700
155	1942.700
225	1942.700
335	1942.700
375	1942.700
445	1942.700
655	1942.700
105	1942.800
255	1942.800
275	1942.800
475	1942.800
525	1942.800
625	1942.800
645	1942.800
745	1942.800
165	1942.900
365	1942.900
425	1942.900
35	1943.000
175	1943.000
265	1943.000
465	1943.000
595	1943.000
405	1943.100
705	1943.100
795	1943.100
515	1943.200
555	1943.200
685	1943.200
395	1943.300
635	1943.300
455	1943.400
585	1943.400
615	1944.300
355	1944.400
75	1944.600
215	1944.900
295	1945.000
415	1945.100
85	1945.400
665	1945.400
565	1945.500
115	1945.600
235	1945.600
765	1946.000
145	1946.100
285	1946.200
435	1946.400
485	1946.400
575	1946.400
605	1946.400
505	1946.500
345	1946.700
775	1946.700
5	1946.800
755	1946.900
95	1947.000
725	1947.000
495	1947.100
535	1947.100
245	1947.200
325	1947.200
45	1947.400
55	1947.600
185	1947.600
205	1947.800
305	1948.000
545	1948.000
195	1948.100
385	1948.100
785	1948.100
695	1948.200
25	1948.300
65	1948.400
675	1948.400
125	1948.500
135	1948.500
715	1948.500
735	1948.500
15	1948.600
225	1948.600
315	1948.600
375	1948.600
445	1948.600
275	1948.700
335	1948.700
475	1948.700
525	1948.700
655	1948.700
745	1948.700
105	1948.800
155	1948.800
255	1948.800
365	1948.800
625	1948.800
645	1948.800
165	1948.900
265	1948.900
425	1948.900
35	1949.000
175	1949.000
465	1949.000
595	1949.000
705	1949.000
795	1949.000
405	1949.100
515	1949.100
555	1949.100
685	1949.200
395	1949.300
455	1949.300
585	1949.300
635	1949.300
615	1950.200
355	1950.300
75	1950.500
215	1950.900
295	1950.900
415	1950.900
85	1951.200
665	1951.300
235	1951.400
565	1951.400
115	1951.500
765	1951.900
145	1952.000
285	1952.100
435	1952.300
485	1952.300
575	1952.300
605	1952.300
505	1952.500
5	1952.600
345	1952.600
775	1952.700
725	1952.900
755	1952.900
95	1953.000
495	1953.000
535	1953.000
245	1953.100
325	1953.100
45	1953.300
185	1953.500
55	1953.600
205	1953.700
385	1953.900
545	1953.900
195	1954.000
305	1954.000
695	1954.000
25	1954.100
785	1954.200
65	1954.300
675	1954.300
135	1954.400
375	1954.400
735	1954.400
15	1954.500
125	1954.500
225	1954.500
275	1954.500
445	1954.500
715	1954.500
105	1954.600
315	1954.600
335	1954.600
475	1954.600
525	1954.600
655	1954.600
745	1954.600
255	1954.700
365	1954.700
625	1954.700
265	1954.800
425	1954.800
645	1954.800
35	1954.900
155	1954.900
165	1954.900
175	1954.900
405	1954.900
465	1954.900
515	1954.900
595	1954.900
705	1954.900
795	1954.900
555	1955.000
585	1955.100
685	1955.100
455	1955.200
395	1955.300
635	1955.300
355	1956.100
615	1956.100
75	1956.300
415	1956.700
215	1956.800
295	1956.800
85	1957.100
665	1957.100
235	1957.200
565	1957.200
115	1957.400
765	1957.800
145	1957.900
285	1958.000
435	1958.200
485	1958.200
575	1958.200
605	1958.300
5	1958.400
345	1958.500
505	1958.500
775	1958.700
725	1958.800
755	1958.800
95	1958.900
245	1958.900
325	1958.900
495	1958.900
535	1958.900
45	1959.200
185	1959.400
55	1959.500
205	1959.600
385	1959.700
545	1959.700
695	1959.800
25	1959.900
305	1959.900
195	1960.000
65	1960.100
785	1960.100
375	1960.200
675	1960.200
15	1960.300
135	1960.300
225	1960.300
275	1960.300
735	1960.300
335	1960.400
445	1960.400
475	1960.400
715	1960.400
105	1960.500
125	1960.500
315	1960.500
525	1960.500
655	1960.500
745	1960.500
255	1960.600
365	1960.600
625	1960.600
175	1960.700
265	1960.700
425	1960.700
515	1960.700
35	1960.800
165	1960.800
405	1960.800
465	1960.800
555	1960.800
595	1960.800
645	1960.800
705	1960.800
795	1960.800
155	1960.900
585	1960.900
455	1961.000
685	1961.000
635	1961.200
395	1961.300
355	1961.900
615	1962.000
75	1962.100
415	1962.500
295	1962.600
215	1962.700
85	1962.900
235	1962.900
665	1962.900
565	1963.000
115	1963.200
765	1963.600
145	1963.700
285	1963.900
575	1964.000
435	1964.100
485	1964.100
5	1964.200
345	1964.300
605	1964.300
505	1964.400
725	1964.600
755	1964.600
775	1964.600
245	1964.700
325	1964.700
495	1964.700
95	1964.800
535	1964.800
45	1965.000
55	1965.300
185	1965.300
205	1965.400
385	1965.500
545	1965.500
695	1965.500
25	1965.700
305	1965.700
65	1965.900
195	1965.900
375	1966.000
785	1966.000
15	1966.100
135	1966.100
225	1966.100
275	1966.100
675	1966.100
735	1966.100
335	1966.200
475	1966.200
715	1966.200
445	1966.300
525	1966.300
745	1966.300
105	1966.400
125	1966.400
315	1966.400
625	1966.400
655	1966.400
175	1966.500
255	1966.500
265	1966.500
365	1966.500
425	1966.500
515	1966.500
35	1966.600
555	1966.600
705	1966.600
795	1966.600
165	1966.700
405	1966.700
465	1966.700
585	1966.700
595	1966.700
155	1966.800
455	1966.800
645	1966.800
685	1966.800
635	1967.000
395	1967.200
355	1967.700
615	1967.800
75	1967.900
415	1968.300
295	1968.400
215	1968.600
235	1968.600
85	1968.700
665	1968.700
565	1968.800
115	1969.100
765	1969.400
145	1969.500
285	1969.700
575	1969.800
435	1969.900
5	1970.000
485	1970.000
345	1970.100
605	1970.200
505	1970.300
245	1970.400
725	1970.400
755	1970.400
325	1970.500
495	1970.500
775	1970.500
95	1970.700
535	1970.700
45	1970.800
185	1971.100
205	1971.100
55	1971.200
695	1971.200
385	1971.300
545	1971.300
25	1971.500
305	1971.500
65	1971.700
195	1971.800
15	1971.900
135	1971.900
225	1971.900
275	1971.900
375	1971.900
785	1971.900
335	1972.000
475	1972.000
675	1972.000
715	1972.000
735	1972.000
445	1972.100
525	1972.100
745	1972.100
265	1972.200
515	1972.200
625	1972.200
105	1972.300
125	1972.300
175	1972.300
255	1972.300
315	1972.300
365	1972.300
425	1972.300
655	1972.300
35	1972.400
555	1972.400
705	1972.400
795	1972.400
405	1972.500
585	1972.500
165	1972.600
455	1972.600
465	1972.600
595	1972.600
645	1972.600
685	1972.600
155	1972.700
635	1972.800
395	1973.100
355	1973.400
75	1973.600
615	1973.600
415	1974.000
295	1974.100
235	1974.300
85	1974.500
665	1974.500
215	1974.600
565	1974.600
115	1974.900
765	1975.200
145	1975.300
285	1975.500
575	1975.600
435	1975.700
5	1975.800
485	1975.800
345	1975.900
605	1976.000
245	1976.200
505	1976.200
725	1976.200
755	1976.200
325	1976.300
495	1976.300
775	1976.400
535	1976.500
45	1976.600
95	1976.600
185	1976.900
205	1976.900
695	1976.900
55	1977.000
385	1977.100
545	1977.100
25	1977.300
305	1977.400
65	1977.500
195	1977.600
275	1977.600
15	1977.700
135	1977.700
225	1977.700
375	1977.700
335	1977.800
475	1977.800
735	1977.800
785	1977.800
265	1977.900
445	1977.900
515	1977.900
525	1977.900
675	1977.900
715	1977.900
745	1977.900
625	1978.000
105	1978.100
125	1978.100
175	1978.100
255	1978.100
315	1978.100
365	1978.100
425	1978.100
35	1978.200
555	1978.200
655	1978.200
705	1978.200
405	1978.300
585	1978.300
795	1978.300
165	1978.400
455	1978.400
685	1978.400
465	1978.500
595	1978.500
645	1978.500
155	1978.600
635	1978.600
395	1978.900
355	1979.100
75	1979.400
615	1979.400
295	1979.800
415	1979.800
235	1980.000
85	1980.300
665	1980.300
565	1980.400
215	1980.500
115	1980.700
765	1981.000
145	1981.100
285	1981.300
575	1981.400
435	1981.500
5	1981.600
485	1981.600
345	1981.700
605	1981.800
245	1982.000
505	1982.000
725	1982.000
325	1982.100
495	1982.100
755	1982.100
775	1982.300
45	1982.400
535	1982.400
95	1982.600
185	1982.700
205	1982.700
695	1982.700
55	1982.800
385	1982.800
545	1982.900
25	1983.000
305	1983.200
65	1983.400
195	1983.400
275	1983.400
15	1983.500
135	1983.500
225	1983.500
375	1983.500
335	1983.600
475	1983.600
515	1983.600
735	1983.600
265	1983.700
445	1983.700
525	1983.700
675	1983.700
715	1983.700
745	1983.700
785	1983.700
625	1983.800
105	1983.900
125	1983.900
175	1983.900
255	1983.900
365	1983.900
425	1983.900
315	1984.000
555	1984.000
655	1984.000
705	1984.000
35	1984.100
405	1984.100
585	1984.100
165	1984.200
455	1984.200
685	1984.200
795	1984.200
465	1984.300
645	1984.300
155	1984.400
595	1984.400
635	1984.400
395	1984.700
355	1984.800
75	1985.200
615	1985.200
295	1985.600
415	1985.600
235	1985.700
85	1986.100
665	1986.100
565	1986.200
215	1986.400
115	1986.500
765	1986.700
145	1986.900
285	1987.100
575	1987.200
5	1987.300
435	1987.300
485	1987.300
345	1987.500
605	1987.600
245	1987.800
505	1987.800
725	1987.800
325	1987.900
495	1987.900
755	1988.000
45	1988.200
535	1988.200
775	1988.200
55	1988.500
95	1988.500
205	1988.500
695	1988.500
185	1988.600
385	1988.600
545	1988.600
25	1988.700
305	1989.000
195	1989.200
275	1989.200
15	1989.300
65	1989.300
135	1989.300
225	1989.300
375	1989.300
515	1989.300
335	1989.400
475	1989.400
735	1989.400
265	1989.500
445	1989.500
525	1989.500
675	1989.500
715	1989.500
745	1989.500
785	1989.500
625	1989.600
175	1989.700
255	1989.700
365	1989.700
425	1989.700
105	1989.800
125	1989.800
315	1989.800
555	1989.800
655	1989.800
705	1989.800
35	1989.900
405	1989.900
585	1989.900
165	1990.000
455	1990.000
685	1990.000
795	1990.000
465	1990.100
635	1990.100
645	1990.100
595	1990.200
155	1990.300
355	1990.500
395	1990.500
75	1991.000
615	1991.000
235	1991.400
295	1991.400
415	1991.400
665	1991.800
85	1991.900
565	1991.900
215	1992.200
115	1992.300
765	1992.500
145	1992.700
285	1992.900
5	1993.000
435	1993.000
485	1993.000
575	1993.000
345	1993.300
605	1993.400
245	1993.600
495	1993.600
505	1993.600
725	1993.600
325	1993.700
755	1993.800
45	1994.000
775	1994.000
535	1994.100
695	1994.200
55	1994.300
95	1994.300
205	1994.300
385	1994.300
545	1994.300
185	1994.400
25	1994.500
305	1994.800
15	1995.000
195	1995.000
275	1995.000
515	1995.000
65	1995.100
135	1995.100
225	1995.100
375	1995.100
265	1995.200
335	1995.200
475	1995.200
745	1995.200
445	1995.300
525	1995.300
675	1995.300
715	1995.300
735	1995.300
785	1995.300
625	1995.400
175	1995.500
255	1995.500
365	1995.500
425	1995.500
555	1995.500
125	1995.600
655	1995.600
705	1995.600
35	1995.700
105	1995.700
315	1995.700
405	1995.700
585	1995.700
165	1995.800
455	1995.800
635	1995.800
685	1995.800
795	1995.800
465	1995.900
595	1996.000
645	1996.000
155	1996.100
355	1996.200
395	1996.400
75	1996.800
615	1996.800
235	1997.100
295	1997.200
415	1997.200
565	1997.600
665	1997.600
85	1997.700
115	1998.100
215	1998.100
765	1998.300
145	1998.500
285	1998.600
435	1998.700
485	1998.700
5	1998.800
575	1998.800
345	1999.100
605	1999.200
725	1999.300
245	1999.400
495	1999.400
505	1999.400
325	1999.600
755	1999.600
45	1999.800
775	1999.800
695	1999.900
385	2000.000
535	2000.000
545	2000.000
