# NEST version: UNKNOWN
# RecordingBackendASCII version: 2
sender	time_ms	V_m
2	1.000	-56.324
2	2.000	-56.715
2	3.000	-57.088
2	4.000	-57.443
2	5.000	-57.781
2	6.000	-58.103
2	7.000	-58.410
2	8.000	-58.702
2	9.000	-58.842
2	10.000	-58.878
2	11.000	-58.954
2	12.000	-59.062
2	13.000	-59.193
2	14.000	-59.341
2	15.000	-59.500
2	16.000	-59.668
2	17.000	-59.840
2	18.000	-60.015
2	19.000	-60.190
2	20.000	-60.363
2	21.000	-60.392
2	22.000	-60.325
2	23.000	-60.310
2	24.000	-60.334
2	25.000	-60.388
2	26.000	-60.466
2	27.000	-60.562
2	28.000	-60.502
2	29.000	-60.391
2	30.000	-60.341
2	31.000	-60.338
2	32.000	-60.371
2	33.000	-60.433
2	34.000	-60.250
2	35.000	-60.145
2	36.000	-60.101
2	37.000	-60.106
2	38.000	-60.147
2	39.000	-59.785
2	40.000	-59.450
2	41.000	-59.234
2	42.000	-59.113
2	43.000	-59.066
2	44.000	-59.076
2	45.000	-59.132
2	46.000	-59.221
2	47.000	-59.337
2	48.000	-59.442
2	49.000	-59.277
2	50.000	-58.992
2	51.000	-58.631
2	52.000	-58.304
2	53.000	-57.878
2	54.000	-57.607
2	55.000	-57.458
2	56.000	-57.403
2	57.000	-57.422
2	58.000	-57.499
2	59.000	-57.619
2	60.000	-57.564
2	61.000	-57.535
2	62.000	-57.574
2	63.000	-57.664
2	64.000	-57.793
2	65.000	-57.952
2	66.000	-58.132
2	67.000	-58.327
2	68.000	-58.533
2	69.000	-58.510
2	70.000	-58.521
2	71.000	-58.581
2	72.000	-58.680
2	73.000	-58.669
2	74.000	-58.332
2	75.000	-58.126
2	76.000	-58.022
2	77.000	-57.836
2	78.000	-57.657
2	79.000	-57.577
2	80.000	-57.575
2	81.000	-57.634
2	82.000	-57.604
2	83.000	-57.522
2	84.000	-57.519
2	85.000	-57.577
2	86.000	-57.682
2	87.000	-57.823
2	88.000	-57.991
2	89.000	-58.178
2	90.000	-58.378
2	91.000	-58.588
2	92.000	-58.664
2	93.000	-58.653
2	94.000	-58.403
2	95.000	-58.040
2	96.000	-57.680
2	97.000	-57.344
2	98.000	-57.146
2	99.000	-57.057
2	100.000	-57.052
2	101.000	-57.114
2	102.000	-57.197
2	103.000	-57.101
2	104.000	-57.091
2	105.000	-57.148
2	106.000	-57.256
2	107.000	-57.243
2	108.000	-57.203
2	109.000	-57.235
2	110.000	-57.323
2	111.000	-57.454
2	112.000	-57.617
2	113.000	-57.803
2	114.000	-58.007
2	115.000	-58.222
2	116.000	-58.443
2	117.000	-58.611
2	118.000	-58.592
2	119.000	-58.628
2	120.000	-58.392
2	121.000	-58.063
2	122.000	-57.865
2	123.000	-57.769
2	124.000	-57.754
2	125.000	-57.800
2	126.000	-57.894
2	127.000	-57.687
2	128.000	-57.415
2	129.000	-57.266
2	130.000	-57.214
2	131.000	-57.237
2	132.000	-57.159
2	133.000	-57.068
2	134.000	-57.063
2	135.000	-57.124
2	136.000	-57.235
2	137.000	-57.384
2	138.000	-57.562
2	139.000	-57.761
2	140.000	-57.975
2	141.000	-58.197
2	142.000	-58.426
2	143.000	-58.445
2	144.000	-58.255
2	145.000	-58.116
2	146.000	-58.007
2	147.000	-57.781
2	148.000	-57.664
2	149.000	-57.633
2	150.000	-57.669
2	151.000	-57.756
2	152.000	-57.772
2	153.000	-57.698
2	154.000	-57.469
2	155.000	-57.113
2	156.000	-56.617
2	157.000	-56.197
2	158.000	-55.449
2	159.000	-54.821
2	160.000	-54.421
2	161.000	-54.199
2	162.000	-54.115
2	163.000	-53.901
2	164.000	-53.825
2	165.000	-53.780
2	166.000	-53.676
2	167.000	-53.586
2	168.000	-53.475
2	169.000	-53.241
2	170.000	-52.926
2	171.000	-52.779
2	172.000	-52.763
2	173.000	-52.773
2	174.000	-52.723
2	175.000	-52.783
2	176.000	-52.695
2	177.000	-52.727
2	178.000	-52.850
2	179.000	-53.045
2	180.000	-53.295
2	181.000	-53.586
2	182.000	-53.907
2	183.000	-54.249
2	184.000	-54.604
2	185.000	-54.967
2	186.000	-55.332
2	187.000	-55.697
2	188.000	-55.833
2	189.000	-55.938
2	190.000	-55.901
2	191.000	-55.785
2	192.000	-55.441
2	193.000	-55.254
2	194.000	-54.947
2	195.000	-54.738
2	196.000	-54.473
2	197.000	-54.354
2	198.000	-54.349
2	199.000	-54.432
2	200.000	-54.432
2	201.000	-54.429
2	202.000	-54.514
2	203.000	-54.562
2	204.000	-54.547
2	205.000	-54.621
2	206.000	-54.764
2	207.000	-54.960
2	208.000	-54.866
2	209.000	-54.719
2	210.000	-54.690
2	211.000	-54.752
2	212.000	-54.642
2	213.000	-54.643
2	214.000	-54.727
2	215.000	-54.680
2	216.000	-54.684
2	217.000	-54.771
2	218.000	-54.923
2	219.000	-55.124
2	220.000	-55.362
2	221.000	-55.626
2	222.000	-55.707
2	223.000	-55.623
2	224.000	-55.568
2	225.000	-55.402
2	226.000	-55.308
2	227.000	-55.287
2	228.000	-55.134
2	229.000	-55.097
2	230.000	-55.149
2	231.000	-55.271
2	232.000	-55.445
2	233.000	-55.327
2	234.000	-54.915
2	235.000	-54.680
2	236.000	-54.386
2	237.000	-54.029
2	238.000	-53.777
2	239.000	-53.674
2	240.000	-53.686
2	241.000	-53.638
2	242.000	-53.606
2	243.000	-53.502
2	244.000	-53.236
2	245.000	-53.104
2	246.000	-53.098
2	247.000	-52.976
2	248.000	-52.788
2	249.000	-52.677
2	250.000	-52.690
2	251.000	-52.799
2	252.000	-52.984
2	253.000	-52.768
2	254.000	-52.224
2	255.000	-51.904
2	256.000	-51.341
2	257.000	-50.967
2	258.000	-50.782
2	259.000	-50.744
2	260.000	-50.825
2	261.000	-50.999
2	262.000	-51.248
2	263.000	-51.553
2	264.000	-51.902
2	265.000	-52.208
2	266.000	-52.395
2	267.000	-52.617
2	268.000	-52.304
2	269.000	-52.027
2	270.000	-51.507
2	271.000	-51.206
2	272.000	-50.871
2	273.000	-50.553
2	274.000	-50.327
2	275.000	-50.232
2	276.000	-50.068
2	277.000	-50.047
2	278.000	-50.024
2	279.000	-49.786
2	280.000	-49.706
2	281.000	-49.680
2	282.000	-49.480
2	283.000	-49.319
2	284.000	-49.099
2	285.000	-49.028
2	286.000	-49.081
2	287.000	-49.236
2	288.000	-49.477
2	289.000	-49.789
2	290.000	-50.157
2	291.000	-50.568
2	292.000	-51.010
2	293.000	-51.423
2	294.000	-51.680
2	295.000	-51.989
2	296.000	-52.338
2	297.000	-52.614
2	298.000	-52.798
2	299.000	-53.042
2	300.000	-53.329
2	301.000	-53.650
2	302.000	-53.994
2	303.000	-54.353
2	304.000	-54.721
2	305.000	-55.093
2	306.000	-55.464
2	307.000	-55.779
2	308.000	-55.907
2	309.000	-56.027
2	310.000	-56.001
2	311.000	-56.054
2	312.000	-55.944
2	313.000	-55.911
2	314.000	-55.960
2	315.000	-56.072
2	316.000	-56.232
2	317.000	-56.401
2	318.000	-56.381
2	319.000	-56.437
2	320.000	-56.550
2	321.000	-56.480
2	322.000	-56.473
2	323.000	-56.537
2	324.000	-56.657
2	325.000	-56.585
2	326.000	-56.332
2	327.000	-56.208
2	328.000	-56.183
2	329.000	-56.237
2	330.000	-56.350
2	331.000	-56.328
2	332.000	-56.314
2	333.000	-56.242
2	334.000	-56.142
2	335.000	-56.057
2	336.000	-55.897
2	337.000	-55.849
2	338.000	-55.886
2	339.000	-55.990
2	340.000	-56.144
2	341.000	-56.337
2	342.000	-56.558
2	343.000	-56.572
2	344.000	-56.629
2	345.000	-56.742
2	346.000	-56.647
2	347.000	-56.642
2	348.000	-56.706
2	349.000	-56.824
2	350.000	-56.982
2	351.000	-56.942
2	352.000	-56.954
2	353.000	-57.029
2	354.000	-56.901
2	355.000	-56.868
2	356.000	-56.854
2	357.000	-56.714
2	358.000	-56.674
2	359.000	-56.711
2	360.000	-56.617
2	361.000	-56.304
2	362.000	-55.909
2	363.000	-55.657
2	364.000	-55.539
2	365.000	-55.525
2	366.000	-55.592
2	367.000	-55.721
2	368.000	-55.898
2	369.000	-55.930
2	370.000	-55.655
2	371.000	-55.335
2	372.000	-55.168
2	373.000	-54.966
2	374.000	-54.410
2	375.000	-53.743
2	376.000	-53.244
2	377.000	-52.797
2	378.000	-52.337
2	379.000	-52.061
2	380.000	-51.949
2	381.000	-51.916
2	382.000	-51.814
2	383.000	-51.673
2	384.000	-51.604
2	385.000	-51.657
2	386.000	-51.805
2	387.000	-52.027
2	388.000	-52.306
2	389.000	-52.602
2	390.000	-52.727
2	391.000	-52.925
2	392.000	-53.126
2	393.000	-53.197
2	394.000	-53.030
2	395.000	-52.673
2	396.000	-52.153
2	397.000	-51.621
2	398.000	-51.135
2	399.000	-50.811
2	400.000	-50.488
2	401.000	-50.342
2	402.000	-50.337
2	403.000	-50.239
2	404.000	-50.027
2	405.000	-49.827
2	406.000	-49.693
2	407.000	-49.697
2	408.000	-49.788
2	409.000	-49.775
2	410.000	-49.877
2	411.000	-49.909
2	412.000	-49.961
2	413.000	-49.914
2	414.000	-49.989
2	415.000	-50.163
2	416.000	-50.415
2	417.000	-50.730
2	418.000	-50.886
2	419.000	-51.075
2	420.000	-50.904
2	421.000	-50.878
2	422.000	-50.708
2	423.000	-50.164
2	424.000	-49.716
2	425.000	-49.218
2	426.000	-48.721
2	427.000	-48.415
2	428.000	-48.261
2	429.000	-48.235
2	430.000	-48.180
2	431.000	-48.151
2	432.000	-48.232
2	433.000	-48.408
2	434.000	-48.669
2	435.000	-49.001
2	436.000	-49.252
2	437.000	-49.489
2	438.000	-49.701
2	439.000	-49.857
2	440.000	-50.098
2	441.000	-50.405
2	442.000	-50.558
2	443.000	-50.772
2	444.000	-51.053
2	445.000	-51.387
2	446.000	-51.760
2	447.000	-52.161
2	448.000	-52.582
2	449.000	-53.014
2	450.000	-53.451
2	451.000	-53.738
2	452.000	-53.967
2	453.000	-54.236
2	454.000	-54.535
2	455.000	-54.646
2	456.000	-54.489
2	457.000	-54.164
2	458.000	-53.866
2	459.000	-53.726
2	460.000	-53.709
2	461.000	-53.789
2	462.000	-53.890
2	463.000	-53.874
2	464.000	-53.953
2	465.000	-53.888
2	466.000	-53.907
2	467.000	-54.013
2	468.000	-54.159
2	469.000	-54.148
2	470.000	-53.991
2	471.000	-53.959
2	472.000	-53.787
2	473.000	-53.551
2	474.000	-53.418
2	475.000	-53.410
2	476.000	-53.498
2	477.000	-53.559
2	478.000	-53.565
2	479.000	-53.663
2	480.000	-53.832
2	481.000	-54.056
2	482.000	-54.320
2	483.000	-54.439
2	484.000	-54.230
2	485.000	-54.000
2	486.000	-53.695
2	487.000	-53.531
2	488.000	-53.348
2	489.000	-53.213
2	490.000	-53.013
2	491.000	-52.912
2	492.000	-52.931
2	493.000	-53.044
2	494.000	-53.230
2	495.000	-53.346
2	496.000	-53.421
2	497.000	-53.574
2	498.000	-53.787
2	499.000	-53.828
2	500.000	-53.930
2	501.000	-54.101
2	502.000	-54.270
2	503.000	-54.303
2	504.000	-54.243
2	505.000	-54.218
2	506.000	-54.209
2	507.000	-54.130
2	508.000	-54.157
2	509.000	-54.268
2	510.000	-54.363
2	511.000	-54.124
2	512.000	-54.027
2	513.000	-53.531
2	514.000	-52.851
2	515.000	-52.382
2	516.000	-52.069
2	517.000	-51.748
2	518.000	-51.603
2	519.000	-51.387
2	520.000	-51.304
2	521.000	-51.347
2	522.000	-51.953
2	523.000	-52.184
2	524.000	-51.637
2	525.000	-51.284
2	526.000	-51.118
2	527.000	-51.097
2	528.000	-51.190
2	529.000	-51.370
2	530.000	-51.620
2	531.000	-51.800
2	532.000	-51.913
2	533.000	-51.803
2	534.000	-51.691
2	535.000	-51.710
2	536.000	-51.708
2	537.000	-51.654
2	538.000	-51.539
2	539.000	-51.555
2	540.000	-51.675
2	541.000	-51.731
2	542.000	-51.795
2	543.000	-51.951
2	544.000	-51.969
2	545.000	-52.066
2	546.000	-52.246
2	547.000	-52.491
2	548.000	-52.572
2	549.000	-52.689
2	550.000	-52.673
2	551.000	-52.761
2	552.000	-52.929
2	553.000	-53.158
2	554.000	-53.435
2	555.000	-53.745
2	556.000	-54.081
2	557.000	-54.041
2	558.000	-53.935
2	559.000	-53.783
2	560.000	-53.757
2	561.000	-53.752
2	562.000	-53.679
2	563.000	-53.716
2	564.000	-53.600
2	565.000	-53.602
2	566.000	-53.698
2	567.000	-53.865
2	568.000	-54.008
2	569.000	-54.049
2	570.000	-54.171
2	571.000	-54.355
2	572.000	-54.585
2	573.000	-54.851
2	574.000	-55.141
2	575.000	-55.449
2	576.000	-55.768
2	577.000	-56.092
2	578.000	-56.418
2	579.000	-56.743
2	580.000	-57.063
2	581.000	-57.378
2	582.000	-57.686
2	583.000	-57.986
2	584.000	-58.276
2	585.000	-58.557
2	586.000	-58.828
2	587.000	-59.089
2	588.000	-59.174
2	589.000	-59.191
2	590.000	-59.250
2	591.000	-59.343
2	592.000	-59.459
2	593.000	-59.594
2	594.000	-59.551
2	595.000	-59.489
2	596.000	-59.485
2	597.000	-59.525
2	598.000	-59.600
2	599.000	-59.643
2	600.000	-59.514
2	601.000	-59.400
2	602.000	-59.153
2	603.000	-59.008
2	604.000	-58.944
2	605.000	-58.943
2	606.000	-58.991
2	607.000	-59.077
2	608.000	-59.191
2	609.000	-59.326
2	610.000	-59.476
2	611.000	-59.637
2	612.000	-59.805
2	613.000	-59.810
2	614.000	-59.758
2	615.000	-59.759
2	616.000	-59.742
2	617.000	-59.566
2	618.000	-59.308
2	619.000	-59.057
2	620.000	-58.911
2	621.000	-58.847
2	622.000	-58.789
2	623.000	-58.593
2	624.000	-58.492
2	625.000	-58.467
2	626.000	-58.500
2	627.000	-58.579
2	628.000	-58.456
2	629.000	-58.391
2	630.000	-58.394
2	631.000	-58.450
2	632.000	-58.546
2	633.000	-58.673
2	634.000	-58.550
2	635.000	-58.263
2	636.000	-58.096
2	637.000	-57.514
2	638.000	-57.127
2	639.000	-56.893
2	640.000	-56.723
2	641.000	-56.308
2	642.000	-55.969
2	643.000	-55.781
2	644.000	-55.606
2	645.000	-55.408
2	646.000	-55.334
2	647.000	-55.356
2	648.000	-55.452
2	649.000	-55.606
2	650.000	-55.802
2	651.000	-56.031
2	652.000	-56.283
2	653.000	-56.550
2	654.000	-56.623
2	655.000	-56.675
2	656.000	-56.336
2	657.000	-56.123
2	658.000	-55.950
2	659.000	-55.396
2	660.000	-54.890
2	661.000	-54.386
2	662.000	-54.041
2	663.000	-53.838
2	664.000	-53.436
2	665.000	-53.109
2	666.000	-52.952
2	667.000	-52.928
2	668.000	-53.007
2	669.000	-53.167
2	670.000	-53.388
2	671.000	-53.656
2	672.000	-53.959
2	673.000	-54.047
2	674.000	-54.205
2	675.000	-54.418
2	676.000	-54.495
2	677.000	-54.576
2	678.000	-54.724
2	679.000	-54.718
2	680.000	-54.521
2	681.000	-54.455
2	682.000	-54.490
2	683.000	-54.603
2	684.000	-54.777
2	685.000	-54.997
2	686.000	-55.250
2	687.000	-55.528
2	688.000	-55.577
2	689.000	-55.692
2	690.000	-55.859
2	691.000	-56.063
2	692.000	-56.296
2	693.000	-56.493
2	694.000	-56.523
2	695.000	-56.560
2	696.000	-56.463
2	697.000	-56.459
2	698.000	-56.393
2	699.000	-56.296
2	700.000	-56.211
2	701.000	-55.849
2	702.000	-55.601
2	703.000	-55.486
2	704.000	-55.475
2	705.000	-55.323
2	706.000	-55.262
2	707.000	-55.296
2	708.000	-55.402
2	709.000	-55.563
2	710.000	-55.766
2	711.000	-56.000
2	712.000	-56.256
2	713.000	-56.528
2	714.000	-56.809
2	715.000	-57.095
2	716.000	-57.017
2	717.000	-56.883
2	718.000	-56.846
2	719.000	-56.885
2	720.000	-56.953
2	721.000	-56.849
2	722.000	-56.835
2	723.000	-56.891
2	724.000	-57.001
2	725.000	-57.152
2	726.000	-57.126
2	727.000	-56.572
2	728.000	-55.772
2	729.000	-55.235
2	730.000	-54.902
2	731.000	-54.728
2	732.000	-54.550
2	733.000	-54.385
2	734.000	-54.105
2	735.000	-53.978
2	736.000	-53.969
2	737.000	-54.053
2	738.000	-54.209
2	739.000	-54.200
2	740.000	-54.261
2	741.000	-54.200
2	742.000	-54.198
2	743.000	-54.285
2	744.000	-54.441
2	745.000	-54.596
2	746.000	-54.614
2	747.000	-54.714
2	748.000	-54.635
2	749.000	-54.658
2	750.000	-54.555
2	751.000	-54.286
2	752.000	-54.166
2	753.000	-54.162
2	754.000	-54.247
2	755.000	-54.403
2	756.000	-54.610
2	757.000	-54.779
2	758.000	-54.831
2	759.000	-54.955
2	760.000	-55.134
2	761.000	-55.355
2	762.000	-55.607
2	763.000	-55.880
2	764.000	-56.168
2	765.000	-56.465
2	766.000	-56.766
2	767.000	-57.069
2	768.000	-57.369
2	769.000	-57.666
2	770.000	-57.957
2	771.000	-58.241
2	772.000	-58.260
2	773.000	-58.330
2	774.000	-58.438
2	775.000	-58.575
2	776.000	-58.733
2	777.000	-58.907
2	778.000	-59.091
2	779.000	-59.282
2	780.000	-59.024
2	781.000	-58.718
2	782.000	-58.359
2	783.000	-58.135
2	784.000	-58.018
2	785.000	-57.984
2	786.000	-58.014
2	787.000	-58.095
2	788.000	-58.214
2	789.000	-58.361
2	790.000	-58.318
2	791.000	-58.082
2	792.000	-57.910
2	793.000	-57.835
2	794.000	-57.834
2	795.000	-57.809
2	796.000	-57.492
2	797.000	-57.239
2	798.000	-57.108
2	799.000	-57.070
2	800.000	-57.106
2	801.000	-57.198
2	802.000	-57.334
2	803.000	-57.502
2	804.000	-57.694
2	805.000	-57.820
2	806.000	-57.804
2	807.000	-57.850
2	808.000	-57.944
2	809.000	-58.075
2	810.000	-58.233
2	811.000	-58.353
2	812.000	-58.300
2	813.000	-58.103
2	814.000	-57.960
2	815.000	-57.907
2	816.000	-57.788
2	817.000	-57.635
2	818.000	-57.577
2	819.000	-57.592
2	820.000	-57.665
2	821.000	-57.781
2	822.000	-57.930
2	823.000	-58.103
2	824.000	-58.294
2	825.000	-58.497
2	826.000	-58.708
2	827.000	-58.922
2	828.000	-59.139
2	829.000	-59.354
2	830.000	-59.567
2	831.000	-59.776
2	832.000	-59.980
2	833.000	-60.179
2	834.000	-60.257
2	835.000	-60.117
2	836.000	-59.868
2	837.000	-59.717
2	838.000	-59.641
2	839.000	-59.363
2	840.000	-59.193
2	841.000	-58.848
2	842.000	-58.602
2	843.000	-58.235
2	844.000	-57.752
2	845.000	-57.439
2	846.000	-57.259
2	847.000	-57.183
2	848.000	-57.188
2	849.000	-57.256
2	850.000	-57.372
2	851.000	-57.524
2	852.000	-57.704
2	853.000	-57.903
2	854.000	-58.116
2	855.000	-58.337
2	856.000	-58.564
2	857.000	-58.681
2	858.000	-58.675
2	859.000	-58.722
2	860.000	-58.671
2	861.000	-58.561
2	862.000	-58.528
2	863.000	-58.555
2	864.000	-58.628
2	865.000	-58.736
2	866.000	-58.871
2	867.000	-58.861
2	868.000	-58.807
2	869.000	-58.815
2	870.000	-58.870
2	871.000	-58.963
2	872.000	-58.895
2	873.000	-58.820
2	874.000	-58.624
2	875.000	-58.452
2	876.000	-58.373
2	877.000	-58.365
2	878.000	-58.413
2	879.000	-58.503
2	880.000	-58.488
2	881.000	-58.198
2	882.000	-57.774
2	883.000	-57.460
2	884.000	-56.962
2	885.000	-56.459
2	886.000	-56.143
2	887.000	-55.971
2	888.000	-55.782
2	889.000	-55.414
2	890.000	-54.904
2	891.000	-54.594
2	892.000	-54.440
2	893.000	-54.408
2	894.000	-54.470
2	895.000	-54.604
2	896.000	-54.795
2	897.000	-54.920
2	898.000	-54.723
2	899.000	-54.655
2	900.000	-54.687
2	901.000	-54.797
2	902.000	-54.967
2	903.000	-55.181
2	904.000	-55.429
2	905.000	-55.701
2	906.000	-55.990
2	907.000	-56.289
2	908.000	-56.593
2	909.000	-56.900
2	910.000	-57.205
2	911.000	-57.507
2	912.000	-57.804
2	913.000	-57.860
2	914.000	-57.779
2	915.000	-57.681
2	916.000	-57.664
2	917.000	-57.458
2	918.000	-57.359
2	919.000	-57.346
2	920.000	-57.398
2	921.000	-57.500
2	922.000	-57.613
2	923.000	-57.535
2	924.000	-57.535
2	925.000	-57.597
2	926.000	-57.648
2	927.000	-57.320
2	928.000	-57.107
2	929.000	-57.007
2	930.000	-56.995
2	931.000	-57.051
2	932.000	-57.160
2	933.000	-57.174
2	934.000	-57.131
2	935.000	-57.162
2	936.000	-57.251
2	937.000	-57.383
2	938.000	-57.547
2	939.000	-57.737
2	940.000	-57.711
2	941.000	-57.727
2	942.000	-57.568
2	943.000	-57.253
2	944.000	-57.050
2	945.000	-56.708
2	946.000	-56.512
2	947.000	-56.430
2	948.000	-56.234
2	949.000	-56.109
2	950.000	-56.086
2	951.000	-56.141
2	952.000	-56.257
2	953.000	-56.418
2	954.000	-56.615
2	955.000	-56.703
2	956.000	-56.723
2	957.000	-56.806
2	958.000	-56.829
2	959.000	-56.772
2	960.000	-56.795
2	961.000	-56.880
2	962.000	-57.013
2	963.000	-57.182
2	964.000	-57.377
2	965.000	-57.591
2	966.000	-57.790
2	967.000	-57.776
2	968.000	-57.825
2	969.000	-57.921
2	970.000	-58.054
2	971.000	-57.743
2	972.000	-57.269
2	973.000	-56.938
2	974.000	-56.528
2	975.000	-56.281
2	976.000	-56.161
2	977.000	-55.917
2	978.000	-55.598
2	979.000	-55.123
2	980.000	-54.838
2	981.000	-54.702
2	982.000	-54.681
2	983.000	-54.749
2	984.000	-54.758
2	985.000	-54.736
2	986.000	-54.804
2	987.000	-54.940
2	988.000	-55.129
2	989.000	-55.357
2	990.000	-55.534
2	991.000	-55.505
2	992.000	-55.395
2	993.000	-55.390
2	994.000	-55.264
2	995.000	-55.203
2	996.000	-55.237
2	997.000	-55.343
2	998.000	-55.505
2	999.000	-55.604
2	1000.000	-55.440
2	1001.000	-55.325
2	1002.000	-55.316
2	1003.000	-55.389
2	1004.000	-55.419
2	1005.000	-55.382
2	1006.000	-55.432
2	1007.000	-55.550
2	1008.000	-55.720
2	1009.000	-55.928
2	1010.000	-56.165
2	1011.000	-56.367
2	1012.000	-56.401
2	1013.000	-56.417
2	1014.000	-56.277
2	1015.000	-56.048
2	1016.000	-55.766
2	1017.000	-55.556
2	1018.000	-55.250
2	1019.000	-55.072
2	1020.000	-54.962
2	1021.000	-54.771
2	1022.000	-54.629
2	1023.000	-54.441
2	1024.000	-54.383
2	1025.000	-54.425
2	1026.000	-54.518
2	1027.000	-54.436
2	1028.000	-54.168
2	1029.000	-53.889
2	1030.000	-53.764
2	1031.000	-53.759
2	1032.000	-53.848
2	1033.000	-54.008
2	1034.000	-54.223
2	1035.000	-54.480
2	1036.000	-54.547
2	1037.000	-54.664
2	1038.000	-54.599
2	1039.000	-54.633
2	1040.000	-54.548
2	1041.000	-54.472
2	1042.000	-54.312
2	1043.000	-54.173
2	1044.000	-54.018
2	1045.000	-53.815
2	1046.000	-53.582
2	1047.000	-53.360
2	1048.000	-53.284
2	1049.000	-53.293
2	1050.000	-53.187
2	1051.000	-53.201
2	1052.000	-53.282
2	1053.000	-53.231
2	1054.000	-53.065
2	1055.000	-52.787
2	1056.000	-52.670
2	1057.000	-52.679
2	1058.000	-52.785
2	1059.000	-52.798
2	1060.000	-52.844
2	1061.000	-52.978
2	1062.000	-53.181
2	1063.000	-53.436
2	1064.000	-53.678
2	1065.000	-53.775
2	1066.000	-53.942
2	1067.000	-54.164
2	1068.000	-54.425
2	1069.000	-54.497
2	1070.000	-54.618
2	1071.000	-54.798
2	1072.000	-55.022
2	1073.000	-55.278
2	1074.000	-55.558
2	1075.000	-55.855
2	1076.000	-56.161
2	1077.000	-56.472
2	1078.000	-56.597
2	1079.000	-56.451
2	1080.000	-56.409
2	1081.000	-56.447
2	1082.000	-56.518
2	1083.000	-56.196
2	1084.000	-55.998
2	1085.000	-55.919
2	1086.000	-55.932
2	1087.000	-56.017
2	1088.000	-56.157
2	1089.000	-56.128
2	1090.000	-55.894
2	1091.000	-55.788
2	1092.000	-55.782
2	1093.000	-55.853
2	1094.000	-55.984
2	1095.000	-56.159
2	1096.000	-56.369
2	1097.000	-56.247
2	1098.000	-56.003
2	1099.000	-55.722
2	1100.000	-55.338
2	1101.000	-55.121
2	1102.000	-55.034
2	1103.000	-55.049
2	1104.000	-55.142
2	1105.000	-55.189
2	1106.000	-54.822
2	1107.000	-54.289
2	1108.000	-53.924
2	1109.000	-53.516
2	1110.000	-53.274
2	1111.000	-53.182
2	1112.000	-53.081
2	1113.000	-52.991
2	1114.000	-53.017
2	1115.000	-53.136
2	1116.000	-53.274
2	1117.000	-53.293
2	1118.000	-53.327
2	1119.000	-53.290
2	1120.000	-53.142
2	1121.000	-53.104
2	1122.000	-53.093
2	1123.000	-53.025
2	1124.000	-52.968
2	1125.000	-52.888
2	1126.000	-52.924
2	1127.000	-53.024
2	1128.000	-52.992
2	1129.000	-53.064
2	1130.000	-53.218
2	1131.000	-53.264
2	1132.000	-53.229
2	1133.000	-53.164
2	1134.000	-53.210
2	1135.000	-53.342
2	1136.000	-53.541
2	1137.000	-53.790
2	1138.000	-53.724
2	1139.000	-53.379
2	1140.000	-52.999
2	1141.000	-52.801
2	1142.000	-52.746
2	1143.000	-52.803
2	1144.000	-52.947
2	1145.000	-53.158
2	1146.000	-53.419
2	1147.000	-53.692
2	1148.000	-53.685
2	1149.000	-53.488
2	1150.000	-53.341
2	1151.000	-53.323
2	1152.000	-53.042
2	1153.000	-52.580
2	1154.000	-52.009
2	1155.000	-51.424
2	1156.000	-50.943
2	1157.000	-50.674
2	1158.000	-50.571
2	1159.000	-50.600
2	1160.000	-50.735
2	1161.000	-50.953
2	1162.000	-51.237
2	1163.000	-51.572
2	1164.000	-51.944
2	1165.000	-52.344
2	1166.000	-52.761
2	1167.000	-53.189
2	1168.000	-53.622
2	1169.000	-53.977
2	1170.000	-53.946
2	1171.000	-53.934
2	1172.000	-53.753
2	1173.000	-53.570
2	1174.000	-53.495
2	1175.000	-53.321
2	1176.000	-53.281
2	1177.000	-53.346
2	1178.000	-53.492
2	1179.000	-53.623
2	1180.000	-53.658
2	1181.000	-53.701
2	1182.000	-53.495
2	1183.000	-53.365
2	1184.000	-53.166
2	1185.000	-53.066
2	1186.000	-53.008
2	1187.000	-52.903
2	1188.000	-52.920
2	1189.000	-52.955
2	1190.000	-52.922
2	1191.000	-52.995
2	1192.000	-53.150
2	1193.000	-53.367
2	1194.000	-53.633
2	1195.000	-53.934
2	1196.000	-54.260
2	1197.000	-54.603
2	1198.000	-54.957
2	1199.000	-55.316
2	1200.000	-55.676
2	1201.000	-56.034
2	1202.000	-56.387
2	1203.000	-56.733
2	1204.000	-56.912
2	1205.000	-57.025
2	1206.000	-57.096
2	1207.000	-57.046
2	1208.000	-57.073
2	1209.000	-57.158
2	1210.000	-57.289
2	1211.000	-57.453
2	1212.000	-57.643
2	1213.000	-57.851
2	1214.000	-58.071
2	1215.000	-58.299
2	1216.000	-58.530
2	1217.000	-58.763
2	1218.000	-58.995
2	1219.000	-59.224
2	1220.000	-59.448
2	1221.000	-59.668
2	1222.000	-59.881
2	1223.000	-60.088
2	1224.000	-60.173
2	1225.000	-60.126
2	1226.000	-60.099
2	1227.000	-59.881
2	1228.000	-59.753
2	1229.000	-59.695
2	1230.000	-59.693
2	1231.000	-59.518
2	1232.000	-59.379
2	1233.000	-59.316
2	1234.000	-59.200
2	1235.000	-59.008
2	1236.000	-58.908
2	1237.000	-58.741
2	1238.000	-58.542
2	1239.000	-58.440
2	1240.000	-58.414
2	1241.000	-58.447
2	1242.000	-58.526
2	1243.000	-58.640
2	1244.000	-58.780
2	1245.000	-58.939
2	1246.000	-59.111
2	1247.000	-59.293
2	1248.000	-59.480
2	1249.000	-59.670
2	1250.000	-59.860
2	1251.000	-59.935
2	1252.000	-59.883
2	1253.000	-59.883
2	1254.000	-59.809
2	1255.000	-59.644
2	1256.000	-59.558
2	1257.000	-59.535
2	1258.000	-59.561
2	1259.000	-59.459
2	1260.000	-59.327
2	1261.000	-59.270
2	1262.000	-59.272
2	1263.000	-59.319
2	1264.000	-59.402
2	1265.000	-59.511
2	1266.000	-59.639
2	1267.000	-59.782
2	1268.000	-59.934
2	1269.000	-60.093
2	1270.000	-60.255
2	1271.000	-60.419
2	1272.000	-60.583
2	1273.000	-60.744
2	1274.000	-60.903
2	1275.000	-61.059
2	1276.000	-61.210
2	1277.000	-61.357
2	1278.000	-61.499
2	1279.000	-61.636
2	1280.000	-61.768
2	1281.000	-61.895
2	1282.000	-62.016
2	1283.000	-62.133
2	1284.000	-62.245
2	1285.000	-62.352
2	1286.000	-62.454
2	1287.000	-62.551
2	1288.000	-62.644
2	1289.000	-62.733
2	1290.000	-62.818
2	1291.000	-62.899
2	1292.000	-62.976
2	1293.000	-63.049
2	1294.000	-63.119
2	1295.000	-63.186
2	1296.000	-63.249
2	1297.000	-63.081
2	1298.000	-62.912
2	1299.000	-62.795
2	1300.000	-62.462
2	1301.000	-61.929
2	1302.000	-61.343
2	1303.000	-60.846
2	1304.000	-60.495
2	1305.000	-60.258
2	1306.000	-60.112
2	1307.000	-60.038
2	1308.000	-59.853
2	1309.000	-59.653
2	1310.000	-59.541
2	1311.000	-59.497
2	1312.000	-59.507
2	1313.000	-59.559
2	1314.000	-59.643
2	1315.000	-59.751
2	1316.000	-59.876
2	1317.000	-60.014
2	1318.000	-60.162
2	1319.000	-60.314
2	1320.000	-60.470
2	1321.000	-60.433
2	1322.000	-60.366
2	1323.000	-60.351
2	1324.000	-60.183
2	1325.000	-59.695
2	1326.000	-59.158
2	1327.000	-58.791
2	1328.000	-58.558
2	1329.000	-58.430
2	1330.000	-58.384
2	1331.000	-58.402
2	1332.000	-58.470
2	1333.000	-58.318
2	1334.000	-58.254
2	1335.000	-58.231
2	1336.000	-58.040
2	1337.000	-57.949
2	1338.000	-57.936
2	1339.000	-57.983
2	1340.000	-58.021
2	1341.000	-57.772
2	1342.000	-57.519
2	1343.000	-57.302
2	1344.000	-57.028
2	1345.000	-56.882
2	1346.000	-56.835
2	1347.000	-56.866
2	1348.000	-56.751
2	1349.000	-56.480
2	1350.000	-56.296
2	1351.000	-56.226
2	1352.000	-56.215
2	1353.000	-56.060
2	1354.000	-56.013
2	1355.000	-56.051
2	1356.000	-56.153
2	1357.000	-56.081
2	1358.000	-56.076
2	1359.000	-56.145
2	1360.000	-56.272
2	1361.000	-56.442
2	1362.000	-56.645
2	1363.000	-56.631
2	1364.000	-56.430
2	1365.000	-56.164
2	1366.000	-55.964
2	1367.000	-55.884
2	1368.000	-55.897
2	1369.000	-55.982
2	1370.000	-56.122
2	1371.000	-56.304
2	1372.000	-56.517
2	1373.000	-56.753
2	1374.000	-57.004
2	1375.000	-57.266
2	1376.000	-57.532
2	1377.000	-57.801
2	1378.000	-57.884
2	1379.000	-57.907
2	1380.000	-57.757
2	1381.000	-57.699
2	1382.000	-57.686
2	1383.000	-57.375
2	1384.000	-57.079
2	1385.000	-56.916
2	1386.000	-56.856
2	1387.000	-56.876
2	1388.000	-56.930
2	1389.000	-56.815
2	1390.000	-56.636
2	1391.000	-56.474
2	1392.000	-56.419
2	1393.000	-56.259
2	1394.000	-55.900
2	1395.000	-55.591
2	1396.000	-55.291
2	1397.000	-55.140
2	1398.000	-55.104
2	1399.000	-55.004
2	1400.000	-54.919
2	1401.000	-54.937
2	1402.000	-55.033
2	1403.000	-55.014
2	1404.000	-55.014
2	1405.000	-55.097
2	1406.000	-55.243
2	1407.000	-55.437
2	1408.000	-55.667
2	1409.000	-55.923
2	1410.000	-56.197
2	1411.000	-56.483
2	1412.000	-56.694
2	1413.000	-56.758
2	1414.000	-56.611
2	1415.000	-56.331
2	1416.000	-56.186
2	1417.000	-56.147
2	1418.000	-56.189
2	1419.000	-56.294
2	1420.000	-56.447
2	1421.000	-56.637
2	1422.000	-56.745
2	1423.000	-56.754
2	1424.000	-56.829
2	1425.000	-56.954
2	1426.000	-57.118
2	1427.000	-57.309
2	1428.000	-57.521
2	1429.000	-57.748
2	1430.000	-57.983
2	1431.000	-58.223
2	1432.000	-58.466
2	1433.000	-58.520
2	1434.000	-58.543
2	1435.000	-58.614
2	1436.000	-58.720
2	1437.000	-58.618
2	1438.000	-58.567
2	1439.000	-58.580
2	1440.000	-58.613
2	1441.000	-58.461
2	1442.000	-58.396
2	1443.000	-58.400
2	1444.000	-58.456
2	1445.000	-58.552
2	1446.000	-58.680
2	1447.000	-58.830
2	1448.000	-58.996
2	1449.000	-59.174
2	1450.000	-59.360
2	1451.000	-59.549
2	1452.000	-59.740
2	1453.000	-59.691
2	1454.000	-59.671
2	1455.000	-59.698
2	1456.000	-59.761
2	1457.000	-59.852
2	1458.000	-59.964
2	1459.000	-60.090
2	1460.000	-60.228
2	1461.000	-60.231
2	1462.000	-60.146
2	1463.000	-60.089
2	1464.000	-59.849
2	1465.000	-59.703
2	1466.000	-59.418
2	1467.000	-59.195
2	1468.000	-59.069
2	1469.000	-59.019
2	1470.000	-59.028
2	1471.000	-59.083
2	1472.000	-58.960
2	1473.000	-58.631
2	1474.000	-58.194
2	1475.000	-57.867
2	1476.000	-57.672
2	1477.000	-57.582
2	1478.000	-57.319
2	1479.000	-57.179
2	1480.000	-57.135
2	1481.000	-57.165
2	1482.000	-57.252
2	1483.000	-57.384
2	1484.000	-57.548
2	1485.000	-57.737
2	1486.000	-57.943
2	1487.000	-58.161
2	1488.000	-58.330
2	1489.000	-58.314
2	1490.000	-58.357
2	1491.000	-58.443
2	1492.000	-58.564
2	1493.000	-58.710
2	1494.000	-58.874
2	1495.000	-59.051
2	1496.000	-59.237
2	1497.000	-59.428
2	1498.000	-59.621
2	1499.000	-59.815
2	1500.000	-59.977
2	1501.000	-59.908
2	1502.000	-59.573
2	1503.000	-59.096
2	1504.000	-58.575
2	1505.000	-58.225
2	1506.000	-58.010
2	1507.000	-57.901
2	1508.000	-57.874
2	1509.000	-57.912
2	1510.000	-57.998
2	1511.000	-58.123
2	1512.000	-58.165
2	1513.000	-58.107
2	1514.000	-58.008
2	1515.000	-57.842
2	1516.000	-57.773
2	1517.000	-57.778
2	1518.000	-57.841
2	1519.000	-57.948
2	1520.000	-57.856
2	1521.000	-57.820
2	1522.000	-57.851
2	1523.000	-57.823
2	1524.000	-57.715
2	1525.000	-57.691
2	1526.000	-57.648
2	1527.000	-57.395
2	1528.000	-57.118
2	1529.000	-56.969
2	1530.000	-56.920
2	1531.000	-56.947
2	1532.000	-57.035
2	1533.000	-56.490
2	1534.000	-55.666
2	1535.000	-55.023
2	1536.000	-54.610
2	1537.000	-54.377
2	1538.000	-54.284
2	1539.000	-54.126
2	1540.000	-54.028
2	1541.000	-54.042
2	1542.000	-54.142
2	1543.000	-54.310
2	1544.000	-54.529
2	1545.000	-54.786
2	1546.000	-55.070
2	1547.000	-55.374
2	1548.000	-55.609
2	1549.000	-55.705
2	1550.000	-55.725
2	1551.000	-55.702
2	1552.000	-55.559
2	1553.000	-55.482
2	1554.000	-55.501
2	1555.000	-55.594
2	1556.000	-55.744
2	1557.000	-55.936
2	1558.000	-56.161
2	1559.000	-56.409
2	1560.000	-56.672
2	1561.000	-56.946
2	1562.000	-57.225
2	1563.000	-57.254
2	1564.000	-57.339
2	1565.000	-57.469
2	1566.000	-57.631
2	1567.000	-57.632
2	1568.000	-57.624
2	1569.000	-57.677
2	1570.000	-57.779
2	1571.000	-57.756
2	1572.000	-57.703
2	1573.000	-57.722
2	1574.000	-57.739
2	1575.000	-57.614
2	1576.000	-57.577
2	1577.000	-57.609
2	1578.000	-57.694
2	1579.000	-57.820
2	1580.000	-57.768
2	1581.000	-57.452
2	1582.000	-57.052
2	1583.000	-56.651
2	1584.000	-56.318
2	1585.000	-56.133
2	1586.000	-55.860
2	1587.000	-55.681
2	1588.000	-55.618
2	1589.000	-55.647
2	1590.000	-55.747
2	1591.000	-55.900
2	1592.000	-55.838
2	1593.000	-55.629
2	1594.000	-55.545
2	1595.000	-55.357
2	1596.000	-55.247
2	1597.000	-55.043
2	1598.000	-54.924
2	1599.000	-54.914
2	1600.000	-54.990
2	1601.000	-55.131
2	1602.000	-55.322
2	1603.000	-55.551
2	1604.000	-55.807
2	1605.000	-55.926
2	1606.000	-56.002
2	1607.000	-56.135
2	1608.000	-56.109
2	1609.000	-55.892
2	1610.000	-55.777
2	1611.000	-55.765
2	1612.000	-55.831
2	1613.000	-55.958
2	1614.000	-56.131
2	1615.000	-56.158
2	1616.000	-56.185
2	1617.000	-56.052
2	1618.000	-56.001
2	1619.000	-56.036
2	1620.000	-56.136
2	1621.000	-56.287
2	1622.000	-56.477
2	1623.000	-56.694
2	1624.000	-56.726
2	1625.000	-56.774
2	1626.000	-56.878
2	1627.000	-57.026
2	1628.000	-57.207
2	1629.000	-57.411
2	1630.000	-57.632
2	1631.000	-57.864
2	1632.000	-58.103
2	1633.000	-58.346
2	1634.000	-58.331
2	1635.000	-58.139
2	1636.000	-58.024
2	1637.000	-57.992
2	1638.000	-58.024
2	1639.000	-57.920
2	1640.000	-57.827
2	1641.000	-57.653
2	1642.000	-57.485
2	1643.000	-57.163
2	1644.000	-56.980
2	1645.000	-56.770
2	1646.000	-56.558
2	1647.000	-56.307
2	1648.000	-56.093
2	1649.000	-56.001
2	1650.000	-55.703
2	1651.000	-55.360
2	1652.000	-54.997
2	1653.000	-54.733
2	1654.000	-54.614
2	1655.000	-54.607
2	1656.000	-54.687
2	1657.000	-54.636
2	1658.000	-54.639
2	1659.000	-54.726
2	1660.000	-54.825
2	1661.000	-54.797
2	1662.000	-54.860
2	1663.000	-54.750
2	1664.000	-54.646
2	1665.000	-54.513
2	1666.000	-54.496
2	1667.000	-54.569
2	1668.000	-54.712
2	1669.000	-54.908
2	1670.000	-55.144
2	1671.000	-55.409
2	1672.000	-55.695
2	1673.000	-55.994
2	1674.000	-56.170
2	1675.000	-56.263
2	1676.000	-56.407
2	1677.000	-56.590
2	1678.000	-56.801
2	1679.000	-56.874
2	1680.000	-56.905
2	1681.000	-56.996
2	1682.000	-57.132
2	1683.000	-57.302
2	1684.000	-57.497
2	1685.000	-57.479
2	1686.000	-57.370
2	1687.000	-57.095
2	1688.000	-56.447
2	1689.000	-55.905
2	1690.000	-55.318
2	1691.000	-54.947
2	1692.000	-54.743
2	1693.000	-54.669
2	1694.000	-54.644
2	1695.000	-54.419
2	1696.000	-53.568
2	1697.000	-52.923
2	1698.000	-52.523
2	1699.000	-52.313
2	1700.000	-52.176
2	1701.000	-52.017
2	1702.000	-51.945
2	1703.000	-51.693
2	1704.000	-51.327
2	1705.000	-51.086
2	1706.000	-51.004
2	1707.000	-50.999
2	1708.000	-50.927
2	1709.000	-50.979
2	1710.000	-51.131
2	1711.000	-51.240
2	1712.000	-51.327
2	1713.000	-51.505
2	1714.000	-51.752
2	1715.000	-52.054
2	1716.000	-52.139
2	1717.000	-52.104
2	1718.000	-52.180
2	1719.000	-52.344
2	1720.000	-52.523
2	1721.000	-52.583
2	1722.000	-52.731
2	1723.000	-52.946
2	1724.000	-53.214
2	1725.000	-53.348
2	1726.000	-53.290
2	1727.000	-53.298
2	1728.000	-53.400
2	1729.000	-53.359
2	1730.000	-53.402
2	1731.000	-53.530
2	1732.000	-53.724
2	1733.000	-53.968
2	1734.000	-54.249
2	1735.000	-54.383
2	1736.000	-54.481
2	1737.000	-54.431
2	1738.000	-54.260
2	1739.000	-54.195
2	1740.000	-54.233
2	1741.000	-54.352
2	1742.000	-54.531
2	1743.000	-54.605
2	1744.000	-54.659
2	1745.000	-54.611
2	1746.000	-54.593
2	1747.000	-54.513
2	1748.000	-54.321
2	1749.000	-54.148
2	1750.000	-54.103
2	1751.000	-54.157
2	1752.000	-54.289
2	1753.000	-54.261
2	1754.000	-54.306
2	1755.000	-54.211
2	1756.000	-54.205
2	1757.000	-54.050
2	1758.000	-54.019
2	1759.000	-54.086
2	1760.000	-54.149
2	1761.000	-54.127
2	1762.000	-54.199
2	1763.000	-54.343
2	1764.000	-54.392
2	1765.000	-54.429
2	1766.000	-54.544
2	1767.000	-54.720
2	1768.000	-54.942
2	1769.000	-55.197
2	1770.000	-55.477
2	1771.000	-55.774
2	1772.000	-56.001
2	1773.000	-56.085
2	1774.000	-56.223
2	1775.000	-56.403
2	1776.000	-56.532
2	1777.000	-56.534
2	1778.000	-56.605
2	1779.000	-56.730
2	1780.000	-56.839
2	1781.000	-56.795
2	1782.000	-56.671
2	1783.000	-56.551
2	1784.000	-56.527
2	1785.000	-56.579
2	1786.000	-56.606
2	1787.000	-56.528
2	1788.000	-56.538
2	1789.000	-56.615
2	1790.000	-56.636
2	1791.000	-56.578
2	1792.000	-56.603
2	1793.000	-56.691
2	1794.000	-56.828
2	1795.000	-57.002
2	1796.000	-57.094
2	1797.000	-57.086
2	1798.000	-57.012
2	1799.000	-56.902
2	1800.000	-56.642
2	1801.000	-56.252
2	1802.000	-55.750
2	1803.000	-55.222
2	1804.000	-54.897
2	1805.000	-54.729
2	1806.000	-54.683
2	1807.000	-54.654
2	1808.000	-54.554
2	1809.000	-54.563
2	1810.000	-54.655
2	1811.000	-54.812
2	1812.000	-55.019
2	1813.000	-55.262
2	1814.000	-55.531
2	1815.000	-55.820
2	1816.000	-56.120
2	1817.000	-56.427
2	1818.000	-56.737
2	1819.000	-57.047
2	1820.000	-57.353
2	1821.000	-57.655
2	1822.000	-57.950
2	1823.000	-58.237
2	1824.000	-58.354
2	1825.000	-58.403
2	1826.000	-58.495
2	1827.000	-58.619
2	1828.000	-58.767
2	1829.000	-58.932
2	1830.000	-59.110
2	1831.000	-59.296
2	1832.000	-59.486
2	1833.000	-59.679
2	1834.000	-59.601
2	1835.000	-59.328
2	1836.000	-59.162
2	1837.000	-59.081
2	1838.000	-59.065
2	1839.000	-59.101
2	1840.000	-59.176
2	1841.000	-59.282
2	1842.000	-59.409
2	1843.000	-59.339
2	1844.000	-59.282
2	1845.000	-59.284
2	1846.000	-59.331
2	1847.000	-59.413
2	1848.000	-59.522
2	1849.000	-59.650
2	1850.000	-59.792
2	1851.000	-59.945
2	1852.000	-60.074
2	1853.000	-59.977
2	1854.000	-59.440
2	1855.000	-59.047
2	1856.000	-58.791
2	1857.000	-58.644
2	1858.000	-58.582
2	1859.000	-58.374
2	1860.000	-58.220
2	1861.000	-58.157
2	1862.000	-58.163
2	1863.000	-58.223
2	1864.000	-58.269
2	1865.000	-58.158
2	1866.000	-57.967
2	1867.000	-57.782
2	1868.000	-57.642
2	1869.000	-57.396
2	1870.000	-57.268
2	1871.000	-57.232
2	1872.000	-57.268
2	1873.000	-57.359
2	1874.000	-57.492
2	1875.000	-57.498
2	1876.000	-57.334
2	1877.000	-57.153
2	1878.000	-57.076
2	1879.000	-57.082
2	1880.000	-57.152
2	1881.000	-57.270
2	1882.000	-57.425
2	1883.000	-57.608
2	1884.000	-57.811
2	1885.000	-58.027
2	1886.000	-58.252
2	1887.000	-58.225
2	1888.000	-57.817
2	1889.000	-57.407
2	1890.000	-56.736
2	1891.000	-56.233
2	1892.000	-55.726
2	1893.000	-55.413
2	1894.000	-55.250
2	1895.000	-55.204
2	1896.000	-55.249
2	1897.000	-55.364
2	1898.000	-55.533
2	1899.000	-55.743
2	1900.000	-55.876
2	1901.000	-55.914
2	1902.000	-56.019
2	1903.000	-55.747
2	1904.000	-55.413
2	1905.000	-54.882
2	1906.000	-54.316
2	1907.000	-53.968
2	1908.000	-53.790
2	1909.000	-53.743
2	1910.000	-53.799
2	1911.000	-53.857
2	1912.000	-53.833
2	1913.000	-53.880
2	1914.000	-53.670
2	1915.000	-53.274
2	1916.000	-53.017
2	1917.000	-52.707
2	1918.000	-52.566
2	1919.000	-52.556
2	1920.000	-52.650
2	1921.000	-52.421
2	1922.000	-52.281
2	1923.000	-52.175
2	1924.000	-52.063
2	1925.000	-52.080
2	1926.000	-52.197
2	1927.000	-52.316
2	1928.000	-52.330
2	1929.000	-52.238
2	1930.000	-52.268
2	1931.000	-52.395
2	1932.000	-52.596
2	1933.000	-52.855
2	1934.000	-52.943
2	1935.000	-53.090
2	1936.000	-53.301
2	1937.000	-53.563
2	1938.000	-53.861
2	1939.000	-54.186
2	1940.000	-54.528
2	1941.000	-54.882
2	1942.000	-55.021
2	1943.000	-55.189
2	1944.000	-55.401
2	1945.000	-55.645
2	1946.000	-55.858
2	1947.000	-55.907
2	1948.000	-56.019
2	1949.000	-56.181
2	1950.000	-56.379
2	1951.000	-56.604
2	1952.000	-56.849
2	1953.000	-57.024
2	1954.000	-57.056
2	1955.000	-57.146
2	1956.000	-57.280
2	1957.000	-57.447
2	1958.000	-57.583
2	1959.000	-57.552
2	1960.000	-57.588
2	1961.000	-57.677
2	1962.000	-57.806
2	1963.000	-57.964
2	1964.000	-58.061
2	1965.000	-57.964
2	1966.000	-57.748
2	1967.000	-57.397
2	1968.000	-56.925
2	1969.000	-56.629
2	1970.000	-56.469
2	1971.000	-56.415
2	1972.000	-56.444
2	1973.000	-56.455
2	1974.000	-56.366
2	1975.000	-56.369
2	1976.000	-56.442
2	1977.000	-56.569
2	1978.000	-56.737
2	1979.000	-56.935
2	1980.000	-57.100
2	1981.000	-57.097
2	1982.000	-57.159
2	1983.000	-57.272
2	1984.000	-57.423
2	1985.000	-57.602
2	1986.000	-57.802
2	1987.000	-58.016
2	1988.000	-58.240
2	1989.000	-58.469
2	1990.000	-58.701
2	1991.000	-58.932
2	1992.000	-59.161
2	1993.000	-59.386
2	1994.000	-59.519
2	1995.000	-59.016
2	1996.000	-58.492
2	1997.000	-58.021
2	1998.000	-57.716
2	1999.000	-57.539
2	2000.000	-57.463
