# NEST version: UNKNOWN
# RecordingBackendASCII version: 2
sender	time_ms
118	0.200
728	290.300
338	392.800
428	402.000
768	447.800
248	465.300
478	492.300
418	496.500
78	504.400
608	531.500
438	544.200
358	660.100
318	758.100
538	1048.800
78	1051.100
718	1051.100
388	1051.900
18	1054.000
98	1058.400
138	1059.600
608	1060.100
428	1080.000
648	1081.200
748	1251.600
158	1501.300
528	1563.700
558	1564.300
248	1564.800
478	1564.900
708	1565.200
588	1565.400
258	1565.500
698	1565.500
458	1565.700
658	1565.700
78	1565.800
178	1565.800
228	1565.900
138	1566.100
148	1566.100
168	1566.200
358	1566.200
388	1566.300
38	1566.400
88	1566.700
218	1566.700
288	1566.800
378	1566.900
618	1567.000
308	1567.100
468	1567.100
118	1567.200
408	1567.300
778	1567.300
438	1567.500
548	1567.500
398	1567.600
598	1567.700
758	1567.700
18	1567.900
678	1567.900
488	1568.000
688	1568.000
568	1568.200
798	1568.200
48	1568.300
238	1568.300
788	1568.300
8	1568.500
318	1568.500
768	1568.500
278	1568.600
538	1568.600
368	1568.700
28	1568.800
268	1568.800
428	1568.800
648	1568.900
418	1569.000
198	1569.200
108	1569.300
188	1569.300
208	1569.300
328	1569.300
128	1569.500
718	1569.600
748	1569.600
58	1569.700
338	1569.700
448	1569.700
608	1569.700
158	1569.800
348	1569.800
628	1569.800
638	1569.800
68	1569.900
518	1569.900
728	1570.000
298	1570.200
508	1570.300
498	1570.400
738	1570.400
578	1570.500
668	1570.600
98	1570.700
528	1571.600
558	1573.000
248	1573.200
478	1573.200
588	1573.400
708	1573.500
458	1573.700
258	1573.800
178	1574.100
658	1574.100
228	1574.200
358	1574.200
78	1574.500
148	1574.500
138	1574.600
38	1574.900
88	1575.300
308	1575.400
698	1575.400
378	1575.900
388	1576.300
408	1576.300
288	1576.400
468	1576.400
48	1576.500
688	1576.700
168	1576.800
218	1576.800
438	1576.900
768	1577.000
548	1577.100
778	1577.100
8	1577.200
18	1577.300
648	1577.300
758	1577.400
118	1577.500
398	1577.600
598	1577.600
788	1577.600
108	1577.700
238	1577.800
28	1577.900
368	1578.000
418	1578.000
538	1578.000
618	1578.000
198	1578.200
798	1578.200
158	1578.500
568	1578.500
188	1578.700
268	1578.700
278	1578.700
318	1578.700
718	1578.800
428	1578.900
448	1578.900
488	1578.900
68	1579.100
128	1579.100
518	1579.100
638	1579.200
678	1579.200
58	1579.600
328	1579.600
348	1579.600
498	1579.700
748	1579.700
608	1579.800
728	1579.800
208	1579.900
628	1580.000
738	1580.100
508	1580.200
528	1580.200
98	1580.300
338	1580.300
578	1580.300
298	1580.500
668	1580.900
558	1581.400
588	1581.600
478	1582.000
708	1582.200
178	1582.500
248	1582.500
78	1582.700
148	1583.000
38	1583.500
658	1583.500
458	1583.600
138	1583.900
258	1584.000
88	1584.400
358	1584.500
308	1585.200
228	1585.300
468	1585.900
698	1586.000
408	1586.500
438	1586.500
28	1586.700
648	1586.800
378	1587.100
388	1587.200
768	1587.400
778	1587.400
118	1587.500
8	1587.600
548	1587.600
688	1587.600
198	1587.900
718	1587.900
788	1587.900
108	1588.200
48	1588.300
218	1588.400
448	1588.600
638	1588.900
238	1589.000
318	1589.000
288	1589.100
128	1589.300
158	1589.300
538	1589.300
428	1589.400
618	1589.400
758	1589.400
18	1589.800
268	1589.900
368	1590.200
528	1590.200
568	1590.500
188	1590.700
798	1590.700
398	1590.800
598	1590.900
418	1591.300
278	1591.400
498	1591.400
518	1591.400
668	1591.400
488	1591.500
588	1591.500
58	1591.600
168	1591.600
98	1591.800
738	1591.800
748	1591.800
338	1592.000
328	1592.300
348	1592.500
508	1592.500
558	1592.500
208	1592.600
578	1592.600
628	1592.600
148	1592.900
728	1592.900
78	1593.100
678	1593.200
708	1593.300
608	1593.400
178	1593.500
38	1593.700
298	1593.700
248	1593.800
478	1593.900
658	1593.900
458	1594.000
358	1594.200
138	1594.300
88	1594.400
228	1594.700
68	1595.100
258	1595.200
468	1595.900
698	1596.300
438	1596.600
778	1596.700
308	1596.900
408	1596.900
648	1597.100
718	1597.600
118	1597.700
688	1597.900
28	1598.200
388	1598.500
108	1598.700
788	1598.800
218	1599.200
198	1599.300
8	1599.500
48	1599.500
768	1599.600
288	1600.100
428	1600.300
128	1600.500
538	1600.700
548	1600.800
638	1600.900
378	1601.000
398	1601.000
528	1601.000
758	1601.100
238	1601.200
598	1601.200
368	1601.300
58	1601.400
98	1601.400
268	1601.700
318	1601.700
158	1602.300
588	1602.500
188	1602.600
418	1602.600
708	1602.600
458	1602.700
568	1602.700
748	1602.700
668	1602.800
168	1603.000
798	1603.000
348	1603.300
508	1603.300
148	1603.500
488	1603.700
608	1603.800
618	1603.800
178	1603.900
448	1603.900
558	1603.900
338	1604.000
578	1604.000
478	1604.100
18	1604.200
78	1604.300
38	1604.400
278	1604.400
358	1604.400
498	1604.400
518	1604.400
658	1604.400
88	1604.500
138	1604.500
298	1604.500
328	1604.500
738	1604.500
68	1604.600
628	1604.900
438	1605.100
728	1605.300
228	1605.500
678	1605.500
208	1605.800
778	1605.900
248	1606.500
258	1606.800
698	1607.000
648	1607.100
718	1607.400
468	1607.500
118	1607.600
408	1607.800
308	1608.400
218	1608.700
688	1609.000
28	1609.200
198	1609.400
388	1609.800
788	1609.800
128	1609.900
8	1610.300
548	1610.500
598	1610.500
538	1610.700
288	1610.900
528	1611.100
98	1611.200
108	1611.300
48	1611.500
768	1611.800
638	1612.200
798	1612.200
238	1612.500
368	1612.500
758	1612.600
398	1612.700
428	1612.900
708	1612.900
588	1613.100
418	1613.400
158	1613.700
458	1614.000
318	1614.100
148	1614.300
168	1614.300
348	1614.300
358	1614.300
438	1614.500
498	1614.600
298	1614.700
568	1614.700
18	1614.800
448	1614.800
68	1614.900
508	1614.900
38	1615.000
488	1615.100
618	1615.100
58	1615.200
268	1615.200
138	1615.300
78	1615.600
378	1615.700
88	1615.800
278	1615.800
578	1615.900
178	1616.000
478	1616.000
558	1616.100
608	1616.200
668	1616.200
228	1616.500
338	1616.600
628	1616.700
518	1617.400
778	1617.400
748	1617.600
468	1617.700
188	1617.800
678	1617.900
658	1618.000
248	1618.100
728	1618.100
648	1618.300
328	1618.400
688	1618.700
208	1618.900
698	1618.900
738	1618.900
128	1619.000
258	1619.000
118	1619.200
198	1619.200
28	1619.600
718	1619.700
218	1620.000
598	1620.000
408	1620.100
108	1620.400
308	1620.400
548	1621.300
8	1621.500
388	1621.500
528	1621.500
768	1621.500
238	1621.600
788	1621.900
798	1621.900
538	1622.000
428	1622.200
48	1622.300
288	1622.300
638	1622.600
758	1622.700
588	1623.500
98	1623.600
158	1623.600
368	1623.600
398	1623.600
418	1623.600
358	1623.900
458	1623.900
318	1624.100
568	1624.400
348	1624.500
618	1624.600
88	1624.700
148	1624.700
488	1624.700
138	1624.900
708	1624.900
18	1625.000
68	1625.000
378	1625.100
298	1625.400
478	1625.400
58	1625.500
168	1625.800
178	1625.900
608	1625.900
498	1626.000
578	1626.000
38	1626.300
268	1626.400
438	1626.400
558	1626.600
628	1626.600
648	1626.600
508	1626.800
518	1626.800
668	1626.900
78	1627.300
228	1627.300
278	1627.600
248	1627.700
658	1627.700
468	1627.900
338	1628.000
778	1628.000
688	1628.200
748	1628.200
198	1628.300
448	1628.500
208	1628.600
328	1628.600
118	1628.700
128	1628.700
188	1628.700
28	1628.800
258	1628.900
698	1628.900
678	1629.100
218	1629.700
738	1629.900
718	1630.000
728	1630.100
768	1630.100
408	1630.500
108	1630.600
308	1630.800
598	1630.900
8	1631.000
428	1631.000
548	1631.100
528	1631.500
388	1631.600
788	1631.600
638	1631.700
288	1631.800
238	1632.100
798	1632.100
48	1632.400
418	1632.500
98	1632.600
398	1632.800
538	1632.800
158	1632.900
458	1632.900
758	1633.100
588	1633.300
88	1633.400
318	1633.600
488	1633.700
348	1633.800
58	1634.100
368	1634.300
68	1634.400
138	1634.400
708	1634.400
608	1634.500
618	1634.600
358	1634.700
378	1635.000
648	1635.000
578	1635.100
148	1635.200
18	1635.300
478	1635.300
178	1635.500
268	1635.600
668	1635.600
468	1635.700
78	1635.800
568	1635.800
298	1635.900
498	1635.900
518	1635.900
558	1635.900
628	1636.000
508	1636.100
658	1636.200
228	1636.300
338	1636.500
438	1636.500
168	1636.600
248	1636.600
748	1636.700
38	1636.800
778	1636.800
198	1637.100
28	1637.200
118	1637.400
218	1637.600
208	1637.800
278	1637.800
328	1637.800
258	1637.900
738	1638.000
448	1638.200
688	1638.200
188	1638.400
678	1638.400
728	1638.400
768	1638.400
698	1638.800
128	1639.000
428	1639.200
718	1639.200
8	1639.400
408	1639.700
528	1639.700
788	1639.700
308	1639.800
598	1639.900
108	1640.300
638	1640.400
548	1640.600
798	1640.600
398	1640.900
98	1641.000
288	1641.000
388	1641.000
158	1641.300
758	1641.300
48	1641.500
418	1641.500
238	1641.600
538	1641.900
588	1641.900
318	1642.000
348	1642.100
458	1642.300
58	1642.400
138	1642.500
608	1642.500
68	1642.600
488	1642.800
358	1643.100
618	1643.100
368	1643.200
668	1643.400
88	1643.600
78	1643.700
468	1643.800
708	1643.800
268	1643.900
578	1643.900
148	1644.000
478	1644.100
378	1644.200
558	1644.200
658	1644.300
518	1644.400
648	1644.400
508	1644.500
228	1644.600
498	1644.600
18	1644.800
178	1644.800
438	1644.800
568	1644.800
628	1644.900
748	1645.000
778	1645.000
38	1645.200
248	1645.200
338	1645.300
118	1645.400
298	1645.400
28	1645.600
168	1645.600
198	1645.700
738	1645.800
218	1645.900
328	1646.200
688	1646.400
448	1646.600
678	1646.600
208	1646.700
768	1646.700
728	1646.900
258	1647.000
128	1647.100
278	1647.300
188	1647.700
698	1647.700
428	1647.800
598	1647.900
308	1648.000
718	1648.000
788	1648.000
8	1648.100
408	1648.100
528	1648.100
798	1648.900
548	1649.000
158	1649.100
758	1649.100
98	1649.200
108	1649.400
238	1649.400
288	1649.500
398	1649.700
418	1649.900
48	1650.000
638	1650.000
588	1650.100
138	1650.200
388	1650.200
58	1650.300
68	1650.300
348	1650.300
608	1650.400
318	1650.500
488	1650.800
538	1651.000
358	1651.100
458	1651.100
668	1651.100
368	1651.500
618	1651.500
708	1651.600
78	1651.700
468	1651.800
658	1651.900
148	1652.000
478	1652.100
268	1652.300
498	1652.300
558	1652.300
178	1652.400
88	1652.500
378	1652.500
778	1652.600
648	1652.700
18	1652.800
228	1652.900
578	1653.000
38	1653.100
508	1653.100
628	1653.100
438	1653.200
168	1653.300
748	1653.300
118	1653.400
218	1653.400
518	1653.400
338	1653.500
568	1653.500
198	1653.600
298	1653.600
248	1653.700
328	1654.100
738	1654.200
448	1654.300
688	1654.300
28	1654.600
208	1654.600
278	1654.600
728	1654.600
128	1654.700
258	1654.700
768	1654.800
308	1655.600
428	1655.600
528	1655.800
678	1655.800
698	1655.800
8	1655.900
788	1655.900
408	1656.300
598	1656.300
188	1656.400
718	1656.500
548	1656.600
158	1656.800
288	1656.900
758	1657.000
798	1657.100
98	1657.500
238	1657.700
418	1657.700
588	1657.800
638	1657.800
108	1657.900
138	1657.900
398	1658.100
608	1658.100
348	1658.200
388	1658.300
48	1658.400
488	1658.400
318	1658.600
58	1658.700
68	1658.900
78	1659.300
458	1659.300
538	1659.300
618	1659.300
708	1659.300
358	1659.400
658	1659.400
368	1659.500
148	1659.600
468	1659.700
478	1659.700
558	1659.800
668	1659.900
178	1660.000
648	1660.100
378	1660.200
88	1660.300
498	1660.300
268	1660.400
18	1660.500
228	1660.900
508	1661.000
778	1661.000
298	1661.100
578	1661.100
748	1661.100
218	1661.200
518	1661.200
168	1661.400
198	1661.400
628	1661.400
568	1661.500
38	1661.600
338	1661.600
688	1661.700
118	1661.800
248	1662.100
278	1662.100
328	1662.100
438	1662.100
448	1662.100
728	1662.100
738	1662.100
258	1662.300
28	1662.400
128	1662.400
208	1662.400
768	1662.900
308	1663.000
428	1663.100
528	1663.300
788	1663.400
698	1663.500
678	1663.700
8	1663.900
408	1664.000
598	1664.000
288	1664.100
188	1664.200
758	1664.300
158	1664.400
548	1664.400
718	1664.400
418	1665.000
798	1665.000
588	1665.100
138	1665.300
98	1665.500
238	1665.500
398	1665.600
108	1665.700
388	1665.700
608	1665.700
638	1665.700
488	1665.800
348	1666.200
318	1666.300
58	1666.400
458	1666.600
48	1666.700
538	1666.700
618	1666.700
78	1666.800
708	1666.800
478	1666.900
658	1667.100
68	1667.200
358	1667.200
148	1667.300
468	1667.300
648	1667.300
368	1667.400
668	1667.500
558	1667.600
178	1667.700
88	1667.900
378	1667.900
18	1668.000
268	1668.000
498	1668.200
518	1668.300
508	1668.400
298	1668.600
228	1668.700
578	1668.800
778	1668.800
628	1668.900
688	1668.900
338	1669.000
168	1669.100
198	1669.200
218	1669.200
748	1669.200
258	1669.500
278	1669.500
448	1669.500
738	1669.500
328	1669.600
568	1669.600
248	1669.700
728	1669.700
128	1669.800
38	1669.900
118	1669.900
28	1670.000
208	1670.000
308	1670.200
438	1670.300
768	1670.300
428	1670.600
528	1670.700
698	1670.700
788	1670.900
678	1671.200
8	1671.300
288	1671.600
408	1671.600
598	1671.600
758	1671.600
158	1671.700
548	1671.800
718	1671.900
188	1672.000
418	1672.200
798	1672.300
588	1672.400
98	1672.900
108	1672.900
138	1672.900
398	1673.000
238	1673.100
638	1673.100
608	1673.300
388	1673.400
488	1673.400
318	1673.500
458	1673.800
618	1673.900
348	1674.000
538	1674.000
478	1674.100
58	1674.200
708	1674.200
648	1674.300
48	1674.500
78	1674.600
368	1674.700
658	1674.700
668	1674.700
358	1674.800
558	1674.800
148	1674.900
468	1674.900
68	1675.000
268	1675.100
178	1675.300
378	1675.300
18	1675.400
498	1675.400
88	1675.500
518	1675.600
578	1676.000
628	1676.000
508	1676.100
228	1676.200
298	1676.200
338	1676.200
688	1676.200
748	1676.400
738	1676.500
168	1676.600
778	1676.600
198	1676.700
278	1676.700
328	1676.700
218	1676.800
258	1676.800
448	1676.800
248	1676.900
118	1677.100
128	1677.100
38	1677.200
728	1677.200
28	1677.300
768	1677.300
568	1677.400
438	1677.500
208	1677.600
308	1677.600
698	1677.900
428	1678.000
788	1678.100
528	1678.500
288	1678.700
8	1678.800
158	1678.800
678	1678.800
408	1678.900
548	1679.100
598	1679.100
588	1679.300
758	1679.300
418	1679.400
718	1679.400
798	1679.600
188	1679.700
98	1680.000
108	1680.000
138	1680.200
238	1680.400
398	1680.400
488	1680.500
638	1680.500
608	1680.600
458	1680.700
318	1680.800
478	1680.900
388	1681.000
538	1681.100
618	1681.100
648	1681.100
58	1681.400
348	1681.400
48	1681.500
708	1681.500
78	1681.700
658	1682.000
668	1682.000
68	1682.200
148	1682.200
368	1682.200
558	1682.300
268	1682.400
18	1682.500
378	1682.500
468	1682.500
88	1682.600
358	1682.600
498	1682.600
178	1682.900
518	1683.100
628	1683.100
578	1683.200
298	1683.300
748	1683.300
328	1683.500
508	1683.500
228	1683.600
278	1683.700
688	1683.700
778	1683.700
258	1683.800
338	1683.800
448	1683.800
738	1683.800
198	1684.000
38	1684.100
218	1684.100
168	1684.200
248	1684.300
28	1684.400
118	1684.400
438	1684.500
728	1684.600
128	1684.700
568	1684.700
698	1684.800
768	1684.800
208	1684.900
308	1685.100
428	1685.100
788	1685.200
8	1685.900
528	1685.900
158	1686.100
418	1686.200
548	1686.200
288	1686.300
678	1686.400
718	1686.400
408	1686.500
588	1686.500
598	1686.500
798	1686.600
758	1686.700
98	1686.900
108	1687.000
188	1687.100
138	1687.300
458	1687.500
238	1687.600
398	1687.600
638	1687.600
488	1687.700
318	1687.800
478	1687.800
608	1687.800
648	1687.800
538	1688.100
388	1688.400
618	1688.400
58	1688.600
78	1688.800
708	1688.800
668	1688.900
48	1689.000
348	1689.000
148	1689.100
68	1689.300
368	1689.300
558	1689.300
18	1689.500
468	1689.500
498	1689.500
658	1689.500
268	1689.600
88	1689.700
378	1689.900
358	1690.000
178	1690.100
628	1690.200
748	1690.200
328	1690.300
518	1690.300
578	1690.300
298	1690.500
508	1690.500
778	1690.500
228	1690.600
278	1690.700
688	1690.800
338	1690.900
738	1690.900
258	1691.000
38	1691.300
198	1691.300
248	1691.300
218	1691.400
438	1691.400
28	1691.500
448	1691.500
568	1691.500
118	1691.600
168	1691.600
128	1691.700
698	1691.700
728	1691.800
768	1691.800
208	1692.000
788	1692.200
308	1692.300
428	1692.300
158	1692.800
528	1692.900
8	1693.100
418	1693.100
548	1693.100
588	1693.300
798	1693.400
288	1693.500
408	1693.500
718	1693.500
758	1693.500
598	1693.600
678	1693.600
98	1693.800
108	1694.100
188	1694.100
238	1694.600
398	1694.600
488	1694.600
638	1694.600
648	1694.600
458	1694.700
138	1694.800
478	1694.800
608	1694.800
538	1694.900
318	1695.000
78	1695.600
388	1695.600
618	1695.900
148	1696.000
668	1696.000
708	1696.000
348	1696.100
558	1696.100
58	1696.300
368	1696.400
18	1696.500
68	1696.500
468	1696.600
498	1696.600
658	1696.600
48	1696.700
268	1696.700
378	1697.000
748	1697.000
358	1697.100
178	1697.200
328	1697.200
88	1697.300
518	1697.400
578	1697.400
778	1697.600
278	1697.700
628	1697.700
508	1697.800
688	1697.800
738	1697.800
228	1697.900
298	1697.900
438	1698.000
248	1698.100
338	1698.200
38	1698.300
198	1698.300
258	1698.300
568	1698.300
218	1698.400
168	1698.500
28	1698.600
118	1698.700
768	1698.700
208	1698.800
698	1698.800
728	1698.800
448	1698.900
788	1698.900
128	1699.300
308	1699.400
428	1699.600
158	1699.800
588	1700.000
418	1700.100
528	1700.100
8	1700.200
548	1700.200
798	1700.200
408	1700.400
758	1700.400
598	1700.500
288	1700.600
718	1700.600
98	1700.800
108	1700.900
188	1700.900
678	1700.900
238	1701.500
648	1701.500
398	1701.600
488	1701.600
138	1701.700
458	1701.900
478	1701.900
608	1702.000
318	1702.100
538	1702.100
638	1702.100
388	1702.400
78	1702.600
148	1702.900
708	1703.000
348	1703.100
668	1703.100
558	1703.300
618	1703.300
68	1703.500
368	1703.500
498	1703.500
18	1703.600
58	1703.700
268	1703.700
748	1703.700
468	1703.800
378	1703.900
658	1703.900
328	1704.000
48	1704.100
358	1704.200
88	1704.400
578	1704.400
178	1704.500
518	1704.500
278	1704.600
438	1704.600
778	1704.600
508	1704.900
688	1704.900
228	1705.000
248	1705.000
568	1705.000
628	1705.000
38	1705.100
298	1705.100
338	1705.100
218	1705.200
258	1705.200
738	1705.200
198	1705.400
168	1705.500
768	1705.500
118	1705.600
698	1705.700
728	1705.700
28	1705.900
448	1706.000
788	1706.100
208	1706.200
308	1706.200
128	1706.500
158	1706.600
428	1706.900
588	1706.900
528	1707.000
548	1707.200
598	1707.300
758	1707.300
288	1707.400
418	1707.400
8	1707.500
408	1707.500
798	1707.500
108	1707.700
718	1707.700
98	1707.900
188	1707.900
678	1707.900
488	1708.400
648	1708.400
138	1708.600
238	1708.600
398	1708.800
608	1708.800
318	1709.000
638	1709.100
388	1709.200
478	1709.200
78	1709.400
538	1709.400
458	1709.600
348	1710.000
708	1710.000
668	1710.200
148	1710.300
498	1710.300
558	1710.300
18	1710.500
68	1710.500
618	1710.500
368	1710.600
378	1710.600
58	1710.700
268	1710.800
328	1710.800
468	1710.800
748	1710.800
658	1710.900
88	1711.200
358	1711.200
48	1711.300
278	1711.400
518	1711.400
178	1711.600
438	1711.600
578	1711.600
228	1711.800
258	1711.800
298	1711.800
778	1711.800
38	1711.900
338	1711.900
508	1711.900
688	1711.900
568	1712.000
248	1712.100
628	1712.100
168	1712.200
218	1712.300
118	1712.500
768	1712.500
198	1712.600
728	1712.600
738	1712.700
28	1712.900
448	1712.900
308	1713.000
698	1713.000
788	1713.200
208	1713.400
128	1713.500
158	1713.500
588	1713.700
428	1713.800
528	1713.900
598	1714.000
288	1714.100
758	1714.200
418	1714.300
408	1714.400
548	1714.400
8	1714.500
108	1714.500
718	1714.500
678	1714.700
98	1714.800
188	1714.800
798	1714.800
648	1715.300
138	1715.400
488	1715.500
608	1715.600
398	1715.700
238	1715.800
388	1716.000
638	1716.000
318	1716.200
478	1716.200
78	1716.300
538	1716.300
458	1716.600
708	1716.900
498	1717.000
348	1717.100
558	1717.100
18	1717.300
148	1717.300
58	1717.400
378	1717.400
618	1717.400
68	1717.500
668	1717.500
368	1717.600
268	1717.700
328	1717.700
468	1717.700
88	1717.800
748	1717.800
278	1718.100
518	1718.100
658	1718.100
178	1718.200
358	1718.300
48	1718.400
298	1718.500
338	1718.500
258	1718.600
438	1718.600
228	1718.700
508	1718.700
578	1718.700
688	1718.700
778	1718.700
38	1718.800
568	1718.800
628	1718.900
248	1719.000
218	1719.300
118	1719.400
168	1719.400
768	1719.400
198	1719.500
738	1719.500
448	1719.600
308	1719.800
728	1719.800
28	1720.000
788	1720.100
128	1720.300
698	1720.300
208	1720.600
428	1720.600
588	1720.700
288	1720.800
528	1720.800
598	1720.800
158	1720.900
418	1720.900
758	1720.900
108	1721.100
408	1721.200
188	1721.300
718	1721.300
548	1721.600
678	1721.600
98	1721.700
798	1721.700
8	1721.800
138	1722.100
648	1722.200
488	1722.300
608	1722.300
398	1722.400
638	1722.700
388	1722.800
238	1722.900
78	1723.000
478	1723.000
458	1723.100
538	1723.100
318	1723.300
498	1723.700
708	1723.700
558	1723.900
58	1724.000
348	1724.100
148	1724.200
378	1724.200
88	1724.300
368	1724.400
668	1724.400
18	1724.500
618	1724.500
68	1724.600
328	1724.600
268	1724.700
278	1724.800
468	1724.800
518	1725.000
178	1725.100
338	1725.100
658	1725.100
748	1725.100
48	1725.300
228	1725.400
258	1725.400
298	1725.400
688	1725.400
358	1725.500
38	1725.600
438	1725.600
628	1725.600
778	1725.600
508	1725.700
768	1725.900
568	1726.000
118	1726.100
218	1726.100
578	1726.100
448	1726.200
168	1726.300
248	1726.300
738	1726.300
198	1726.500
308	1726.500
728	1726.800
128	1727.000
28	1727.100
788	1727.100
288	1727.400
598	1727.400
698	1727.400
208	1727.500
418	1727.600
588	1727.600
758	1727.600
108	1727.700
158	1727.700
428	1727.700
528	1727.700
188	1728.000
408	1728.100
718	1728.100
678	1728.300
798	1728.300
98	1728.400
548	1728.400
138	1728.700
8	1728.800
488	1728.900
608	1728.900
648	1729.000
398	1729.200
638	1729.300
388	1729.500
458	1729.500
78	1729.700
478	1729.700
238	1729.800
318	1730.000
538	1730.000
708	1730.300
58	1730.500
498	1730.500
558	1730.600
88	1730.700
348	1730.900
148	1731.000
368	1731.100
378	1731.100
18	1731.200
68	1731.300
618	1731.300
668	1731.300
278	1731.400
328	1731.500
178	1731.700
268	1731.700
338	1731.700
658	1731.800
518	1731.900
748	1731.900
228	1732.000
468	1732.000
38	1732.300
48	1732.300
298	1732.300
258	1732.400
628	1732.400
358	1732.500
438	1732.500
688	1732.500
778	1732.500
508	1732.600
768	1732.600
118	1732.800
218	1732.800
448	1732.800
168	1732.900
568	1732.900
578	1732.900
738	1733.100
248	1733.200
308	1733.200
198	1733.400
728	1733.700
28	1733.900
788	1733.900
128	1734.100
418	1734.100
288	1734.200
588	1734.200
108	1734.300
208	1734.300
158	1734.400
598	1734.400
758	1734.400
188	1734.500
428	1734.500
698	1734.500
528	1734.600
408	1734.800
678	1734.800
718	1734.900
798	1734.900
548	1735.100
98	1735.300
138	1735.400
488	1735.500
8	1735.600
608	1735.600
648	1735.600
398	1735.800
638	1735.800
458	1736.000
78	1736.300
478	1736.300
388	1736.400
318	1736.500
238	1736.700
538	1736.900
58	1737.100
88	1737.100
708	1737.100
558	1737.300
498	1737.500
348	1737.600
18	1737.800
148	1737.800
368	1737.800
278	1737.900
618	1737.900
68	1738.000
378	1738.000
668	1738.100
328	1738.400
338	1738.400
518	1738.400
658	1738.400
178	1738.500
228	1738.500
748	1738.500
268	1738.600
38	1739.000
628	1739.000
298	1739.100
778	1739.100
48	1739.200
468	1739.200
688	1739.200
258	1739.300
358	1739.400
438	1739.400
448	1739.400
118	1739.500
508	1739.500
768	1739.500
218	1739.700
738	1739.700
168	1739.800
568	1739.900
578	1739.900
198	1740.100
308	1740.100
248	1740.200
728	1740.400
28	1740.700
418	1740.700
108	1740.900
588	1740.900
788	1740.900
158	1741.100
208	1741.100
288	1741.100
598	1741.100
188	1741.200
428	1741.200
128	1741.300
758	1741.300
408	1741.400
528	1741.400
798	1741.400
678	1741.600
718	1741.600
98	1741.900
548	1741.900
698	1742.000
488	1742.100
8	1742.200
138	1742.200
398	1742.300
638	1742.300
608	1742.400
648	1742.400
458	1742.700
478	1742.900
78	1743.000
318	1743.000
388	1743.300
538	1743.300
238	1743.400
88	1743.500
58	1743.600
708	1743.700
498	1744.100
558	1744.100
348	1744.300
368	1744.300
278	1744.500
618	1744.500
68	1744.600
148	1744.600
18	1744.700
518	1744.800
668	1744.800
338	1744.900
378	1744.900
178	1745.100
658	1745.100
748	1745.100
228	1745.300
268	1745.300
328	1745.300
38	1745.500
628	1745.500
298	1745.600
778	1745.700
48	1745.900
468	1745.900
438	1746.000
448	1746.000
258	1746.100
358	1746.100
688	1746.100
738	1746.200
118	1746.300
768	1746.400
508	1746.500
168	1746.600
218	1746.700
248	1746.800
578	1746.800
198	1746.900
568	1746.900
308	1747.000
728	1747.100
418	1747.200
28	1747.500
158	1747.600
788	1747.700
108	1747.800
588	1747.800
798	1747.900
128	1748.000
188	1748.000
208	1748.000
288	1748.000
408	1748.000
598	1748.000
758	1748.000
428	1748.100
528	1748.100
718	1748.300
678	1748.400
98	1748.600
548	1748.600
8	1748.700
138	1748.800
398	1748.800
488	1748.900
638	1748.900
608	1749.000
648	1749.000
698	1749.100
318	1749.400
458	1749.400
478	1749.400
78	1749.500
388	1749.900
538	1749.900
58	1750.000
88	1750.000
238	1750.200
708	1750.300
558	1750.700
498	1750.800
278	1751.000
348	1751.000
368	1751.000
618	1751.100
68	1751.200
148	1751.200
668	1751.300
338	1751.400
18	1751.500
178	1751.500
518	1751.500
378	1751.800
658	1751.800
748	1751.800
228	1751.900
268	1752.000
628	1752.000
38	1752.100
298	1752.100
328	1752.100
778	1752.400
468	1752.500
48	1752.600
358	1752.600
438	1752.600
738	1752.700
258	1752.800
448	1753.000
688	1753.000
508	1753.100
118	1753.200
768	1753.200
168	1753.400
218	1753.500
308	1753.600
568	1753.600
248	1753.700
418	1753.700
578	1753.700
198	1753.800
728	1753.900
28	1754.300
158	1754.300
588	1754.400
758	1754.500
798	1754.500
788	1754.600
108	1754.700
128	1754.700
208	1754.700
288	1754.700
528	1754.700
188	1754.800
408	1754.800
598	1754.900
428	1755.000
718	1755.000
8	1755.200
548	1755.200
678	1755.200
98	1755.400
138	1755.400
398	1755.500
488	1755.500
608	1755.500
648	1755.700
638	1755.900
318	1756.000
478	1756.000
78	1756.100
698	1756.200
458	1756.300
58	1756.500
388	1756.500
88	1756.600
538	1756.600
238	1756.800
708	1757.000
498	1757.300
278	1757.500
348	1757.500
558	1757.500
618	1757.600
368	1757.700
668	1757.700
68	1757.800
148	1757.800
18	1758.100
178	1758.100
518	1758.100
338	1758.200
748	1758.300
658	1758.400
38	1758.600
268	1758.600
378	1758.600
628	1758.600
228	1758.700
328	1758.700
298	1758.900
358	1759.000
778	1759.000
438	1759.100
468	1759.100
48	1759.300
258	1759.300
738	1759.300
508	1759.600
768	1759.800
168	1759.900
448	1759.900
688	1759.900
118	1760.100
218	1760.100
308	1760.200
248	1760.300
568	1760.300
578	1760.400
198	1760.600
728	1760.600
418	1760.700
158	1760.800
28	1760.900
588	1761.000
758	1761.000
798	1761.100
208	1761.300
788	1761.300
408	1761.400
128	1761.500
528	1761.500
188	1761.600
288	1761.600
598	1761.600
108	1761.700
718	1761.700
8	1761.800
548	1761.800
98	1761.900
138	1762.000
428	1762.000
608	1762.000
678	1762.000
398	1762.200
488	1762.200
648	1762.400
478	1762.600
78	1762.700
318	1762.800
638	1762.800
388	1762.900
698	1763.000
58	1763.100
88	1763.100
458	1763.100
238	1763.400
538	1763.400
708	1763.600
278	1763.900
348	1763.900
498	1764.000
558	1764.000
618	1764.100
668	1764.100
368	1764.300
68	1764.400
178	1764.600
518	1764.600
148	1764.700
18	1764.900
338	1764.900
658	1765.000
748	1765.000
268	1765.100
328	1765.200
378	1765.200
38	1765.300
628	1765.300
358	1765.400
228	1765.500
298	1765.600
438	1765.600
468	1765.700
258	1765.800
738	1765.900
778	1765.900
48	1766.000
508	1766.200
768	1766.200
168	1766.400
308	1766.800
688	1766.800
118	1766.900
218	1766.900
248	1766.900
448	1766.900
568	1767.200
578	1767.200
728	1767.200
158	1767.400
198	1767.400
798	1767.500
28	1767.600
418	1767.600
588	1767.600
758	1767.600
128	1767.900
528	1768.000
208	1768.100
288	1768.100
408	1768.100
788	1768.100
8	1768.300
188	1768.300
598	1768.300
548	1768.400
98	1768.500
108	1768.500
718	1768.500
138	1768.600
428	1768.700
608	1768.700
488	1768.800
678	1768.800
398	1768.900
648	1769.000
78	1769.300
478	1769.300
388	1769.400
318	1769.500
458	1769.600
698	1769.600
638	1769.700
58	1769.800
88	1769.900
238	1770.100
538	1770.100
708	1770.100
278	1770.200
348	1770.400
498	1770.500
558	1770.500
668	1770.600
618	1770.800
368	1771.000
68	1771.100
178	1771.100
518	1771.100
148	1771.400
268	1771.500
18	1771.600
338	1771.600
358	1771.700
378	1771.700
748	1771.700
328	1771.800
658	1771.800
38	1771.900
468	1772.000
628	1772.000
228	1772.100
298	1772.100
438	1772.200
258	1772.300
738	1772.500
768	1772.500
48	1772.700
778	1772.800
508	1772.900
168	1773.100
308	1773.400
248	1773.500
218	1773.600
688	1773.600
118	1773.700
448	1773.800
568	1773.800
578	1773.900
158	1774.000
588	1774.000
728	1774.000
798	1774.100
28	1774.300
198	1774.300
128	1774.400
418	1774.400
758	1774.400
528	1774.500
288	1774.600
408	1774.700
188	1774.800
208	1774.800
548	1774.900
598	1774.900
788	1774.900
8	1775.000
98	1775.000
108	1775.000
718	1775.000
488	1775.200
608	1775.200
138	1775.300
428	1775.300
398	1775.500
648	1775.500
678	1775.600
78	1775.800
318	1776.000
388	1776.100
478	1776.200
698	1776.200
458	1776.300
58	1776.400
638	1776.400
708	1776.500
88	1776.700
238	1776.700
278	1776.800
538	1776.800
348	1776.900
558	1776.900
668	1777.000
498	1777.100
618	1777.300
518	1777.600
368	1777.700
178	1777.800
148	1777.900
68	1778.000
268	1778.000
338	1778.000
358	1778.000
18	1778.300
748	1778.300
468	1778.400
328	1778.500
378	1778.500
38	1778.600
658	1778.600
258	1778.800
298	1778.800
438	1778.800
628	1778.800
228	1779.000
768	1779.100
738	1779.200
48	1779.400
508	1779.400
778	1779.500
168	1779.700
248	1780.100
308	1780.100
568	1780.300
688	1780.300
118	1780.400
218	1780.400
448	1780.400
588	1780.500
158	1780.600
728	1780.700
578	1780.800
128	1780.900
28	1781.000
198	1781.000
798	1781.000
418	1781.100
528	1781.200
188	1781.300
208	1781.300
288	1781.300
758	1781.300
408	1781.400
548	1781.500
598	1781.500
718	1781.600
8	1781.700
98	1781.700
108	1781.700
488	1781.700
608	1781.700
788	1781.700
138	1781.900
428	1782.000
648	1782.000
398	1782.100
78	1782.300
678	1782.400
318	1782.700
698	1782.700
388	1782.900
478	1782.900
458	1783.000
58	1783.100
638	1783.100
708	1783.100
238	1783.300
558	1783.400
498	1783.500
538	1783.500
88	1783.600
278	1783.600
348	1783.600
668	1783.800
618	1784.000
518	1784.200
178	1784.400
358	1784.400
368	1784.400
268	1784.500
338	1784.500
68	1784.600
148	1784.700
18	1784.800
328	1784.900
378	1785.100
468	1785.200
658	1785.200
748	1785.200
258	1785.300
38	1785.500
298	1785.500
438	1785.500
628	1785.600
228	1785.800
768	1785.900
738	1786.000
48	1786.100
508	1786.100
778	1786.100
168	1786.400
248	1786.800
118	1786.900
308	1786.900
568	1786.900
688	1787.000
218	1787.200
448	1787.200
588	1787.300
158	1787.400
728	1787.500
28	1787.600
128	1787.600
578	1787.600
188	1787.800
198	1787.800
418	1787.800
528	1787.800
798	1787.800
208	1788.000
288	1788.000
408	1788.000
758	1788.000
548	1788.100
108	1788.200
488	1788.200
598	1788.200
98	1788.300
608	1788.300
718	1788.300
788	1788.400
138	1788.500
8	1788.600
398	1788.700
428	1788.700
78	1788.900
648	1788.900
678	1789.100
698	1789.300
478	1789.500
318	1789.600
388	1789.600
458	1789.700
638	1789.700
708	1789.700
58	1789.900
498	1789.900
558	1789.900
238	1790.000
278	1790.200
88	1790.300
348	1790.300
538	1790.300
618	1790.400
668	1790.600
518	1790.700
68	1790.900
358	1790.900
368	1791.000
178	1791.100
338	1791.100
148	1791.200
268	1791.200
328	1791.300
18	1791.500
258	1791.800
378	1791.800
468	1791.800
658	1791.800
748	1792.000
298	1792.100
438	1792.100
628	1792.200
228	1792.300
38	1792.400
738	1792.600
48	1792.700
768	1792.800
778	1792.800
508	1793.000
168	1793.100
118	1793.500
248	1793.500
308	1793.500
568	1793.700
448	1793.800
158	1793.900
688	1793.900
588	1794.000
218	1794.200
578	1794.200
28	1794.300
728	1794.300
128	1794.400
188	1794.400
418	1794.400
198	1794.500
288	1794.500
528	1794.500
798	1794.600
208	1794.700
408	1794.700
758	1794.700
108	1794.800
548	1794.800
98	1794.900
488	1794.900
598	1795.000
608	1795.000
138	1795.100
398	1795.200
718	1795.200
788	1795.200
8	1795.300
428	1795.400
78	1795.500
648	1795.600
678	1795.700
698	1795.700
318	1796.200
478	1796.300
558	1796.400
638	1796.400
708	1796.400
388	1796.500
458	1796.500
498	1796.500
238	1796.600
278	1796.700
58	1796.800
88	1796.800
348	1797.000
538	1797.000
618	1797.000
518	1797.100
668	1797.300
68	1797.400
338	1797.500
358	1797.500
178	1797.600
368	1797.600
148	1797.700
268	1797.800
328	1797.800
468	1798.300
378	1798.400
298	1798.500
18	1798.600
628	1798.600
658	1798.600
258	1798.700
228	1798.800
438	1798.800
748	1798.800
38	1799.200
738	1799.200
48	1799.400
768	1799.500
778	1799.500
168	1799.700
508	1799.800
118	1800.100
248	1800.100
308	1800.100
448	1800.400
568	1800.600
158	1800.700
218	1800.800
578	1800.800
688	1800.800
28	1800.900
188	1800.900
728	1800.900
588	1801.000
288	1801.100
418	1801.100
198	1801.200
798	1801.200
128	1801.300
408	1801.300
528	1801.300
208	1801.400
488	1801.400
608	1801.500
138	1801.600
98	1801.700
398	1801.700
108	1801.800
548	1801.800
598	1801.800
758	1801.800
718	1801.900
8	1802.000
788	1802.000
678	1802.100
428	1802.200
78	1802.400
698	1802.400
648	1802.500
318	1802.800
478	1802.800
558	1803.000
638	1803.000
708	1803.000
278	1803.100
238	1803.200
388	1803.200
458	1803.200
88	1803.400
498	1803.400
518	1803.500
618	1803.500
538	1803.600
58	1803.700
348	1803.800
668	1803.900
68	1804.000
338	1804.000
368	1804.100
268	1804.200
148	1804.300
358	1804.400
178	1804.500
328	1804.800
298	1804.900
468	1804.900
378	1805.000
628	1805.200
228	1805.300
18	1805.400
658	1805.400
748	1805.400
438	1805.500
258	1805.600
738	1805.800
38	1805.900
778	1806.000
48	1806.100
168	1806.200
768	1806.400
508	1806.500
118	1806.700
248	1806.900
308	1806.900
448	1807.000
218	1807.300
568	1807.400
578	1807.500
188	1807.600
688	1807.600
728	1807.600
28	1807.700
798	1807.700
158	1807.800
588	1807.800
198	1807.900
208	1807.900
288	1807.900
418	1807.900
408	1808.000
98	1808.200
128	1808.200
138	1808.200
528	1808.200
488	1808.300
608	1808.300
398	1808.400
598	1808.500
678	1808.600
548	1808.700
718	1808.700
8	1808.800
758	1808.800
788	1808.800
108	1809.000
698	1809.000
428	1809.100
78	1809.200
648	1809.200
478	1809.300
318	1809.400
278	1809.700
388	1809.700
558	1809.700
638	1809.700
708	1809.700
238	1809.800
618	1809.900
88	1810.000
518	1810.000
458	1810.100
498	1810.100
538	1810.200
338	1810.400
348	1810.400
58	1810.500
68	1810.500
668	1810.600
268	1810.900
358	1811.000
368	1811.000
148	1811.100
178	1811.200
328	1811.500
378	1811.500
228	1811.600
298	1811.600
468	1811.600
628	1811.900
658	1811.900
748	1811.900
18	1812.200
258	1812.300
438	1812.300
38	1812.500
738	1812.500
48	1812.700
168	1812.700
778	1812.800
508	1813.100
768	1813.200
118	1813.400
308	1813.700
218	1813.800
248	1813.800
568	1814.000
798	1814.000
448	1814.100
688	1814.200
28	1814.300
188	1814.300
578	1814.300
588	1814.400
198	1814.500
208	1814.500
418	1814.500
728	1814.500
158	1814.700
288	1814.700
408	1814.800
138	1814.900
98	1815.000
128	1815.000
528	1815.100
398	1815.200
598	1815.200
488	1815.300
608	1815.300
678	1815.400
718	1815.400
8	1815.600
548	1815.600
758	1815.600
788	1815.600
108	1815.700
698	1815.700
478	1815.900
648	1815.900
78	1816.000
318	1816.100
388	1816.100
428	1816.100
278	1816.200
618	1816.300
638	1816.400
708	1816.400
518	1816.500
558	1816.600
498	1816.700
538	1816.700
88	1816.900
238	1816.900
338	1816.900
458	1816.900
68	1817.000
348	1817.100
668	1817.300
58	1817.400
268	1817.600
358	1817.700
368	1817.800
148	1817.900
178	1817.900
228	1818.100
328	1818.100
298	1818.200
378	1818.300
468	1818.300
628	1818.300
748	1818.400
658	1818.600
38	1818.900
438	1818.900
18	1819.000
258	1819.000
168	1819.100
738	1819.200
48	1819.500
778	1819.600
508	1819.700
768	1819.800
118	1820.100
218	1820.400
308	1820.400
798	1820.400
248	1820.600
568	1820.600
188	1820.800
448	1820.900
588	1820.900
688	1821.000
208	1821.100
578	1821.100
728	1821.200
28	1821.300
198	1821.300
418	1821.300
158	1821.600
288	1821.600
408	1821.700
128	1821.800
138	1821.900
398	1821.900
528	1821.900
598	1821.900
98	1822.000
608	1822.000
678	1822.100
718	1822.200
8	1822.300
488	1822.300
548	1822.300
758	1822.300
788	1822.400
698	1822.500
108	1822.600
388	1822.700
478	1822.700
618	1822.700
648	1822.700
78	1822.800
318	1822.800
428	1823.000
518	1823.100
638	1823.100
278	1823.200
498	1823.300
558	1823.300
538	1823.400
338	1823.500
458	1823.500
708	1823.500
88	1823.600
238	1823.600
348	1823.700
68	1823.900
668	1824.000
268	1824.100
58	1824.300
358	1824.300
148	1824.400
178	1824.500
368	1824.600
328	1824.700
228	1824.800
298	1824.900
748	1824.900
468	1825.000
628	1825.000
378	1825.100
658	1825.300
438	1825.400
38	1825.600
18	1825.700
168	1825.700
258	1825.700
738	1825.900
48	1826.200
508	1826.400
778	1826.500
768	1826.600
798	1826.900
118	1827.000
218	1827.000
308	1827.100
568	1827.200
248	1827.300
688	1827.400
188	1827.600
588	1827.600
448	1827.700
418	1827.900
578	1827.900
28	1828.000
198	1828.000
158	1828.100
208	1828.100
728	1828.100
288	1828.400
98	1828.700
128	1828.700
408	1828.700
528	1828.700
598	1828.700
678	1828.800
398	1828.900
608	1828.900
718	1829.000
8	1829.100
108	1829.100
548	1829.100
758	1829.100
138	1829.200
488	1829.200
648	1829.200
698	1829.200
388	1829.300
788	1829.400
78	1829.600
318	1829.600
478	1829.600
618	1829.600
428	1829.700
518	1829.800
558	1829.800
278	1830.000
458	1830.000
538	1830.000
638	1830.000
498	1830.100
88	1830.200
238	1830.200
338	1830.200
708	1830.200
68	1830.500
348	1830.500
668	1830.600
268	1830.700
358	1830.800
178	1831.000
148	1831.100
58	1831.300
368	1831.300
748	1831.300
298	1831.400
328	1831.400
228	1831.500
378	1831.600
628	1831.700
468	1831.800
438	1832.000
38	1832.200
258	1832.200
658	1832.200
18	1832.400
168	1832.400
738	1832.700
48	1832.800
508	1832.900
768	1833.200
778	1833.400
798	1833.400
308	1833.700
118	1833.800
218	1833.800
248	1833.900
688	1833.900
568	1834.000
588	1834.200
188	1834.300
448	1834.400
208	1834.700
418	1834.700
198	1834.800
578	1834.800
28	1834.900
728	1834.900
158	1835.000
128	1835.200
288	1835.200
408	1835.300
98	1835.500
528	1835.500
598	1835.500
678	1835.600
608	1835.700
398	1835.800
548	1835.900
648	1835.900
758	1835.900
108	1836.000
388	1836.000
698	1836.000
718	1836.100
788	1836.100
8	1836.200
78	1836.300
138	1836.300
488	1836.300
318	1836.400
428	1836.400
458	1836.500
638	1836.500
278	1836.600
558	1836.600
618	1836.600
478	1836.700
538	1836.700
518	1836.800
238	1836.900
88	1837.000
338	1837.000
498	1837.000
708	1837.000
668	1837.200
178	1837.300
268	1837.300
348	1837.300
68	1837.400
358	1837.500
148	1837.800
368	1837.800
748	1837.900
298	1838.000
58	1838.100
228	1838.100
328	1838.200
378	1838.200
468	1838.400
628	1838.600
258	1838.700
438	1838.800
38	1838.900
658	1838.900
18	1839.200
48	1839.500
508	1839.500
168	1839.600
738	1839.700
798	1839.900
768	1840.100
308	1840.300
688	1840.400
248	1840.500
568	1840.500
118	1840.600
218	1840.600
778	1840.600
588	1840.800
188	1840.900
448	1841.000
208	1841.400
418	1841.500
728	1841.500
198	1841.600
578	1841.600
28	1841.700
288	1841.800
128	1841.900
158	1841.900
408	1842.100
98	1842.200
678	1842.400
528	1842.500
598	1842.500
548	1842.600
788	1842.700
648	1842.800
758	1842.800
388	1842.900
608	1842.900
8	1843.000
108	1843.000
398	1843.000
428	1843.000
78	1843.100
458	1843.100
488	1843.100
698	1843.100
718	1843.100
138	1843.200
558	1843.200
278	1843.300
318	1843.300
638	1843.300
538	1843.400
618	1843.500
88	1843.600
238	1843.600
518	1843.600
338	1843.700
478	1843.800
498	1843.800
668	1843.800
708	1843.800
178	1843.900
268	1843.900
358	1844.000
68	1844.200
348	1844.200
148	1844.300
58	1844.600
298	1844.600
748	1844.600
328	1844.700
368	1844.700
228	1844.800
378	1844.800
468	1845.000
438	1845.200
258	1845.300
628	1845.500
658	1845.500
38	1845.800
18	1846.100
48	1846.200
508	1846.200
738	1846.300
168	1846.400
798	1846.400
768	1846.900
308	1847.000
248	1847.100
568	1847.100
688	1847.100
778	1847.200
118	1847.300
588	1847.400
188	1847.600
218	1847.600
448	1847.600
418	1848.100
728	1848.200
208	1848.300
578	1848.300
198	1848.400
28	1848.500
288	1848.500
128	1848.600
158	1848.600
408	1848.800
98	1849.000
678	1849.300
388	1849.500
428	1849.500
528	1849.500
788	1849.500
548	1849.600
598	1849.700
608	1849.700
8	1849.800
78	1849.800
398	1849.800
458	1849.800
558	1849.800
648	1849.800
758	1849.800
108	1849.900
138	1849.900
318	1849.900
488	1849.900
638	1850.000
698	1850.000
718	1850.000
278	1850.200
238	1850.300
618	1850.300
88	1850.400
358	1850.400
518	1850.400
538	1850.400
338	1850.600
478	1850.600
498	1850.600
708	1850.600
178	1850.700
268	1850.700
668	1850.800
68	1850.900
348	1851.100
148	1851.200
58	1851.400
298	1851.400
328	1851.400
378	1851.400
228	1851.500
368	1851.500
748	1851.500
258	1851.800
438	1851.800
468	1851.800
658	1852.100
628	1852.200
38	1852.600
48	1852.800
508	1852.800
18	1852.900
798	1853.000
168	1853.200
738	1853.200
248	1853.500
768	1853.500
308	1853.700
568	1853.800
118	1853.900
688	1854.000
778	1854.000
448	1854.100
588	1854.100
188	1854.300
218	1854.600
418	1854.800
728	1854.800
208	1855.000
578	1855.000
28	1855.100
198	1855.100
288	1855.100
158	1855.300
128	1855.600
98	1855.700
408	1855.900
678	1856.000
388	1856.200
608	1856.200
428	1856.300
788	1856.400
318	1856.500
458	1856.500
398	1856.600
488	1856.600
558	1856.600
648	1856.600
108	1856.700
138	1856.700
638	1856.700
758	1856.700
8	1856.800
78	1856.800
358	1856.800
598	1856.800
698	1856.800
718	1856.800
528	1856.900
548	1857.000
238	1857.100
538	1857.100
88	1857.200
338	1857.200
618	1857.200
278	1857.300
518	1857.300
708	1857.300
178	1857.400
478	1857.400
268	1857.500
498	1857.500
68	1857.600
348	1857.700
668	1857.800
378	1858.000
148	1858.100
328	1858.100
58	1858.200
258	1858.200
298	1858.200
748	1858.200
228	1858.400
368	1858.400
438	1858.400
468	1858.500
628	1858.700
658	1858.700
38	1859.300
508	1859.400
48	1859.500
18	1859.600
798	1859.600
738	1859.700
168	1860.000
248	1860.000
768	1860.000
308	1860.400
118	1860.500
568	1860.500
688	1860.500
448	1860.600
588	1860.800
778	1860.900
188	1861.000
218	1861.100
418	1861.400
728	1861.500
208	1861.600
28	1861.700
288	1861.700
578	1861.700
198	1861.800
98	1862.400
158	1862.400
128	1862.600
408	1862.700
678	1862.700
608	1862.900
388	1863.000
788	1863.000
428	1863.100
458	1863.100
318	1863.200
648	1863.300
398	1863.400
488	1863.400
358	1863.500
558	1863.500
8	1863.600
108	1863.600
638	1863.600
698	1863.600
758	1863.600
138	1863.700
598	1863.700
718	1863.700
88	1863.800
538	1863.800
78	1863.900
238	1863.900
338	1863.900
518	1864.000
548	1864.000
618	1864.000
178	1864.100
278	1864.100
528	1864.100
268	1864.200
708	1864.200
498	1864.300
478	1864.400
68	1864.500
348	1864.500
378	1864.600
58	1864.700
668	1864.700
298	1864.800
328	1864.800
748	1864.800
148	1864.900
368	1864.900
258	1865.000
468	1865.000
658	1865.100
228	1865.200
438	1865.500
628	1865.500
508	1865.900
38	1866.100
48	1866.100
738	1866.200
18	1866.300
798	1866.400
168	1866.600
248	1866.800
768	1866.800
308	1867.000
448	1867.200
118	1867.300
568	1867.300
688	1867.300
588	1867.500
188	1867.700
218	1867.800
778	1867.900
418	1868.000
728	1868.200
198	1868.300
288	1868.300
28	1868.400
208	1868.500
578	1868.500
98	1869.000
128	1869.300
678	1869.400
158	1869.600
458	1869.600
608	1869.600
408	1869.700
428	1869.700
788	1869.700
388	1869.900
488	1870.000
318	1870.100
398	1870.100
558	1870.100
8	1870.200
758	1870.200
358	1870.300
648	1870.300
698	1870.300
88	1870.500
138	1870.500
718	1870.500
108	1870.600
538	1870.600
338	1870.700
598	1870.700
638	1870.700
78	1870.800
548	1870.800
618	1870.800
178	1870.900
238	1870.900
268	1870.900
278	1870.900
478	1870.900
518	1870.900
528	1871.100
498	1871.200
708	1871.200
68	1871.400
298	1871.400
348	1871.400
58	1871.500
468	1871.500
668	1871.500
748	1871.500
148	1871.600
328	1871.600
368	1871.600
378	1871.600
658	1871.600
258	1871.700
228	1872.000
628	1872.200
438	1872.300
508	1872.400
48	1872.800
738	1872.900
38	1873.000
18	1873.100
798	1873.100
168	1873.300
768	1873.500
248	1873.700
308	1873.700
448	1873.800
118	1874.100
568	1874.100
688	1874.100
588	1874.200
188	1874.400
218	1874.400
778	1874.500
418	1874.700
288	1874.900
728	1874.900
198	1875.100
28	1875.300
208	1875.300
578	1875.300
98	1875.500
128	1876.000
788	1876.200
458	1876.300
608	1876.300
428	1876.400
678	1876.400
158	1876.500
318	1876.700
388	1876.700
408	1876.800
558	1876.800
8	1876.900
398	1876.900
488	1876.900
718	1877.000
758	1877.000
88	1877.100
358	1877.100
648	1877.100
698	1877.100
138	1877.300
618	1877.400
278	1877.500
338	1877.500
178	1877.600
478	1877.600
538	1877.600
548	1877.600
638	1877.600
108	1877.700
268	1877.700
518	1877.700
78	1877.800
238	1877.800
528	1877.800
598	1877.800
68	1877.900
708	1878.000
298	1878.100
468	1878.100
658	1878.100
748	1878.100
348	1878.200
498	1878.200
58	1878.300
148	1878.300
368	1878.400
668	1878.400
328	1878.500
378	1878.600
258	1878.800
628	1878.800
228	1878.900
508	1879.000
438	1879.100
48	1879.400
738	1879.500
18	1879.700
38	1879.700
798	1879.700
168	1880.000
768	1880.200
308	1880.400
248	1880.600
448	1880.600
118	1880.800
688	1880.800
218	1880.900
568	1880.900
588	1880.900
188	1881.200
778	1881.200
288	1881.400
418	1881.400
728	1881.600
198	1881.800
578	1881.800
98	1882.200
208	1882.200
28	1882.400
788	1882.700
128	1883.000
428	1883.000
458	1883.200
158	1883.300
318	1883.400
558	1883.400
608	1883.400
678	1883.400
8	1883.500
388	1883.500
398	1883.600
408	1883.600
88	1883.700
648	1883.700
488	1883.800
698	1883.900
718	1883.900
618	1884.000
758	1884.000
138	1884.100
338	1884.100
278	1884.200
268	1884.300
358	1884.300
478	1884.300
518	1884.300
548	1884.300
598	1884.400
108	1884.500
538	1884.500
68	1884.600
78	1884.600
178	1884.600
238	1884.600
528	1884.600
638	1884.800
658	1884.800
748	1884.800
298	1884.900
468	1884.900
498	1884.900
708	1884.900
58	1885.000
148	1885.000
348	1885.000
328	1885.200
368	1885.300
628	1885.300
668	1885.300
258	1885.500
508	1885.500
228	1885.600
378	1885.600
48	1885.900
438	1885.900
18	1886.200
738	1886.200
38	1886.400
798	1886.400
168	1886.500
768	1887.000
248	1887.200
308	1887.200
218	1887.400
448	1887.400
118	1887.500
588	1887.500
688	1887.500
568	1887.600
188	1887.800
288	1888.000
728	1888.100
778	1888.100
418	1888.200
198	1888.300
578	1888.500
98	1889.100
208	1889.100
28	1889.300
788	1889.300
428	1889.600
128	1889.900
458	1889.900
318	1890.000
8	1890.100
558	1890.100
678	1890.100
608	1890.200
88	1890.300
388	1890.300
158	1890.400
398	1890.400
408	1890.400
648	1890.500
338	1890.600
488	1890.600
698	1890.600
618	1890.700
138	1890.800
758	1890.900
268	1891.000
548	1891.000
718	1891.000
108	1891.100
278	1891.100
518	1891.100
598	1891.100
78	1891.200
238	1891.300
68	1891.400
298	1891.400
478	1891.400
528	1891.400
658	1891.400
178	1891.500
358	1891.500
538	1891.500
748	1891.500
348	1891.600
148	1891.700
328	1891.700
468	1891.700
638	1891.700
708	1891.700
368	1891.900
498	1891.900
628	1891.900
58	1892.000
668	1892.100
258	1892.300
508	1892.300
438	1892.400
228	1892.500
378	1892.500
48	1892.600
18	1892.700
738	1892.800
798	1892.800
38	1892.900
168	1893.100
768	1893.500
248	1893.700
308	1893.700
218	1893.900
118	1894.100
448	1894.200
568	1894.200
588	1894.200
688	1894.300
188	1894.400
288	1894.800
728	1894.800
198	1894.900
778	1895.100
578	1895.200
418	1895.300
98	1895.900
208	1895.900
28	1896.000
788	1896.100
428	1896.600
128	1896.700
318	1896.800
8	1897.000
88	1897.000
458	1897.000
558	1897.000
398	1897.100
408	1897.100
608	1897.100
678	1897.100
338	1897.200
158	1897.300
388	1897.300
618	1897.300
648	1897.400
698	1897.400
138	1897.500
488	1897.500
758	1897.500
78	1897.700
278	1897.800
548	1897.800
108	1897.900
598	1897.900
718	1897.900
518	1898.000
658	1898.000
748	1898.000
68	1898.100
268	1898.100
298	1898.100
528	1898.100
148	1898.200
238	1898.200
328	1898.300
348	1898.300
358	1898.300
478	1898.300
538	1898.300
638	1898.400
708	1898.400
368	1898.500
468	1898.500
178	1898.600
58	1898.700
498	1898.900
508	1898.900
438	1899.000
668	1899.000
48	1899.100
258	1899.100
628	1899.100
18	1899.200
228	1899.300
378	1899.300
798	1899.300
738	1899.400
38	1899.500
168	1899.700
768	1899.800
308	1900.200
218	1900.400
248	1900.400
568	1900.700
118	1900.800
448	1900.800
588	1900.900
688	1900.900
188	1901.000
728	1901.400
288	1901.600
198	1901.700
778	1901.700
418	1902.100
578	1902.200
28	1902.500
98	1902.700
208	1902.800
788	1902.800
128	1903.400
318	1903.400
428	1903.400
8	1903.700
88	1903.700
408	1903.800
398	1903.900
458	1903.900
558	1903.900
678	1904.000
608	1904.100
618	1904.100
648	1904.100
698	1904.100
758	1904.100
78	1904.200
158	1904.200
488	1904.200
338	1904.300
388	1904.300
548	1904.300
138	1904.400
278	1904.400
108	1904.600
298	1904.600
528	1904.700
718	1904.700
748	1904.700
68	1904.800
148	1904.800
328	1904.800
358	1904.800
518	1904.800
658	1904.800
238	1904.900
268	1904.900
598	1904.900
638	1904.900
348	1905.000
708	1905.000
478	1905.100
538	1905.100
58	1905.200
368	1905.200
178	1905.300
468	1905.300
48	1905.600
438	1905.600
498	1905.600
508	1905.600
798	1905.700
18	1905.800
258	1905.800
378	1905.800
738	1905.800
38	1905.900
628	1905.900
668	1905.900
228	1906.100
768	1906.300
168	1906.400
308	1906.700
218	1906.800
248	1907.000
568	1907.000
118	1907.400
448	1907.400
688	1907.500
188	1907.600
588	1907.700
728	1908.200
778	1908.200
288	1908.300
198	1908.400
418	1908.700
578	1908.800
28	1909.100
98	1909.100
208	1909.400
788	1909.600
428	1909.900
318	1910.100
8	1910.400
408	1910.400
88	1910.500
128	1910.500
398	1910.500
78	1910.600
458	1910.600
558	1910.600
618	1910.600
678	1910.600
758	1910.700
138	1910.800
158	1910.800
488	1910.800
698	1910.800
608	1910.900
298	1911.000
648	1911.000
108	1911.100
548	1911.100
278	1911.200
358	1911.200
388	1911.200
718	1911.200
148	1911.300
328	1911.300
528	1911.300
638	1911.300
238	1911.400
338	1911.400
518	1911.400
748	1911.500
58	1911.600
268	1911.600
598	1911.600
708	1911.600
68	1911.700
348	1911.700
468	1911.700
478	1911.700
658	1911.700
178	1911.800
368	1911.800
538	1911.800
798	1911.900
438	1912.000
498	1912.000
48	1912.100
378	1912.100
508	1912.100
258	1912.200
18	1912.300
38	1912.300
738	1912.400
668	1912.500
228	1912.600
628	1912.600
768	1912.600
168	1912.900
308	1913.000
218	1913.300
248	1913.500
568	1913.500
448	1913.800
118	1913.900
688	1913.900
588	1914.000
188	1914.100
288	1914.600
778	1914.600
728	1914.700
198	1915.000
418	1915.100
578	1915.300
28	1915.500
98	1915.500
208	1915.800
788	1916.200
428	1916.400
318	1916.600
408	1916.800
8	1916.900
78	1916.900
88	1917.000
398	1917.000
458	1917.000
558	1917.000
618	1917.000
128	1917.100
138	1917.200
488	1917.200
678	1917.200
108	1917.400
758	1917.400
158	1917.500
358	1917.500
548	1917.500
698	1917.500
718	1917.500
298	1917.600
608	1917.600
648	1917.600
238	1917.800
278	1917.800
328	1917.800
388	1917.800
528	1917.800
638	1917.800
58	1917.900
68	1917.900
148	1917.900
338	1917.900
518	1917.900
268	1918.000
468	1918.100
478	1918.100
658	1918.100
708	1918.100
178	1918.200
538	1918.200
598	1918.200
748	1918.200
798	1918.200
348	1918.300
368	1918.300
438	1918.300
498	1918.300
48	1918.500
258	1918.500
378	1918.500
508	1918.500
18	1918.700
738	1918.700
38	1918.800
768	1918.800
668	1918.900
228	1919.000
628	1919.000
168	1919.300
308	1919.300
218	1919.600
248	1919.800
568	1919.800
448	1920.000
588	1920.200
688	1920.200
118	1920.300
188	1920.400
778	1920.900
288	1921.000
728	1921.000
418	1921.300
198	1921.400
578	1921.700
98	1921.800
28	1921.900
208	1922.300
788	1922.600
428	1922.700
318	1923.000
408	1923.100
8	1923.300
78	1923.300
458	1923.300
128	1923.400
138	1923.400
398	1923.400
618	1923.400
558	1923.500
88	1923.600
108	1923.600
488	1923.600
358	1923.800
678	1923.800
158	1923.900
548	1923.900
648	1923.900
698	1923.900
718	1923.900
758	1923.900
528	1924.000
608	1924.000
638	1924.100
68	1924.200
298	1924.200
388	1924.200
148	1924.300
238	1924.300
268	1924.300
278	1924.300
328	1924.300
338	1924.300
658	1924.300
58	1924.400
478	1924.400
518	1924.400
468	1924.500
708	1924.500
798	1924.500
178	1924.600
368	1924.600
498	1924.600
538	1924.600
598	1924.600
258	1924.700
348	1924.700
438	1924.700
748	1924.700
48	1924.800
508	1924.800
738	1925.000
768	1925.000
18	1925.100
38	1925.100
378	1925.100
228	1925.200
628	1925.300
668	1925.300
168	1925.500
308	1925.600
218	1925.800
248	1925.900
568	1926.000
448	1926.200
118	1926.400
688	1926.400
588	1926.500
188	1926.700
728	1927.200
778	1927.200
288	1927.300
418	1927.400
198	1927.700
578	1928.000
98	1928.100
28	1928.300
208	1928.600
788	1928.800
428	1929.100
408	1929.300
318	1929.400
128	1929.500
458	1929.500
8	1929.600
78	1929.600
138	1929.700
398	1929.700
618	1929.800
88	1929.900
358	1929.900
488	1929.900
558	1929.900
108	1930.000
528	1930.100
648	1930.100
678	1930.100
698	1930.100
718	1930.100
758	1930.100
158	1930.200
548	1930.200
638	1930.300
68	1930.400
608	1930.400
148	1930.500
388	1930.500
238	1930.600
278	1930.600
328	1930.600
338	1930.600
478	1930.600
518	1930.600
658	1930.600
58	1930.700
268	1930.700
298	1930.700
468	1930.700
708	1930.700
798	1930.700
178	1930.800
258	1930.900
368	1930.900
538	1930.900
598	1930.900
48	1931.000
438	1931.000
498	1931.000
508	1931.000
748	1931.000
348	1931.100
38	1931.300
228	1931.300
378	1931.300
738	1931.300
768	1931.300
18	1931.400
628	1931.500
668	1931.500
308	1931.700
168	1931.800
218	1932.000
248	1932.000
448	1932.200
568	1932.200
118	1932.400
688	1932.500
588	1932.600
188	1932.700
288	1933.300
728	1933.300
778	1933.300
418	1933.400
198	1933.900
578	1934.100
98	1934.200
28	1934.500
208	1934.800
788	1934.900
428	1935.300
408	1935.500
128	1935.600
458	1935.600
8	1935.700
78	1935.700
318	1935.700
138	1935.800
398	1935.800
88	1936.000
358	1936.000
618	1936.000
108	1936.100
488	1936.100
528	1936.100
558	1936.100
698	1936.200
718	1936.200
758	1936.200
648	1936.300
678	1936.300
68	1936.400
158	1936.400
548	1936.400
148	1936.500
608	1936.500
638	1936.500
478	1936.600
278	1936.700
328	1936.700
388	1936.700
798	1936.700
58	1936.800
178	1936.800
238	1936.800
268	1936.800
338	1936.800
468	1936.800
518	1936.800
658	1936.800
708	1936.900
258	1937.000
298	1937.000
368	1937.000
48	1937.100
438	1937.100
498	1937.100
538	1937.100
598	1937.100
508	1937.200
748	1937.200
228	1937.300
348	1937.300
378	1937.300
768	1937.400
38	1937.500
628	1937.500
738	1937.500
18	1937.600
668	1937.600
308	1937.700
168	1938.000
218	1938.100
248	1938.100
448	1938.100
568	1938.300
118	1938.400
688	1938.500
588	1938.600
188	1938.700
288	1939.300
418	1939.400
728	1939.400
778	1939.400
198	1940.000
578	1940.200
98	1940.300
28	1940.600
208	1940.900
788	1941.000
428	1941.400
128	1941.500
408	1941.600
8	1941.700
318	1941.700
458	1941.700
78	1941.800
138	1941.800
88	1942.000
358	1942.000
398	1942.000
528	1942.000
108	1942.100
558	1942.100
618	1942.100
718	1942.100
698	1942.200
488	1942.300
678	1942.300
758	1942.300
158	1942.400
548	1942.400
648	1942.400
68	1942.500
148	1942.600
478	1942.600
608	1942.600
638	1942.600
278	1942.700
58	1942.800
178	1942.800
238	1942.800
268	1942.800
328	1942.800
338	1942.800
468	1942.800
518	1942.800
658	1942.800
798	1942.800
388	1942.900
708	1942.900
258	1943.000
368	1943.000
48	1943.100
298	1943.100
538	1943.100
598	1943.100
228	1943.200
438	1943.200
498	1943.200
508	1943.200
748	1943.200
348	1943.400
378	1943.400
768	1943.400
38	1943.500
628	1943.500
668	1943.500
738	1943.500
18	1943.700
308	1943.700
168	1944.000
218	1944.000
248	1944.000
448	1944.000
118	1944.300
568	1944.300
688	1944.400
188	1944.500
588	1944.500
288	1945.100
418	1945.200
728	1945.300
778	1945.300
198	1945.900
578	1946.200
98	1946.300
28	1946.500
208	1946.900
788	1947.000
428	1947.300
128	1947.400
408	1947.600
8	1947.700
78	1947.700
138	1947.700
318	1947.700
458	1947.700
528	1947.800
88	1947.900
108	1948.000
358	1948.000
398	1948.000
558	1948.000
718	1948.000
488	1948.200
618	1948.200
698	1948.200
158	1948.300
678	1948.300
548	1948.400
648	1948.400
758	1948.400
68	1948.500
478	1948.500
148	1948.600
608	1948.600
638	1948.600
178	1948.700
238	1948.700
268	1948.700
278	1948.700
58	1948.800
328	1948.800
338	1948.800
388	1948.800
468	1948.800
518	1948.800
658	1948.800
708	1948.800
798	1948.800
368	1948.900
48	1949.000
258	1949.000
538	1949.000
228	1949.100
298	1949.100
438	1949.100
598	1949.100
748	1949.100
498	1949.200
508	1949.300
768	1949.300
38	1949.400
348	1949.400
378	1949.400
628	1949.400
668	1949.400
738	1949.500
308	1949.600
18	1949.700
218	1949.900
248	1949.900
448	1949.900
168	1950.000
118	1950.200
568	1950.200
588	1950.300
688	1950.300
188	1950.400
288	1950.900
418	1951.000
728	1951.200
778	1951.200
198	1951.800
98	1952.200
578	1952.200
28	1952.400
208	1952.900
788	1952.900
128	1953.200
428	1953.200
408	1953.500
8	1953.600
78	1953.600
138	1953.600
528	1953.600
318	1953.700
458	1953.700
88	1953.800
718	1953.800
108	1953.900
358	1953.900
558	1953.900
398	1954.000
158	1954.100
488	1954.200
618	1954.200
678	1954.200
698	1954.200
648	1954.300
478	1954.400
548	1954.400
758	1954.400
68	1954.500
148	1954.500
238	1954.500
58	1954.600
178	1954.600
268	1954.600
608	1954.600
638	1954.600
278	1954.700
338	1954.700
388	1954.700
468	1954.700
518	1954.700
658	1954.700
708	1954.700
798	1954.700
328	1954.800
368	1954.800
258	1954.900
538	1954.900
598	1954.900
48	1955.000
228	1955.000
438	1955.000
298	1955.100
498	1955.100
748	1955.100
628	1955.200
768	1955.200
38	1955.300
348	1955.300
508	1955.300
668	1955.300
308	1955.400
378	1955.400
738	1955.400
18	1955.500
448	1955.700
168	1955.800
218	1955.800
248	1955.800
118	1956.000
568	1956.100
588	1956.100
188	1956.200
688	1956.200
288	1956.700
418	1956.800
778	1957.000
728	1957.100
198	1957.700
98	1958.100
578	1958.200
28	1958.300
788	1958.700
208	1958.800
128	1959.000
428	1959.100
528	1959.300
8	1959.400
78	1959.400
408	1959.400
138	1959.500
458	1959.600
718	1959.600
88	1959.700
318	1959.700
558	1959.700
108	1959.800
358	1959.800
158	1959.900
398	1960.000
488	1960.100
648	1960.100
678	1960.100
698	1960.100
618	1960.200
148	1960.300
238	1960.300
478	1960.300
548	1960.300
758	1960.300
58	1960.400
68	1960.400
178	1960.500
268	1960.500
638	1960.500
278	1960.600
338	1960.600
388	1960.600
468	1960.600
518	1960.600
608	1960.600
658	1960.600
708	1960.600
798	1960.600
258	1960.700
368	1960.700
228	1960.800
328	1960.800
538	1960.800
598	1960.800
48	1960.900
438	1960.900
498	1961.000
748	1961.000
298	1961.100
628	1961.100
768	1961.100
38	1961.200
308	1961.200
508	1961.200
668	1961.200
348	1961.300
378	1961.300
738	1961.300
18	1961.400
168	1961.600
218	1961.600
448	1961.600
248	1961.700
118	1961.800
588	1961.900
188	1962.000
568	1962.000
688	1962.000
288	1962.500
418	1962.600
778	1962.800
728	1962.900
198	1963.500
98	1963.900
28	1964.100
578	1964.100
788	1964.500
208	1964.700
128	1964.800
428	1965.000
528	1965.000
78	1965.200
8	1965.300
138	1965.300
408	1965.300
458	1965.400
718	1965.400
318	1965.500
558	1965.500
88	1965.600
108	1965.600
358	1965.600
158	1965.700
398	1965.900
648	1965.900
488	1966.000
678	1966.000
698	1966.000
238	1966.100
478	1966.100
548	1966.100
618	1966.100
58	1966.200
68	1966.200
148	1966.200
758	1966.200
178	1966.300
268	1966.400
278	1966.400
388	1966.400
468	1966.400
638	1966.400
658	1966.400
708	1966.400
798	1966.400
258	1966.500
338	1966.500
368	1966.500
518	1966.500
228	1966.600
608	1966.600
48	1966.700
328	1966.700
438	1966.700
538	1966.700
598	1966.700
498	1966.800
628	1966.900
748	1966.900
768	1966.900
38	1967.000
298	1967.000
308	1967.000
508	1967.100
668	1967.100
738	1967.100
18	1967.200
348	1967.200
378	1967.200
168	1967.400
218	1967.400
248	1967.500
448	1967.500
118	1967.600
588	1967.700
188	1967.800
568	1967.800
688	1967.800
288	1968.300
418	1968.300
778	1968.600
728	1968.700
198	1969.400
98	1969.700
28	1969.900
578	1970.000
788	1970.300
128	1970.600
208	1970.600
528	1970.700
428	1970.800
78	1971.000
8	1971.100
138	1971.100
408	1971.100
718	1971.100
458	1971.200
318	1971.300
558	1971.300
108	1971.400
88	1971.500
158	1971.500
358	1971.500
648	1971.700
398	1971.800
488	1971.800
698	1971.800
238	1971.900
478	1971.900
548	1971.900
678	1971.900
58	1972.000
68	1972.000
148	1972.000
618	1972.000
178	1972.100
758	1972.100
268	1972.200
278	1972.200
388	1972.200
468	1972.200
658	1972.200
708	1972.200
798	1972.200
258	1972.300
368	1972.300
638	1972.300
228	1972.400
338	1972.400
518	1972.400
48	1972.500
328	1972.500
438	1972.500
538	1972.500
598	1972.500
608	1972.500
498	1972.600
628	1972.700
748	1972.700
768	1972.700
38	1972.800
308	1972.800
298	1972.900
508	1972.900
668	1972.900
738	1972.900
18	1973.000
348	1973.000
378	1973.100
218	1973.200
168	1973.300
248	1973.300
448	1973.300
118	1973.400
588	1973.400
188	1973.600
568	1973.600
688	1973.600
288	1974.000
418	1974.000
778	1974.400
728	1974.500
198	1975.200
98	1975.500
28	1975.700
578	1975.900
788	1976.100
128	1976.400
528	1976.400
208	1976.500
428	1976.600
78	1976.800
138	1976.900
408	1976.900
718	1976.900
8	1977.000
458	1977.000
318	1977.100
558	1977.100
88	1977.300
108	1977.300
158	1977.300
358	1977.300
648	1977.500
238	1977.600
488	1977.600
698	1977.600
398	1977.700
478	1977.700
58	1977.800
68	1977.800
148	1977.800
548	1977.800
178	1977.900
618	1977.900
678	1977.900
278	1978.000
388	1978.000
468	1978.000
658	1978.000
708	1978.000
758	1978.000
798	1978.000
258	1978.100
268	1978.100
368	1978.100
638	1978.100
228	1978.200
338	1978.200
518	1978.200
48	1978.300
328	1978.300
438	1978.300
598	1978.300
608	1978.300
498	1978.400
538	1978.400
768	1978.400
38	1978.500
308	1978.500
628	1978.500
748	1978.500
508	1978.700
668	1978.700
18	1978.800
298	1978.800
348	1978.800
738	1978.800
218	1978.900
378	1978.900
168	1979.100
248	1979.100
448	1979.100
588	1979.100
118	1979.200
188	1979.400
568	1979.400
688	1979.400
288	1979.700
418	1979.700
778	1980.200
728	1980.400
198	1981.000
98	1981.300
28	1981.500
578	1981.700
788	1981.900
128	1982.100
528	1982.200
208	1982.400
428	1982.400
78	1982.600
138	1982.700
408	1982.700
718	1982.700
8	1982.800
458	1982.800
318	1982.900
558	1982.900
108	1983.100
158	1983.100
358	1983.100
88	1983.200
238	1983.300
648	1983.300
488	1983.400
698	1983.400
398	1983.500
58	1983.600
68	1983.600
148	1983.600
478	1983.600
178	1983.700
548	1983.700
618	1983.700
278	1983.800
388	1983.800
468	1983.800
658	1983.800
678	1983.800
708	1983.800
798	1983.800
258	1983.900
368	1983.900
638	1983.900
758	1983.900
228	1984.000
268	1984.000
518	1984.000
48	1984.100
328	1984.100
338	1984.100
438	1984.100
608	1984.100
38	1984.200
498	1984.200
598	1984.200
768	1984.200
308	1984.300
538	1984.300
628	1984.300
748	1984.400
668	1984.500
18	1984.600
348	1984.600
508	1984.600
738	1984.600
218	1984.700
298	1984.700
378	1984.700
248	1984.800
448	1984.800
588	1984.800
168	1984.900
118	1985.000
688	1985.100
188	1985.200
568	1985.200
288	1985.400
418	1985.400
778	1986.000
728	1986.200
198	1986.800
98	1987.000
28	1987.200
578	1987.500
788	1987.700
128	1987.800
528	1987.900
428	1988.100
208	1988.200
78	1988.300
138	1988.500
408	1988.500
718	1988.500
8	1988.600
458	1988.600
558	1988.700
318	1988.800
358	1988.800
108	1988.900
158	1988.900
88	1989.000
238	1989.000
648	1989.100
488	1989.200
698	1989.200
148	1989.300
58	1989.400
398	1989.400
478	1989.400
68	1989.500
178	1989.500
468	1989.500
548	1989.500
278	1989.600
388	1989.600
618	1989.600
658	1989.600
678	1989.600
708	1989.600
798	1989.600
258	1989.700
368	1989.700
638	1989.700
228	1989.800
268	1989.800
518	1989.800
758	1989.800
48	1989.900
328	1989.900
338	1989.900
438	1989.900
608	1989.900
38	1990.000
598	1990.000
768	1990.000
308	1990.100
498	1990.100
538	1990.100
628	1990.200
668	1990.300
748	1990.300
18	1990.400
348	1990.400
508	1990.400
738	1990.400
218	1990.500
378	1990.500
588	1990.500
248	1990.600
298	1990.600
448	1990.600
168	1990.700
118	1990.800
688	1990.800
188	1990.900
568	1991.000
288	1991.100
418	1991.100
778	1991.800
728	1992.000
198	1992.600
98	1992.800
28	1992.900
578	1993.300
788	1993.400
128	1993.600
528	1993.600
428	1993.900
78	1994.100
208	1994.100
138	1994.200
718	1994.200
408	1994.300
8	1994.400
458	1994.400
558	1994.500
108	1994.600
318	1994.600
358	1994.600
158	1994.700
238	1994.700
88	1994.800
648	1994.900
148	1995.000
488	1995.000
698	1995.000
58	1995.200
178	1995.200
398	1995.200
478	1995.200
68	1995.300
468	1995.300
548	1995.300
278	1995.400
388	1995.400
658	1995.400
678	1995.400
708	1995.400
798	1995.400
228	1995.500
258	1995.500
368	1995.500
618	1995.500
638	1995.500
268	1995.600
758	1995.600
48	1995.700
328	1995.700
338	1995.700
438	1995.700
518	1995.700
38	1995.800
598	1995.800
608	1995.800
768	1995.800
308	1995.900
538	1995.900
498	1996.000
628	1996.000
668	1996.100
748	1996.100
18	1996.200
348	1996.200
508	1996.200
738	1996.200
218	1996.300
248	1996.300
378	1996.300
588	1996.300
448	1996.400
118	1996.500
298	1996.500
688	1996.500
168	1996.600
188	1996.600
418	1996.800
568	1996.800
288	1996.900
778	1997.600
728	1997.800
198	1998.400
28	1998.600
98	1998.600
788	1999.100
578	1999.200
128	1999.300
528	1999.300
428	1999.600
78	1999.800
138	1999.900
208	2000.000
718	2000.000
