# NEST version: UNKNOWN
# RecordingBackendASCII version: 2
sender	time_ms
294	0.100
44	7.900
604	279.700
574	296.700
94	380.000
754	394.100
494	399.600
444	400.900
24	411.400
534	437.500
294	496.700
554	507.600
474	509.100
154	512.800
304	527.500
164	543.000
234	552.700
754	1041.200
634	1043.200
684	1048.400
264	1048.600
784	1050.700
734	1053.300
284	1054.100
664	1055.900
4	1056.700
114	1060.300
64	1065.800
554	1069.000
104	1070.800
194	1073.800
694	1078.000
584	1085.700
364	1087.700
84	1088.500
764	1144.900
494	1161.200
444	1479.300
124	1563.200
354	1563.800
584	1564.000
404	1564.300
664	1564.400
134	1564.500
414	1564.500
504	1564.800
634	1565.000
624	1565.100
644	1565.700
604	1565.900
314	1566.200
764	1566.400
274	1566.500
754	1566.500
4	1566.600
614	1566.600
84	1566.700
534	1566.800
784	1566.800
794	1566.800
594	1566.900
484	1567.000
424	1567.200
434	1567.500
474	1567.500
574	1567.600
184	1567.700
214	1567.700
694	1567.700
704	1567.700
64	1567.800
324	1567.900
244	1568.000
284	1568.000
24	1568.100
204	1568.100
564	1568.100
54	1568.200
514	1568.200
714	1568.200
374	1568.300
154	1568.400
554	1568.400
164	1568.500
364	1568.500
394	1568.500
654	1568.500
734	1568.500
114	1568.600
254	1568.600
524	1568.600
684	1568.600
144	1568.700
44	1568.800
74	1568.800
294	1568.900
444	1569.000
264	1569.100
674	1569.100
104	1569.200
494	1569.200
774	1569.200
14	1569.300
94	1569.500
224	1569.500
334	1569.500
174	1569.600
194	1569.600
34	1569.800
234	1569.800
384	1569.800
304	1569.900
544	1569.900
454	1570.200
724	1570.200
744	1570.200
464	1570.400
344	1570.900
124	1572.100
354	1572.500
404	1572.600
414	1572.600
584	1572.700
634	1572.700
664	1573.300
644	1573.400
504	1573.500
624	1573.500
134	1573.600
604	1573.900
794	1574.800
274	1575.300
4	1575.400
314	1575.500
614	1575.600
574	1575.900
764	1575.900
754	1576.000
594	1576.100
214	1576.300
64	1576.500
434	1576.500
324	1576.800
474	1576.800
654	1576.800
784	1576.800
114	1576.900
424	1576.900
184	1577.000
564	1577.000
704	1577.000
84	1577.100
734	1577.100
374	1577.200
534	1577.200
24	1577.300
284	1577.300
484	1577.300
514	1577.300
694	1577.400
554	1577.700
294	1577.800
74	1577.900
54	1578.000
394	1578.000
684	1578.000
174	1578.100
104	1578.200
674	1578.200
44	1578.300
144	1578.300
164	1578.300
524	1578.300
714	1578.300
14	1578.400
244	1578.400
254	1578.400
334	1578.400
444	1578.600
154	1578.700
204	1578.700
264	1578.800
494	1579.000
194	1579.200
234	1579.200
34	1579.400
224	1579.400
774	1579.400
464	1579.500
94	1579.600
304	1579.700
364	1579.700
544	1579.700
724	1579.700
744	1580.000
384	1580.300
454	1580.600
344	1580.700
414	1580.800
634	1581.100
624	1581.500
584	1581.600
404	1581.700
504	1582.000
644	1582.000
124	1582.100
664	1582.300
134	1582.500
354	1582.600
604	1583.600
794	1583.900
4	1584.700
474	1585.700
434	1585.800
574	1585.800
654	1585.800
754	1585.900
614	1586.000
314	1586.100
64	1586.400
764	1586.400
214	1586.500
274	1586.500
514	1586.900
704	1586.900
734	1586.900
324	1587.000
24	1587.200
564	1587.200
374	1587.300
424	1587.300
74	1587.400
184	1587.500
484	1587.600
524	1587.700
684	1587.700
554	1588.000
174	1588.200
294	1588.200
534	1588.300
104	1588.400
204	1588.400
164	1588.500
334	1588.500
594	1588.500
694	1588.500
54	1588.900
674	1588.900
154	1589.300
784	1589.300
114	1589.500
714	1589.500
254	1589.600
394	1589.600
44	1590.100
234	1590.100
144	1590.200
194	1590.300
84	1590.400
94	1590.400
494	1590.400
724	1590.400
774	1590.500
284	1590.600
414	1590.700
34	1590.900
464	1591.000
624	1591.100
304	1591.200
224	1591.300
454	1591.300
444	1591.600
244	1591.700
384	1591.700
744	1591.700
634	1591.800
584	1592.000
364	1592.100
264	1592.200
544	1592.300
344	1592.400
14	1592.500
404	1592.500
644	1592.500
504	1593.000
124	1593.600
604	1594.400
354	1594.700
794	1594.700
574	1594.900
664	1594.900
134	1595.200
4	1596.100
314	1596.400
654	1596.400
434	1596.600
474	1596.600
734	1596.600
24	1596.700
614	1596.900
274	1597.100
214	1597.200
64	1597.500
704	1597.800
484	1597.900
184	1598.100
684	1598.200
514	1598.300
764	1598.300
164	1598.400
534	1598.700
104	1598.900
524	1599.000
674	1599.100
754	1599.200
424	1599.400
154	1599.500
84	1599.600
74	1599.700
204	1599.700
324	1599.700
594	1599.700
554	1599.900
374	1600.300
174	1600.500
784	1600.600
54	1600.700
494	1600.700
44	1600.800
414	1600.800
114	1600.900
144	1601.100
694	1601.100
254	1601.300
394	1601.500
244	1601.600
14	1601.700
724	1601.700
294	1602.000
564	1602.000
224	1602.100
334	1602.100
624	1602.100
344	1602.200
774	1602.300
714	1602.500
194	1602.600
404	1602.700
744	1602.700
124	1602.900
284	1603.000
634	1603.100
34	1603.200
234	1603.200
384	1603.200
584	1603.300
464	1603.400
94	1603.500
364	1603.700
264	1604.000
444	1604.000
644	1604.000
454	1604.300
544	1604.400
604	1604.800
314	1605.000
794	1605.100
664	1605.400
504	1605.700
574	1605.800
4	1605.900
354	1605.900
24	1606.000
304	1606.300
214	1606.400
184	1606.800
434	1606.800
134	1607.000
274	1607.100
474	1607.100
654	1607.300
734	1607.300
614	1607.400
534	1607.600
164	1608.000
764	1608.000
704	1608.200
514	1608.300
484	1608.700
684	1608.700
64	1608.800
674	1608.900
104	1609.200
154	1609.400
594	1609.400
84	1609.600
74	1609.800
424	1609.800
554	1609.800
204	1610.300
254	1610.500
374	1610.500
144	1610.800
244	1610.800
324	1610.900
494	1610.900
754	1610.900
784	1610.900
414	1611.000
114	1611.400
174	1611.500
564	1611.500
54	1611.600
524	1611.600
694	1612.200
294	1612.500
334	1612.600
44	1612.900
344	1613.200
464	1613.200
194	1613.300
634	1613.400
744	1613.600
774	1613.800
224	1613.900
624	1614.000
404	1614.100
34	1614.200
234	1614.200
384	1614.400
284	1614.500
124	1614.700
14	1615.200
604	1615.200
724	1615.300
264	1615.400
314	1615.700
644	1615.800
714	1615.800
444	1616.000
364	1616.100
394	1616.100
794	1616.100
94	1616.200
584	1616.200
4	1616.500
354	1616.600
24	1616.700
214	1616.700
504	1616.800
434	1617.100
454	1617.100
664	1617.200
184	1617.300
304	1617.600
734	1617.600
274	1617.700
654	1617.900
674	1617.900
574	1618.100
164	1618.200
534	1618.500
614	1618.500
134	1618.600
474	1618.800
514	1618.900
544	1619.000
104	1619.100
154	1619.700
424	1619.800
484	1620.100
684	1620.100
74	1620.300
414	1620.300
764	1620.300
244	1620.400
704	1620.400
374	1620.600
64	1620.700
204	1620.700
524	1620.800
554	1620.900
754	1620.900
84	1621.000
254	1621.100
494	1621.200
114	1621.300
294	1621.500
564	1621.900
144	1622.100
784	1622.100
594	1622.200
694	1622.300
194	1623.100
324	1623.200
44	1623.300
234	1623.400
54	1623.500
174	1623.700
334	1623.800
344	1624.000
384	1624.000
624	1624.000
634	1624.100
774	1624.100
224	1624.200
744	1624.300
714	1624.800
604	1625.000
264	1625.100
404	1625.300
464	1625.400
724	1625.500
314	1625.600
504	1625.700
4	1625.800
794	1625.800
94	1626.100
284	1626.100
14	1626.300
434	1626.400
214	1626.500
444	1626.500
34	1626.600
364	1626.600
394	1626.600
274	1626.700
304	1626.700
584	1626.800
164	1627.100
644	1627.100
24	1627.200
184	1627.300
124	1627.400
654	1627.800
574	1628.000
734	1628.000
354	1628.200
614	1628.200
474	1628.300
664	1628.600
674	1628.700
104	1629.100
244	1629.100
544	1629.200
424	1629.300
74	1629.400
454	1629.500
514	1629.500
534	1629.500
134	1629.600
704	1629.600
114	1629.800
484	1629.900
204	1630.000
554	1630.100
764	1630.100
64	1630.200
524	1630.200
684	1630.200
154	1630.300
564	1630.400
494	1630.600
294	1630.900
84	1631.100
374	1631.100
414	1631.500
144	1631.600
254	1631.600
754	1631.800
594	1631.900
694	1631.900
324	1632.000
44	1632.100
54	1632.400
194	1632.700
784	1632.800
334	1632.900
624	1632.900
234	1633.300
774	1633.500
634	1633.600
724	1633.600
744	1633.600
174	1633.700
344	1633.700
714	1633.800
264	1634.000
384	1634.000
504	1634.400
4	1634.600
284	1634.700
794	1634.700
224	1634.800
404	1634.800
604	1634.900
274	1635.200
434	1635.200
94	1635.300
314	1635.300
24	1635.600
214	1635.600
164	1636.000
444	1636.000
34	1636.100
184	1636.200
364	1636.300
14	1636.400
464	1636.400
644	1636.400
654	1636.500
394	1636.600
574	1636.900
734	1636.900
584	1637.000
664	1637.000
124	1637.100
304	1637.100
354	1637.300
474	1637.400
674	1637.500
544	1637.700
74	1637.800
424	1637.800
204	1638.000
514	1638.100
534	1638.100
114	1638.200
704	1638.300
244	1638.400
104	1638.500
484	1638.700
764	1638.700
554	1638.800
684	1638.800
454	1638.900
564	1639.100
524	1639.200
134	1639.400
294	1639.500
614	1639.500
494	1639.600
84	1639.800
64	1640.000
324	1640.000
374	1640.000
414	1640.100
144	1640.300
154	1640.300
594	1640.400
44	1640.500
254	1640.600
54	1640.800
694	1641.000
624	1641.100
754	1641.400
194	1641.500
714	1641.700
634	1641.800
334	1641.900
784	1641.900
724	1642.200
264	1642.300
744	1642.400
234	1642.500
774	1642.500
344	1642.800
504	1642.800
224	1643.200
284	1643.200
384	1643.300
174	1643.600
794	1643.600
4	1643.800
314	1644.000
24	1644.200
404	1644.200
34	1644.300
274	1644.300
434	1644.400
94	1644.700
184	1644.700
604	1644.700
164	1644.800
14	1644.900
214	1644.900
124	1645.100
464	1645.100
644	1645.100
734	1645.200
364	1645.300
394	1645.400
444	1645.400
574	1645.500
474	1645.600
654	1645.600
664	1645.600
674	1645.700
204	1645.900
354	1646.000
424	1646.300
514	1646.300
74	1646.500
304	1646.500
484	1646.600
544	1646.600
244	1646.700
554	1646.700
584	1646.700
684	1646.700
114	1646.800
704	1646.900
764	1646.900
534	1647.100
104	1647.400
324	1647.400
134	1647.500
524	1647.500
564	1647.500
614	1647.500
494	1647.700
414	1648.100
44	1648.300
84	1648.400
294	1648.400
154	1648.500
374	1648.500
454	1648.500
144	1648.600
64	1648.700
254	1648.900
694	1649.000
54	1649.400
594	1649.400
714	1649.500
624	1649.700
784	1649.700
754	1649.900
724	1650.100
194	1650.300
634	1650.300
264	1650.400
334	1650.500
234	1650.700
344	1650.700
774	1650.700
224	1650.800
744	1651.000
384	1651.100
504	1651.300
174	1651.400
4	1651.500
34	1651.800
404	1651.800
24	1651.900
284	1651.900
794	1652.200
274	1652.300
434	1652.300
184	1652.500
94	1652.600
164	1652.700
314	1652.700
604	1652.800
734	1652.800
14	1652.900
364	1653.100
644	1653.200
464	1653.300
124	1653.400
674	1653.400
394	1653.500
214	1653.600
474	1653.600
574	1653.700
204	1654.000
654	1654.000
664	1654.000
444	1654.200
304	1654.300
354	1654.300
764	1654.300
554	1654.500
684	1654.500
74	1654.600
114	1654.600
514	1654.600
544	1654.700
424	1654.900
244	1655.000
484	1655.000
324	1655.100
534	1655.200
614	1655.200
494	1655.300
584	1655.300
104	1655.500
134	1655.600
704	1655.600
564	1655.700
44	1655.800
414	1655.800
524	1655.800
154	1656.000
144	1656.100
84	1656.200
374	1656.200
294	1656.300
254	1656.700
64	1656.800
694	1656.800
784	1657.000
454	1657.100
54	1657.500
724	1657.500
754	1657.600
594	1657.800
194	1657.900
344	1658.000
264	1658.100
714	1658.200
774	1658.200
334	1658.400
224	1658.500
234	1658.500
624	1658.500
634	1658.500
4	1658.800
744	1659.000
384	1659.500
404	1659.500
504	1659.500
24	1659.600
174	1659.600
34	1659.800
184	1660.100
164	1660.200
434	1660.200
794	1660.200
94	1660.300
274	1660.400
284	1660.400
604	1660.500
364	1660.700
734	1660.700
314	1660.900
14	1661.200
394	1661.200
574	1661.200
644	1661.200
464	1661.300
674	1661.300
474	1661.400
214	1661.500
664	1661.500
124	1661.700
304	1661.700
654	1661.800
354	1661.900
764	1661.900
204	1662.200
544	1662.300
684	1662.300
494	1662.400
244	1662.500
554	1662.500
444	1662.600
484	1662.600
614	1662.600
74	1662.700
114	1662.700
424	1662.800
514	1662.800
584	1662.900
44	1663.000
104	1663.000
134	1663.000
324	1663.100
704	1663.100
414	1663.200
534	1663.300
144	1663.500
564	1663.500
154	1663.600
374	1663.900
524	1663.900
294	1664.000
694	1664.100
84	1664.200
64	1664.300
254	1664.300
784	1664.300
54	1665.000
454	1665.000
754	1665.100
724	1665.300
194	1665.500
234	1665.600
344	1665.600
594	1665.600
334	1665.800
714	1665.900
774	1666.000
224	1666.100
264	1666.100
4	1666.200
634	1666.500
624	1666.600
744	1666.800
384	1666.900
404	1667.100
504	1667.100
174	1667.200
24	1667.300
184	1667.600
34	1667.700
164	1667.800
434	1667.800
604	1667.800
94	1667.900
274	1667.900
794	1667.900
284	1668.000
364	1668.100
734	1668.400
574	1668.600
644	1668.600
214	1668.700
314	1668.700
394	1668.700
664	1668.700
14	1668.800
304	1668.900
124	1669.000
474	1669.000
354	1669.200
464	1669.200
654	1669.200
674	1669.200
204	1669.300
494	1669.500
244	1669.800
614	1669.900
764	1669.900
114	1670.000
74	1670.100
104	1670.100
684	1670.100
444	1670.200
544	1670.200
484	1670.300
44	1670.400
134	1670.400
424	1670.400
584	1670.400
414	1670.500
514	1670.500
554	1670.500
154	1670.800
564	1670.800
144	1671.000
324	1671.100
704	1671.100
64	1671.200
694	1671.200
374	1671.400
534	1671.400
784	1671.500
254	1671.600
84	1671.700
294	1671.700
524	1671.700
54	1672.000
754	1672.100
454	1672.400
234	1672.700
334	1672.800
194	1672.900
344	1673.000
594	1673.000
724	1673.100
714	1673.300
4	1673.500
224	1673.500
634	1673.700
264	1673.800
774	1673.900
504	1674.100
624	1674.100
384	1674.200
744	1674.200
174	1674.300
24	1674.500
404	1674.500
184	1674.700
164	1675.000
284	1675.000
434	1675.000
94	1675.100
604	1675.200
364	1675.300
794	1675.300
34	1675.400
274	1675.400
644	1675.700
214	1675.900
314	1675.900
394	1675.900
734	1675.900
124	1676.100
304	1676.200
574	1676.200
14	1676.300
204	1676.300
664	1676.400
674	1676.400
464	1676.700
494	1676.800
354	1676.900
474	1676.900
114	1677.000
654	1677.100
244	1677.300
684	1677.300
104	1677.400
134	1677.400
614	1677.400
514	1677.500
544	1677.500
584	1677.500
44	1677.700
444	1677.700
764	1677.700
484	1677.800
74	1678.000
554	1678.000
564	1678.100
154	1678.200
694	1678.200
424	1678.300
324	1678.400
414	1678.400
64	1678.500
704	1678.600
294	1678.900
374	1678.900
524	1678.900
534	1678.900
784	1678.900
84	1679.000
254	1679.000
54	1679.100
754	1679.200
144	1679.400
334	1679.600
194	1680.000
234	1680.000
454	1680.000
594	1680.100
724	1680.100
344	1680.300
4	1680.500
714	1680.600
224	1680.800
634	1680.800
264	1680.900
504	1681.100
624	1681.100
384	1681.200
774	1681.200
174	1681.500
24	1681.600
404	1681.700
744	1681.700
184	1682.000
604	1682.100
94	1682.200
284	1682.200
434	1682.400
164	1682.600
364	1682.600
794	1682.600
274	1682.700
34	1682.900
214	1682.900
124	1683.100
314	1683.100
394	1683.100
644	1683.200
304	1683.300
734	1683.300
664	1683.400
574	1683.500
204	1683.600
674	1683.600
14	1683.900
114	1684.000
464	1684.000
474	1684.100
244	1684.300
354	1684.300
654	1684.300
104	1684.400
134	1684.400
494	1684.400
614	1684.500
684	1684.500
544	1684.600
514	1684.800
584	1684.800
484	1684.900
564	1684.900
444	1685.000
44	1685.100
554	1685.100
764	1685.100
154	1685.300
74	1685.400
424	1685.500
694	1685.500
324	1685.600
254	1686.000
414	1686.000
64	1686.100
84	1686.100
704	1686.100
784	1686.200
524	1686.300
754	1686.300
54	1686.400
534	1686.400
294	1686.500
144	1686.600
334	1686.700
374	1686.700
194	1686.900
594	1687.200
234	1687.300
344	1687.300
454	1687.300
724	1687.300
4	1687.700
264	1687.800
634	1687.800
224	1687.900
714	1688.000
774	1688.100
504	1688.200
624	1688.300
384	1688.600
24	1688.700
184	1689.000
174	1689.100
404	1689.100
284	1689.200
604	1689.200
94	1689.400
744	1689.500
274	1689.700
434	1689.800
794	1689.800
124	1689.900
164	1689.900
34	1690.000
364	1690.100
204	1690.300
214	1690.300
304	1690.400
394	1690.400
734	1690.400
314	1690.600
644	1690.600
664	1690.700
674	1690.700
574	1690.800
14	1691.100
464	1691.200
474	1691.200
654	1691.200
244	1691.300
134	1691.500
354	1691.500
684	1691.500
104	1691.600
114	1691.600
494	1691.600
544	1691.600
564	1691.700
514	1691.900
444	1692.000
554	1692.000
614	1692.000
484	1692.100
584	1692.100
764	1692.200
44	1692.300
154	1692.400
424	1692.500
74	1692.600
324	1692.700
694	1692.800
84	1693.200
254	1693.200
414	1693.200
534	1693.300
64	1693.400
294	1693.400
704	1693.400
754	1693.400
144	1693.500
784	1693.500
54	1693.700
524	1693.700
334	1693.800
374	1694.000
194	1694.200
594	1694.300
724	1694.300
234	1694.400
454	1694.500
264	1694.600
344	1694.600
714	1694.700
504	1694.900
4	1695.000
224	1695.000
774	1695.000
624	1695.100
634	1695.400
24	1695.500
384	1695.800
184	1695.900
284	1696.300
604	1696.300
174	1696.400
744	1696.500
94	1696.700
124	1696.700
404	1696.700
434	1696.700
34	1696.900
274	1697.100
204	1697.200
164	1697.300
734	1697.300
304	1697.400
314	1697.400
364	1697.400
394	1697.400
674	1697.500
794	1697.500
214	1697.700
644	1697.700
664	1697.800
14	1697.900
464	1698.000
574	1698.100
654	1698.100
134	1698.200
244	1698.200
354	1698.200
474	1698.400
114	1698.600
544	1698.600
684	1698.600
104	1698.700
494	1698.700
564	1698.700
514	1698.900
554	1698.900
444	1699.000
484	1699.100
44	1699.500
74	1699.500
424	1699.500
584	1699.600
154	1699.700
614	1699.700
764	1699.700
324	1699.800
694	1700.000
84	1700.100
414	1700.100
534	1700.200
294	1700.300
704	1700.400
254	1700.500
144	1700.600
784	1700.600
54	1700.700
64	1700.800
334	1700.800
374	1700.800
754	1700.800
524	1700.900
234	1701.300
594	1701.300
454	1701.500
724	1701.500
194	1701.600
714	1701.600
344	1701.700
224	1701.800
264	1701.800
504	1701.800
774	1701.800
624	1701.900
24	1702.300
4	1702.400
184	1702.800
384	1702.900
634	1702.900
124	1703.500
174	1703.500
284	1703.500
604	1703.500
434	1703.600
744	1703.600
404	1703.700
34	1703.900
94	1703.900
204	1704.000
274	1704.100
364	1704.100
674	1704.200
304	1704.300
314	1704.300
394	1704.300
734	1704.400
164	1704.500
664	1704.500
644	1704.700
14	1704.800
214	1704.900
574	1704.900
654	1704.900
794	1704.900
464	1705.000
354	1705.200
134	1705.500
684	1705.500
114	1705.600
244	1705.600
564	1705.700
444	1705.800
494	1705.800
514	1705.800
544	1705.800
104	1706.000
474	1706.100
554	1706.100
484	1706.200
74	1706.500
324	1706.500
584	1706.500
44	1706.600
424	1706.600
154	1706.700
414	1706.700
764	1706.700
534	1707.000
614	1707.200
84	1707.300
294	1707.300
254	1707.400
704	1707.400
784	1707.400
144	1707.500
374	1707.500
694	1707.500
334	1707.600
754	1707.700
64	1707.800
54	1707.900
524	1708.000
234	1708.200
594	1708.200
454	1708.400
504	1708.400
714	1708.400
194	1708.600
224	1708.600
344	1708.700
624	1708.700
724	1708.700
774	1708.700
264	1708.900
4	1709.200
24	1709.200
634	1709.800
184	1710.000
384	1710.000
124	1710.300
404	1710.300
284	1710.500
604	1710.500
744	1710.500
174	1710.600
94	1710.700
434	1710.700
34	1710.900
204	1710.900
364	1710.900
274	1711.100
314	1711.100
674	1711.100
394	1711.200
164	1711.300
304	1711.300
664	1711.300
644	1711.500
734	1711.500
14	1711.800
574	1711.800
214	1711.900
464	1712.000
654	1712.000
794	1712.000
354	1712.200
684	1712.200
134	1712.500
444	1712.600
494	1712.600
564	1712.600
114	1712.700
244	1712.700
514	1712.700
544	1712.800
104	1712.900
74	1713.200
324	1713.200
474	1713.200
484	1713.200
554	1713.200
424	1713.300
584	1713.300
44	1713.500
414	1713.500
154	1713.700
764	1713.800
534	1713.900
254	1714.000
144	1714.100
84	1714.200
614	1714.200
374	1714.300
784	1714.300
294	1714.400
704	1714.400
334	1714.500
64	1714.700
694	1714.700
754	1714.700
54	1714.900
524	1714.900
234	1715.000
594	1715.000
224	1715.200
504	1715.200
454	1715.300
344	1715.400
714	1715.400
194	1715.600
624	1715.600
724	1715.600
4	1715.900
264	1715.900
24	1716.100
774	1716.100
634	1716.700
184	1717.000
384	1717.100
404	1717.100
604	1717.200
94	1717.300
124	1717.300
284	1717.400
174	1717.500
434	1717.500
364	1717.700
744	1717.700
204	1717.800
394	1717.900
674	1717.900
274	1718.000
314	1718.000
34	1718.100
164	1718.100
664	1718.100
304	1718.300
734	1718.300
644	1718.500
574	1718.600
14	1718.700
214	1718.800
354	1718.800
794	1718.800
654	1718.900
464	1719.100
494	1719.200
684	1719.200
134	1719.400
444	1719.400
514	1719.500
564	1719.500
104	1719.700
244	1719.700
114	1719.800
544	1719.800
74	1720.000
324	1720.000
484	1720.100
424	1720.200
554	1720.200
584	1720.200
44	1720.300
474	1720.300
414	1720.400
154	1720.500
144	1720.600
254	1720.900
614	1720.900
84	1721.000
534	1721.000
704	1721.000
784	1721.000
374	1721.100
764	1721.100
334	1721.300
64	1721.500
54	1721.600
524	1721.600
694	1721.600
754	1721.600
294	1721.700
234	1721.800
594	1721.800
454	1721.900
224	1722.000
504	1722.000
344	1722.100
724	1722.200
714	1722.300
194	1722.400
624	1722.500
4	1722.700
264	1722.900
24	1723.100
774	1723.200
634	1723.600
94	1723.800
184	1723.800
404	1723.900
174	1724.100
284	1724.100
384	1724.100
604	1724.100
124	1724.400
364	1724.400
744	1724.500
434	1724.700
674	1724.700
314	1724.800
394	1724.800
664	1724.900
34	1725.000
164	1725.000
204	1725.000
274	1725.000
574	1725.200
304	1725.300
644	1725.300
734	1725.300
354	1725.400
14	1725.500
214	1725.500
794	1725.600
654	1725.700
134	1726.100
494	1726.200
444	1726.300
464	1726.300
684	1726.300
514	1726.400
564	1726.400
104	1726.500
244	1726.600
544	1726.600
114	1726.900
324	1726.900
484	1726.900
554	1726.900
584	1726.900
74	1727.000
44	1727.100
424	1727.100
154	1727.200
414	1727.200
474	1727.200
144	1727.300
254	1727.600
704	1727.700
84	1727.800
614	1727.800
784	1727.800
334	1727.900
374	1728.000
534	1728.000
54	1728.200
64	1728.200
754	1728.200
524	1728.300
694	1728.300
764	1728.300
294	1728.500
234	1728.600
344	1728.600
594	1728.600
454	1728.700
224	1728.800
724	1728.800
504	1728.900
194	1729.000
714	1729.200
624	1729.300
4	1729.400
264	1729.600
24	1729.900
774	1730.100
94	1730.400
404	1730.600
634	1730.600
174	1730.700
184	1730.700
604	1730.700
284	1730.800
364	1730.900
384	1730.900
124	1731.300
394	1731.400
674	1731.500
744	1731.500
314	1731.600
664	1731.600
34	1731.700
164	1731.700
274	1731.700
204	1731.800
434	1731.800
574	1731.900
644	1732.000
214	1732.100
354	1732.100
734	1732.100
794	1732.200
14	1732.300
654	1732.400
304	1732.500
134	1732.800
494	1732.900
514	1733.000
684	1733.000
244	1733.100
464	1733.100
544	1733.100
444	1733.200
564	1733.400
104	1733.500
484	1733.500
554	1733.600
114	1733.700
584	1733.700
324	1733.800
74	1733.900
474	1733.900
44	1734.000
144	1734.000
154	1734.100
424	1734.100
414	1734.200
254	1734.300
704	1734.500
84	1734.600
334	1734.600
54	1734.700
614	1734.700
374	1734.800
754	1734.800
784	1734.800
534	1734.900
524	1735.000
64	1735.100
344	1735.100
764	1735.100
294	1735.200
594	1735.200
694	1735.200
234	1735.300
454	1735.400
224	1735.500
504	1735.500
724	1735.600
194	1735.700
4	1736.000
714	1736.000
264	1736.100
624	1736.200
774	1736.600
24	1736.800
94	1737.000
404	1737.100
604	1737.200
184	1737.400
364	1737.400
634	1737.400
174	1737.600
284	1737.600
384	1737.600
124	1737.900
314	1738.000
394	1738.000
744	1738.100
164	1738.200
664	1738.300
674	1738.300
204	1738.400
34	1738.500
274	1738.500
574	1738.600
434	1738.700
644	1738.700
734	1738.700
794	1738.700
214	1738.800
354	1739.100
654	1739.100
14	1739.200
134	1739.500
304	1739.500
514	1739.700
544	1739.700
244	1739.800
684	1739.800
494	1739.900
444	1740.000
464	1740.000
484	1740.100
564	1740.200
114	1740.300
554	1740.300
104	1740.500
584	1740.500
74	1740.700
44	1740.800
154	1740.800
324	1740.800
474	1740.800
424	1740.900
144	1741.000
254	1741.000
54	1741.100
704	1741.100
414	1741.200
614	1741.200
334	1741.300
84	1741.400
754	1741.500
374	1741.600
784	1741.600
344	1741.700
534	1741.700
764	1741.700
234	1741.800
524	1741.800
294	1742.000
454	1742.000
594	1742.000
64	1742.100
694	1742.200
194	1742.300
224	1742.300
504	1742.300
724	1742.400
4	1742.500
714	1742.600
264	1742.700
624	1742.800
774	1743.100
24	1743.400
604	1743.600
94	1743.700
404	1743.900
364	1744.000
284	1744.100
634	1744.100
174	1744.200
184	1744.200
384	1744.300
124	1744.500
314	1744.500
394	1744.700
164	1744.800
744	1744.800
204	1745.000
674	1745.000
34	1745.100
274	1745.100
664	1745.100
574	1745.300
644	1745.300
734	1745.300
214	1745.500
434	1745.500
794	1745.700
654	1745.800
14	1746.000
354	1746.000
304	1746.200
514	1746.200
134	1746.300
684	1746.300
244	1746.400
544	1746.400
464	1746.600
444	1746.700
114	1746.800
494	1746.800
564	1746.800
484	1746.900
44	1747.300
74	1747.300
554	1747.300
584	1747.300
474	1747.400
104	1747.500
154	1747.500
54	1747.600
324	1747.600
424	1747.600
144	1747.800
254	1747.800
704	1747.800
614	1747.900
334	1748.000
374	1748.000
414	1748.000
84	1748.100
754	1748.200
784	1748.200
764	1748.300
234	1748.400
344	1748.400
524	1748.500
294	1748.600
454	1748.700
534	1748.700
64	1748.800
504	1748.800
594	1748.900
724	1748.900
194	1749.000
694	1749.000
4	1749.100
224	1749.100
714	1749.100
264	1749.300
624	1749.400
774	1749.700
24	1750.000
604	1750.000
94	1750.400
404	1750.400
284	1750.600
364	1750.600
634	1750.600
184	1750.800
174	1751.100
314	1751.100
384	1751.100
124	1751.200
164	1751.400
34	1751.600
204	1751.600
274	1751.600
394	1751.600
744	1751.600
664	1751.800
574	1751.900
644	1751.900
674	1751.900
734	1752.100
214	1752.200
434	1752.400
654	1752.500
794	1752.600
354	1752.700
14	1752.800
684	1752.800
244	1753.000
304	1753.000
514	1753.000
134	1753.100
544	1753.200
114	1753.300
444	1753.400
464	1753.400
564	1753.500
484	1753.600
494	1753.700
554	1753.800
44	1754.100
74	1754.100
474	1754.100
104	1754.200
254	1754.200
584	1754.200
54	1754.300
324	1754.300
154	1754.400
374	1754.400
144	1754.500
424	1754.500
334	1754.600
84	1754.700
414	1754.800
614	1754.800
754	1754.800
704	1754.900
234	1755.000
764	1755.000
294	1755.100
344	1755.100
784	1755.100
454	1755.400
504	1755.400
724	1755.400
224	1755.500
524	1755.500
534	1755.600
694	1755.600
714	1755.600
594	1755.700
64	1755.800
4	1755.900
264	1755.900
624	1756.000
194	1756.100
604	1756.400
774	1756.400
24	1756.700
404	1757.000
94	1757.200
284	1757.200
364	1757.300
634	1757.300
184	1757.400
124	1757.700
174	1757.800
384	1757.800
314	1758.000
164	1758.100
34	1758.200
204	1758.200
274	1758.200
394	1758.300
644	1758.400
674	1758.400
744	1758.500
574	1758.600
664	1758.600
734	1758.700
214	1759.000
434	1759.000
654	1759.200
14	1759.300
794	1759.300
354	1759.400
244	1759.500
684	1759.500
514	1759.600
114	1759.700
304	1759.800
544	1759.800
134	1760.000
444	1760.000
484	1760.100
564	1760.200
464	1760.300
494	1760.500
554	1760.500
254	1760.700
44	1760.800
324	1760.800
74	1760.900
104	1760.900
144	1761.000
374	1761.000
474	1761.000
584	1761.000
54	1761.200
154	1761.300
84	1761.400
334	1761.400
414	1761.400
424	1761.400
754	1761.400
614	1761.600
344	1761.700
704	1761.700
294	1761.800
784	1761.800
224	1761.900
234	1761.900
504	1761.900
764	1761.900
724	1762.000
454	1762.200
64	1762.300
534	1762.300
594	1762.300
264	1762.400
524	1762.400
694	1762.400
714	1762.400
624	1762.600
4	1762.700
194	1762.800
604	1763.100
774	1763.100
24	1763.200
404	1763.500
284	1763.800
364	1763.800
184	1763.900
634	1763.900
94	1764.000
124	1764.100
384	1764.300
174	1764.400
34	1764.600
204	1764.700
314	1764.700
164	1764.800
274	1764.900
674	1764.900
644	1765.000
744	1765.100
394	1765.200
574	1765.200
734	1765.200
664	1765.300
434	1765.400
214	1765.700
654	1765.900
14	1766.000
354	1766.000
794	1766.000
684	1766.100
114	1766.200
244	1766.300
304	1766.300
514	1766.300
134	1766.600
484	1766.600
544	1766.600
444	1766.700
564	1766.800
464	1767.200
494	1767.200
254	1767.300
324	1767.300
554	1767.500
74	1767.600
104	1767.600
474	1767.600
44	1767.700
144	1767.700
374	1767.700
584	1767.900
154	1768.000
414	1768.000
84	1768.100
334	1768.100
424	1768.100
754	1768.100
54	1768.200
504	1768.300
614	1768.300
294	1768.400
344	1768.400
764	1768.500
234	1768.600
704	1768.600
784	1768.600
224	1768.700
724	1768.700
454	1768.800
64	1768.900
264	1768.900
594	1769.000
694	1769.000
714	1769.000
524	1769.200
4	1769.300
534	1769.400
624	1769.400
194	1769.500
774	1769.600
604	1769.800
24	1769.900
404	1770.200
184	1770.300
124	1770.500
364	1770.500
634	1770.500
94	1770.600
284	1770.600
384	1770.700
34	1771.100
174	1771.100
164	1771.200
204	1771.200
274	1771.400
314	1771.500
674	1771.500
644	1771.600
394	1771.700
574	1771.800
734	1771.800
434	1772.000
664	1772.100
744	1772.200
214	1772.400
654	1772.400
684	1772.400
354	1772.500
794	1772.500
14	1772.600
114	1772.700
514	1772.700
304	1772.800
244	1773.000
484	1773.200
134	1773.400
444	1773.400
544	1773.600
324	1773.700
564	1773.700
494	1773.800
254	1774.000
374	1774.100
464	1774.100
74	1774.200
554	1774.200
474	1774.300
44	1774.400
144	1774.400
754	1774.500
84	1774.600
104	1774.600
584	1774.600
154	1774.700
414	1774.700
424	1774.700
504	1774.800
234	1775.000
294	1775.000
334	1775.000
54	1775.100
344	1775.100
614	1775.100
764	1775.200
784	1775.200
224	1775.300
704	1775.300
724	1775.300
694	1775.400
454	1775.500
64	1775.600
264	1775.600
594	1775.600
714	1775.600
4	1775.900
524	1776.000
534	1776.100
624	1776.100
194	1776.200
774	1776.200
24	1776.500
404	1776.700
184	1776.800
604	1776.800
364	1777.000
634	1777.000
94	1777.100
124	1777.100
384	1777.200
284	1777.300
164	1777.600
174	1777.600
204	1777.600
34	1777.700
674	1777.900
274	1778.100
314	1778.200
394	1778.200
644	1778.200
574	1778.400
734	1778.400
664	1778.600
434	1778.700
654	1778.900
684	1779.000
744	1779.000
354	1779.100
794	1779.100
14	1779.200
214	1779.200
514	1779.200
114	1779.300
304	1779.300
244	1779.900
444	1780.000
484	1780.000
134	1780.200
324	1780.300
544	1780.400
494	1780.500
564	1780.500
254	1780.600
464	1780.700
74	1780.800
374	1780.900
144	1781.000
554	1781.000
44	1781.100
84	1781.100
474	1781.100
754	1781.100
424	1781.300
104	1781.400
154	1781.400
414	1781.400
584	1781.400
504	1781.500
294	1781.600
234	1781.700
54	1781.800
334	1781.800
344	1781.800
614	1781.800
784	1781.800
694	1781.900
704	1781.900
224	1782.000
764	1782.000
264	1782.100
454	1782.100
724	1782.100
64	1782.200
714	1782.200
594	1782.300
524	1782.500
4	1782.600
194	1782.700
624	1782.800
774	1782.800
534	1782.900
24	1783.100
404	1783.300
604	1783.300
184	1783.400
94	1783.600
124	1783.600
364	1783.600
634	1783.600
384	1783.900
174	1784.100
284	1784.100
34	1784.200
164	1784.200
204	1784.200
674	1784.400
314	1784.800
394	1784.800
734	1784.900
274	1785.000
574	1785.000
644	1785.000
664	1785.200
434	1785.400
654	1785.600
14	1785.700
744	1785.700
794	1785.700
304	1785.800
354	1785.800
684	1785.800
214	1785.900
514	1785.900
114	1786.000
244	1786.500
444	1786.800
484	1786.800
544	1786.900
134	1787.000
324	1787.000
494	1787.000
254	1787.200
74	1787.300
464	1787.400
564	1787.500
474	1787.600
374	1787.700
754	1787.700
84	1787.800
44	1787.900
554	1787.900
584	1787.900
104	1788.000
144	1788.000
154	1788.000
414	1788.000
424	1788.100
294	1788.200
504	1788.200
54	1788.300
614	1788.400
694	1788.400
704	1788.400
234	1788.500
334	1788.600
344	1788.600
764	1788.600
784	1788.600
64	1788.700
224	1788.700
264	1788.700
594	1788.700
454	1788.800
724	1788.800
524	1789.000
4	1789.200
714	1789.200
774	1789.200
194	1789.300
24	1789.500
624	1789.500
534	1789.800
604	1789.800
404	1790.000
94	1790.100
634	1790.100
184	1790.200
364	1790.200
124	1790.400
34	1790.600
164	1790.700
174	1790.700
384	1790.700
284	1790.800
674	1790.800
204	1790.900
394	1791.300
314	1791.500
574	1791.500
274	1791.600
734	1791.600
664	1791.700
644	1791.800
434	1792.000
14	1792.200
304	1792.300
744	1792.300
794	1792.300
354	1792.500
514	1792.500
654	1792.600
684	1792.600
114	1792.700
214	1792.700
244	1793.000
544	1793.400
494	1793.600
444	1793.700
134	1793.800
324	1793.800
74	1793.900
484	1793.900
254	1794.000
474	1794.100
374	1794.200
464	1794.200
564	1794.200
754	1794.300
584	1794.500
84	1794.600
154	1794.600
44	1794.700
104	1794.700
424	1794.700
144	1794.800
504	1794.800
554	1794.800
294	1794.900
54	1795.000
64	1795.100
704	1795.100
614	1795.200
694	1795.200
764	1795.200
234	1795.300
334	1795.300
414	1795.300
224	1795.400
264	1795.400
344	1795.400
524	1795.400
594	1795.400
784	1795.400
454	1795.600
4	1795.700
724	1795.700
194	1795.900
714	1795.900
774	1795.900
24	1796.100
624	1796.200
94	1796.500
604	1796.500
404	1796.700
534	1796.700
364	1796.900
634	1796.900
184	1797.000
34	1797.200
124	1797.200
284	1797.300
204	1797.400
164	1797.500
174	1797.500
384	1797.500
394	1797.700
674	1797.700
314	1798.100
664	1798.200
274	1798.300
574	1798.300
644	1798.400
434	1798.600
734	1798.700
794	1798.800
744	1798.900
14	1799.000
304	1799.200
514	1799.200
654	1799.200
114	1799.300
354	1799.300
684	1799.300
214	1799.500
244	1799.500
544	1800.000
494	1800.100
134	1800.400
74	1800.500
444	1800.500
484	1800.600
324	1800.700
474	1800.700
374	1800.800
464	1800.800
254	1800.900
564	1800.900
754	1801.000
154	1801.100
584	1801.200
104	1801.300
554	1801.300
44	1801.500
84	1801.500
144	1801.500
294	1801.500
504	1801.500
424	1801.600
54	1801.700
614	1801.800
704	1801.800
764	1801.800
64	1801.900
334	1801.900
224	1802.000
234	1802.000
524	1802.000
344	1802.100
454	1802.200
694	1802.200
784	1802.200
264	1802.300
594	1802.300
4	1802.400
414	1802.400
774	1802.500
714	1802.700
724	1802.700
24	1802.800
194	1802.800
94	1802.900
624	1802.900
604	1803.200
534	1803.300
364	1803.400
404	1803.400
634	1803.500
184	1803.700
34	1803.800
124	1803.800
284	1803.800
384	1804.100
394	1804.100
164	1804.200
204	1804.200
674	1804.300
174	1804.500
314	1804.600
664	1804.800
274	1804.900
574	1804.900
644	1805.000
434	1805.200
794	1805.300
14	1805.500
734	1805.600
744	1805.600
114	1805.800
304	1805.800
514	1805.800
654	1805.900
354	1806.000
684	1806.000
214	1806.100
244	1806.100
544	1806.600
494	1806.700
74	1807.000
444	1807.100
134	1807.300
474	1807.400
484	1807.400
564	1807.400
464	1807.500
374	1807.600
754	1807.600
254	1807.800
324	1807.800
584	1808.000
104	1808.100
154	1808.100
554	1808.100
84	1808.200
144	1808.200
424	1808.200
294	1808.300
704	1808.300
44	1808.500
614	1808.500
54	1808.600
64	1808.600
334	1808.600
344	1808.600
504	1808.600
224	1808.700
524	1808.700
764	1808.700
694	1808.800
234	1808.900
454	1808.900
4	1809.100
264	1809.100
414	1809.200
594	1809.200
774	1809.200
784	1809.200
714	1809.400
624	1809.500
24	1809.600
94	1809.600
724	1809.600
194	1809.800
364	1809.900
534	1810.000
604	1810.000
404	1810.100
634	1810.200
34	1810.400
184	1810.400
284	1810.400
124	1810.700
384	1810.700
394	1810.700
674	1810.800
164	1810.900
204	1811.000
314	1811.200
174	1811.300
664	1811.300
574	1811.400
644	1811.400
274	1811.600
434	1811.700
794	1811.900
744	1812.000
14	1812.200
114	1812.400
304	1812.500
514	1812.500
684	1812.500
734	1812.500
214	1812.600
354	1812.600
654	1812.600
244	1812.700
494	1813.400
544	1813.400
74	1813.700
444	1813.800
564	1813.900
474	1814.000
484	1814.000
134	1814.100
464	1814.300
754	1814.400
374	1814.500
324	1814.600
254	1814.700
84	1814.800
144	1814.800
104	1814.900
424	1814.900
554	1815.000
584	1815.000
704	1815.000
294	1815.100
154	1815.200
334	1815.200
344	1815.200
54	1815.300
614	1815.300
64	1815.400
224	1815.400
694	1815.400
764	1815.400
44	1815.600
524	1815.600
234	1815.700
414	1815.700
454	1815.700
504	1815.700
264	1815.800
594	1815.900
4	1816.000
774	1816.000
714	1816.200
724	1816.200
94	1816.300
364	1816.300
624	1816.300
24	1816.400
784	1816.400
534	1816.600
604	1816.600
194	1816.800
404	1816.800
634	1816.900
284	1817.000
124	1817.100
34	1817.200
184	1817.200
394	1817.200
384	1817.300
164	1817.400
674	1817.600
644	1817.800
174	1817.900
204	1817.900
314	1817.900
574	1817.900
664	1818.100
434	1818.300
274	1818.400
744	1818.500
794	1818.500
14	1819.000
114	1819.000
304	1819.000
684	1819.000
214	1819.100
354	1819.200
244	1819.300
514	1819.300
654	1819.300
734	1819.400
544	1820.000
494	1820.100
444	1820.300
474	1820.400
74	1820.500
484	1820.500
564	1820.500
134	1820.800
754	1821.200
324	1821.300
464	1821.300
144	1821.500
84	1821.600
374	1821.600
424	1821.700
104	1821.800
254	1821.800
554	1821.800
54	1821.900
344	1821.900
584	1821.900
154	1822.000
294	1822.000
334	1822.000
704	1822.000
224	1822.100
694	1822.100
64	1822.200
614	1822.200
764	1822.200
414	1822.300
44	1822.400
234	1822.500
264	1822.500
454	1822.500
594	1822.500
504	1822.600
774	1822.600
524	1822.800
714	1822.800
724	1822.800
364	1822.900
784	1822.900
4	1823.000
624	1823.000
94	1823.100
534	1823.200
604	1823.200
24	1823.400
124	1823.500
404	1823.500
194	1823.600
284	1823.600
634	1823.700
184	1823.800
394	1823.800
34	1823.900
164	1824.100
384	1824.100
644	1824.300
174	1824.500
204	1824.500
314	1824.500
674	1824.500
574	1824.600
664	1824.600
274	1825.000
434	1825.000
744	1825.100
794	1825.400
214	1825.500
304	1825.600
684	1825.600
114	1825.700
14	1825.800
244	1825.800
354	1825.900
514	1825.900
654	1826.000
734	1826.100
544	1826.500
444	1826.800
494	1826.800
484	1826.900
474	1827.000
74	1827.200
564	1827.300
134	1827.600
324	1827.800
754	1828.000
144	1828.200
464	1828.200
84	1828.300
374	1828.300
54	1828.600
154	1828.600
424	1828.600
104	1828.700
254	1828.700
294	1828.800
554	1828.800
584	1828.800
334	1828.900
344	1828.900
614	1828.900
694	1828.900
704	1828.900
64	1829.000
764	1829.000
44	1829.100
224	1829.100
414	1829.100
504	1829.100
234	1829.200
264	1829.200
454	1829.200
594	1829.200
774	1829.300
4	1829.500
714	1829.500
784	1829.500
724	1829.600
624	1829.700
524	1829.800
364	1829.900
604	1829.900
94	1830.000
24	1830.100
124	1830.100
534	1830.100
194	1830.200
284	1830.200
404	1830.200
634	1830.200
184	1830.300
394	1830.300
34	1830.600
164	1830.600
384	1830.700
644	1831.000
174	1831.100
314	1831.100
674	1831.100
204	1831.200
574	1831.200
664	1831.200
434	1831.700
274	1831.800
744	1831.800
684	1832.100
114	1832.200
214	1832.200
304	1832.200
14	1832.400
514	1832.400
794	1832.400
244	1832.500
734	1832.500
654	1832.600
354	1832.700
544	1833.200
484	1833.500
444	1833.600
494	1833.700
74	1833.800
474	1833.800
564	1834.200
324	1834.400
134	1834.600
144	1834.900
464	1835.000
84	1835.100
754	1835.200
374	1835.300
154	1835.400
254	1835.400
54	1835.500
104	1835.500
424	1835.500
294	1835.600
414	1835.600
504	1835.600
554	1835.600
584	1835.600
614	1835.600
44	1835.700
64	1835.700
334	1835.700
694	1835.800
234	1835.900
344	1835.900
764	1835.900
264	1836.000
594	1836.000
224	1836.100
454	1836.100
704	1836.100
4	1836.200
774	1836.200
784	1836.200
624	1836.300
714	1836.300
724	1836.500
24	1836.600
634	1836.600
94	1836.700
524	1836.700
604	1836.700
184	1836.800
284	1836.800
364	1836.800
404	1836.800
124	1836.900
534	1836.900
194	1837.000
394	1837.100
34	1837.200
164	1837.300
384	1837.300
174	1837.600
314	1837.600
204	1837.700
644	1837.700
664	1837.900
674	1837.900
574	1838.100
744	1838.200
434	1838.500
274	1838.700
304	1838.700
684	1838.700
14	1838.900
114	1838.900
734	1838.900
214	1839.000
514	1839.000
654	1839.000
244	1839.200
794	1839.300
354	1839.400
544	1840.100
444	1840.200
484	1840.200
74	1840.400
474	1840.500
494	1840.500
324	1841.100
564	1841.200
134	1841.300
144	1841.500
464	1841.800
254	1841.900
374	1842.000
754	1842.000
84	1842.100
154	1842.100
104	1842.200
414	1842.200
424	1842.200
554	1842.200
64	1842.300
504	1842.300
614	1842.300
44	1842.400
54	1842.400
334	1842.400
584	1842.400
294	1842.600
694	1842.700
224	1842.800
234	1842.800
264	1842.800
4	1842.900
454	1842.900
624	1842.900
704	1842.900
774	1842.900
784	1842.900
594	1843.000
764	1843.000
714	1843.100
724	1843.100
344	1843.200
634	1843.300
24	1843.400
94	1843.500
284	1843.500
524	1843.500
534	1843.600
124	1843.700
184	1843.700
364	1843.700
404	1843.700
194	1843.800
394	1843.800
604	1843.900
384	1844.000
34	1844.100
164	1844.100
204	1844.100
174	1844.300
314	1844.300
644	1844.400
664	1844.500
674	1844.500
574	1844.700
744	1844.800
434	1845.100
274	1845.300
304	1845.300
684	1845.400
734	1845.400
514	1845.500
654	1845.500
14	1845.600
214	1845.700
114	1845.900
354	1845.900
794	1846.000
244	1846.200
544	1846.800
474	1846.900
484	1846.900
444	1847.000
74	1847.100
494	1847.300
134	1848.000
564	1848.000
144	1848.100
324	1848.100
464	1848.500
254	1848.600
504	1848.700
424	1848.800
154	1848.900
334	1848.900
374	1848.900
554	1848.900
754	1848.900
84	1849.000
104	1849.000
64	1849.100
614	1849.100
44	1849.200
414	1849.200
584	1849.200
694	1849.300
54	1849.400
294	1849.400
224	1849.500
234	1849.500
264	1849.600
454	1849.700
624	1849.700
704	1849.700
4	1849.800
774	1849.800
784	1849.800
344	1849.900
724	1849.900
714	1850.000
764	1850.000
24	1850.100
94	1850.200
284	1850.200
534	1850.200
594	1850.200
184	1850.300
524	1850.300
634	1850.300
394	1850.400
124	1850.500
364	1850.500
404	1850.500
194	1850.600
604	1850.700
164	1850.800
384	1850.800
204	1850.900
664	1850.900
174	1851.000
314	1851.000
34	1851.100
644	1851.200
574	1851.300
674	1851.300
744	1851.600
434	1851.800
274	1851.900
734	1851.900
14	1852.000
304	1852.000
684	1852.000
214	1852.200
514	1852.200
654	1852.200
354	1852.500
794	1852.600
114	1852.700
244	1852.900
474	1853.500
544	1853.600
74	1853.700
484	1853.700
444	1853.800
494	1854.000
134	1854.600
144	1854.700
564	1854.800
324	1854.900
464	1855.100
504	1855.400
254	1855.500
424	1855.500
554	1855.500
334	1855.600
374	1855.600
754	1855.600
154	1855.700
84	1855.800
614	1855.800
104	1855.900
694	1855.900
44	1856.000
584	1856.000
294	1856.100
414	1856.100
54	1856.300
64	1856.300
224	1856.300
234	1856.300
454	1856.300
704	1856.400
344	1856.500
774	1856.500
4	1856.600
264	1856.700
624	1856.700
764	1856.700
24	1856.800
184	1856.900
714	1856.900
784	1856.900
524	1857.000
534	1857.000
94	1857.100
284	1857.100
394	1857.100
404	1857.100
724	1857.100
594	1857.200
194	1857.300
604	1857.300
634	1857.300
124	1857.400
364	1857.400
384	1857.500
664	1857.500
34	1857.600
204	1857.600
164	1857.700
174	1857.700
314	1857.800
574	1857.900
674	1857.900
644	1858.000
744	1858.200
274	1858.400
734	1858.400
434	1858.500
14	1858.600
684	1858.600
654	1858.700
514	1858.800
214	1858.900
304	1858.900
794	1859.100
354	1859.200
114	1859.300
244	1859.400
474	1860.100
74	1860.300
544	1860.300
444	1860.700
484	1860.700
494	1860.800
134	1861.300
144	1861.500
464	1861.800
564	1861.800
324	1862.000
504	1862.000
254	1862.200
424	1862.300
554	1862.300
154	1862.400
334	1862.400
374	1862.400
754	1862.400
614	1862.500
694	1862.600
84	1862.800
104	1862.800
294	1862.800
584	1862.800
44	1862.900
64	1863.100
344	1863.100
414	1863.100
454	1863.100
54	1863.200
224	1863.200
234	1863.200
764	1863.300
704	1863.400
774	1863.400
4	1863.500
264	1863.600
24	1863.700
184	1863.700
404	1863.700
624	1863.700
714	1863.700
94	1863.800
284	1863.800
394	1863.800
524	1863.800
534	1863.800
784	1863.800
724	1863.900
384	1864.000
594	1864.000
604	1864.000
124	1864.100
194	1864.100
634	1864.200
664	1864.200
364	1864.300
174	1864.400
644	1864.400
34	1864.500
164	1864.500
204	1864.500
314	1864.500
674	1864.600
574	1864.700
274	1864.900
744	1864.900
734	1865.000
654	1865.100
684	1865.100
434	1865.200
14	1865.300
214	1865.400
514	1865.400
304	1865.600
794	1865.600
354	1865.800
114	1865.900
244	1865.900
474	1866.500
74	1867.000
544	1867.000
444	1867.400
484	1867.600
494	1867.600
134	1868.000
144	1868.200
464	1868.500
504	1868.700
564	1868.700
424	1869.000
554	1869.000
374	1869.100
254	1869.200
324	1869.200
754	1869.200
154	1869.300
334	1869.300
694	1869.300
294	1869.500
614	1869.500
344	1869.700
584	1869.700
84	1869.800
104	1869.800
44	1869.900
54	1869.900
414	1869.900
224	1870.000
64	1870.100
234	1870.100
454	1870.100
774	1870.100
764	1870.200
704	1870.300
4	1870.400
94	1870.400
404	1870.400
394	1870.500
534	1870.500
604	1870.500
264	1870.600
624	1870.600
714	1870.600
724	1870.600
784	1870.600
284	1870.700
524	1870.700
594	1870.700
24	1870.800
184	1870.900
364	1870.900
384	1870.900
634	1870.900
174	1871.000
194	1871.000
314	1871.100
644	1871.100
664	1871.100
34	1871.300
124	1871.300
164	1871.300
204	1871.400
674	1871.400
274	1871.500
684	1871.600
744	1871.600
574	1871.700
654	1871.800
734	1871.800
214	1871.900
14	1872.100
434	1872.200
514	1872.200
794	1872.200
304	1872.300
354	1872.400
114	1872.600
244	1872.600
474	1873.100
74	1873.700
544	1873.700
494	1874.200
444	1874.300
484	1874.300
134	1874.900
144	1874.900
464	1875.200
554	1875.400
424	1875.600
564	1875.700
374	1875.800
504	1875.800
324	1875.900
334	1876.100
694	1876.100
154	1876.200
614	1876.200
754	1876.200
254	1876.300
344	1876.300
294	1876.400
584	1876.500
104	1876.600
44	1876.700
54	1876.700
84	1876.700
414	1876.700
774	1876.800
224	1876.900
64	1877.000
454	1877.000
4	1877.100
724	1877.100
234	1877.200
394	1877.200
404	1877.200
604	1877.200
764	1877.200
94	1877.300
264	1877.300
284	1877.400
534	1877.400
704	1877.400
784	1877.400
624	1877.500
714	1877.500
524	1877.600
594	1877.600
634	1877.600
24	1877.700
384	1877.700
314	1877.800
364	1877.800
174	1877.900
194	1877.900
644	1877.900
34	1878.000
124	1878.100
164	1878.100
184	1878.200
274	1878.200
664	1878.200
674	1878.200
204	1878.300
744	1878.300
574	1878.400
214	1878.500
654	1878.500
684	1878.500
734	1878.600
434	1878.800
794	1878.800
14	1878.900
114	1879.000
304	1879.000
354	1879.000
244	1879.100
514	1879.100
474	1879.700
74	1880.500
544	1880.600
494	1880.800
484	1880.900
444	1881.200
134	1881.400
144	1881.500
464	1881.900
424	1882.100
554	1882.200
324	1882.500
504	1882.500
694	1882.800
374	1882.900
614	1882.900
254	1883.000
564	1883.000
754	1883.000
294	1883.200
334	1883.200
344	1883.200
154	1883.300
414	1883.300
84	1883.400
584	1883.400
104	1883.500
774	1883.500
64	1883.600
44	1883.700
724	1883.700
264	1883.800
394	1883.800
4	1883.900
54	1883.900
224	1883.900
454	1883.900
94	1884.000
604	1884.000
534	1884.100
234	1884.200
284	1884.200
404	1884.200
624	1884.200
704	1884.200
764	1884.200
594	1884.300
784	1884.300
384	1884.400
524	1884.400
714	1884.400
634	1884.500
24	1884.600
314	1884.600
124	1884.700
174	1884.700
194	1884.700
644	1884.900
164	1885.000
364	1885.000
674	1885.000
34	1885.100
184	1885.100
274	1885.100
684	1885.100
744	1885.100
574	1885.200
654	1885.300
204	1885.400
214	1885.400
794	1885.400
114	1885.500
664	1885.500
734	1885.500
304	1885.600
354	1885.600
434	1885.600
14	1885.800
244	1885.800
514	1885.800
474	1886.300
544	1887.300
74	1887.400
484	1887.400
494	1887.700
444	1887.800
144	1888.000
134	1888.100
464	1888.800
424	1888.900
554	1889.000
324	1889.200
504	1889.400
614	1889.600
254	1889.700
694	1889.800
374	1889.900
414	1889.900
564	1889.900
334	1890.000
754	1890.000
294	1890.100
154	1890.200
584	1890.200
44	1890.300
104	1890.300
344	1890.300
64	1890.400
84	1890.400
394	1890.400
724	1890.500
774	1890.500
264	1890.600
54	1890.700
454	1890.700
604	1890.700
224	1890.800
4	1890.900
94	1890.900
234	1890.900
284	1890.900
624	1891.000
764	1891.000
784	1891.000
534	1891.100
594	1891.100
404	1891.200
704	1891.200
384	1891.300
24	1891.400
124	1891.400
524	1891.400
634	1891.400
174	1891.500
714	1891.500
194	1891.600
314	1891.600
644	1891.600
184	1891.700
744	1891.700
34	1891.800
164	1891.800
274	1891.800
684	1891.800
364	1891.900
114	1892.000
674	1892.000
574	1892.100
214	1892.200
354	1892.200
664	1892.200
794	1892.200
204	1892.300
654	1892.300
734	1892.300
14	1892.400
244	1892.400
304	1892.400
434	1892.400
514	1892.500
474	1893.000
484	1893.900
544	1893.900
74	1894.300
444	1894.300
494	1894.400
144	1894.500
134	1895.000
464	1895.400
424	1895.800
324	1896.000
554	1896.000
504	1896.200
614	1896.400
254	1896.500
414	1896.500
694	1896.600
154	1896.700
374	1896.700
564	1896.800
584	1896.900
754	1896.900
44	1897.000
294	1897.000
334	1897.000
104	1897.100
394	1897.100
64	1897.200
344	1897.200
84	1897.300
264	1897.300
604	1897.300
724	1897.300
774	1897.400
234	1897.500
54	1897.600
224	1897.600
284	1897.600
784	1897.600
4	1897.800
454	1897.800
534	1897.800
624	1897.800
634	1897.800
764	1897.800
404	1897.900
94	1898.000
124	1898.000
594	1898.000
704	1898.000
174	1898.100
194	1898.100
24	1898.200
384	1898.200
184	1898.300
714	1898.300
34	1898.400
524	1898.400
644	1898.400
684	1898.400
114	1898.500
274	1898.500
314	1898.500
744	1898.500
164	1898.800
354	1898.800
364	1898.800
14	1898.900
204	1898.900
244	1898.900
574	1898.900
664	1898.900
214	1899.000
434	1899.000
674	1899.000
794	1899.000
514	1899.100
734	1899.100
654	1899.200
304	1899.400
474	1899.500
484	1900.500
544	1900.500
444	1900.800
74	1900.900
144	1901.000
494	1901.200
134	1901.700
464	1902.200
424	1902.700
554	1902.700
324	1902.800
504	1902.800
614	1902.900
414	1903.000
154	1903.200
254	1903.200
374	1903.300
694	1903.400
584	1903.600
754	1903.600
64	1903.700
334	1903.700
564	1903.700
44	1903.800
394	1903.800
104	1903.900
294	1903.900
344	1904.000
724	1904.000
234	1904.100
264	1904.100
284	1904.100
784	1904.100
774	1904.200
604	1904.300
124	1904.400
224	1904.400
634	1904.400
764	1904.400
4	1904.500
54	1904.500
84	1904.500
534	1904.500
194	1904.600
404	1904.600
704	1904.600
174	1904.700
454	1904.700
624	1904.700
24	1904.800
94	1904.800
384	1904.900
594	1904.900
684	1904.900
714	1905.000
34	1905.100
644	1905.100
114	1905.200
524	1905.200
744	1905.200
184	1905.300
204	1905.400
274	1905.400
314	1905.400
354	1905.400
664	1905.400
14	1905.500
574	1905.500
244	1905.600
364	1905.600
674	1905.600
164	1905.700
434	1905.700
514	1905.700
734	1905.700
794	1905.700
214	1905.800
654	1905.900
304	1906.000
474	1906.000
484	1906.800
544	1907.100
74	1907.300
144	1907.300
444	1907.600
494	1907.900
134	1908.300
464	1908.700
504	1909.300
154	1909.400
414	1909.400
424	1909.400
554	1909.400
614	1909.400
324	1909.600
254	1909.800
374	1909.800
694	1910.100
64	1910.200
754	1910.200
584	1910.300
104	1910.500
234	1910.500
334	1910.500
394	1910.500
564	1910.500
44	1910.600
284	1910.600
344	1910.600
724	1910.600
264	1910.700
294	1910.700
784	1910.700
54	1910.900
124	1910.900
404	1910.900
534	1910.900
634	1910.900
764	1910.900
84	1911.000
224	1911.000
604	1911.000
774	1911.000
194	1911.100
4	1911.200
94	1911.200
704	1911.200
24	1911.300
454	1911.300
624	1911.300
684	1911.300
174	1911.500
714	1911.500
384	1911.600
524	1911.700
594	1911.700
644	1911.700
34	1911.800
184	1911.800
354	1911.800
744	1911.800
14	1911.900
114	1911.900
204	1911.900
664	1911.900
314	1912.000
574	1912.000
674	1912.000
734	1912.000
274	1912.100
514	1912.100
164	1912.200
244	1912.200
364	1912.200
434	1912.300
794	1912.300
654	1912.400
214	1912.500
304	1912.500
474	1912.900
484	1913.100
144	1913.600
74	1913.800
544	1913.800
494	1914.100
444	1914.200
134	1914.500
464	1915.300
414	1915.600
504	1915.600
154	1915.800
554	1915.900
614	1915.900
374	1916.100
424	1916.100
254	1916.300
324	1916.500
694	1916.500
64	1916.600
584	1916.700
754	1916.800
104	1916.900
234	1917.000
284	1917.000
334	1917.000
564	1917.000
44	1917.100
394	1917.100
724	1917.100
264	1917.200
294	1917.200
784	1917.200
54	1917.300
344	1917.300
404	1917.300
534	1917.300
94	1917.400
124	1917.400
604	1917.400
634	1917.400
764	1917.400
84	1917.500
194	1917.500
684	1917.500
24	1917.600
224	1917.600
4	1917.700
774	1917.700
454	1917.800
714	1917.800
174	1917.900
624	1917.900
524	1918.000
704	1918.000
184	1918.100
644	1918.100
354	1918.200
384	1918.200
734	1918.200
14	1918.300
34	1918.300
204	1918.300
574	1918.300
664	1918.300
744	1918.300
114	1918.400
594	1918.400
244	1918.500
274	1918.500
364	1918.500
514	1918.500
674	1918.500
164	1918.600
314	1918.600
434	1918.600
794	1918.600
654	1918.700
304	1918.800
214	1918.900
474	1919.300
484	1919.400
144	1919.800
74	1920.100
544	1920.300
494	1920.400
444	1920.600
134	1920.700
464	1921.700
414	1921.900
504	1922.000
154	1922.200
554	1922.200
614	1922.200
374	1922.400
424	1922.700
64	1922.900
254	1922.900
324	1922.900
694	1922.900
584	1923.000
104	1923.200
754	1923.200
284	1923.300
334	1923.300
564	1923.300
44	1923.400
294	1923.400
394	1923.400
234	1923.500
94	1923.600
404	1923.600
724	1923.600
54	1923.700
124	1923.700
534	1923.700
684	1923.700
194	1923.800
264	1923.800
604	1923.800
24	1923.900
84	1923.900
634	1923.900
764	1923.900
344	1924.000
784	1924.000
4	1924.100
224	1924.100
714	1924.100
774	1924.100
454	1924.300
174	1924.400
624	1924.400
644	1924.400
704	1924.400
184	1924.500
524	1924.500
14	1924.600
34	1924.600
354	1924.600
384	1924.600
734	1924.600
204	1924.700
364	1924.700
574	1924.700
594	1924.700
664	1924.700
744	1924.700
274	1924.800
514	1924.800
674	1924.800
794	1924.800
114	1924.900
164	1924.900
244	1924.900
314	1924.900
434	1925.000
654	1925.000
304	1925.200
214	1925.300
474	1925.600
484	1925.600
144	1925.900
74	1926.300
494	1926.500
544	1926.500
134	1926.900
444	1926.900
464	1927.900
414	1928.200
504	1928.300
154	1928.400
614	1928.400
554	1928.500
374	1928.600
424	1929.000
64	1929.100
254	1929.200
324	1929.300
584	1929.300
694	1929.300
754	1929.400
104	1929.500
284	1929.500
294	1929.600
334	1929.600
44	1929.700
234	1929.700
394	1929.700
564	1929.700
54	1929.900
94	1929.900
264	1929.900
404	1929.900
534	1929.900
684	1929.900
724	1929.900
194	1930.000
604	1930.000
84	1930.100
24	1930.200
124	1930.200
634	1930.200
764	1930.200
714	1930.300
4	1930.400
224	1930.400
774	1930.400
344	1930.500
784	1930.500
174	1930.600
184	1930.600
454	1930.600
644	1930.600
704	1930.600
624	1930.700
14	1930.800
734	1930.800
34	1930.900
274	1930.900
354	1930.900
514	1930.900
524	1930.900
744	1930.900
204	1931.000
364	1931.000
384	1931.000
594	1931.000
664	1931.000
794	1931.000
164	1931.100
574	1931.100
674	1931.100
114	1931.200
244	1931.200
314	1931.200
434	1931.200
654	1931.200
214	1931.500
304	1931.500
474	1931.600
484	1931.600
144	1931.900
74	1932.300
494	1932.500
544	1932.700
134	1932.900
444	1933.100
464	1934.000
414	1934.400
614	1934.400
504	1934.500
154	1934.600
374	1934.600
554	1934.600
424	1935.200
64	1935.300
254	1935.400
324	1935.400
584	1935.400
104	1935.600
284	1935.600
334	1935.600
694	1935.600
754	1935.600
294	1935.700
564	1935.800
44	1935.900
234	1935.900
394	1935.900
684	1935.900
54	1936.000
94	1936.000
264	1936.000
404	1936.000
194	1936.100
534	1936.100
604	1936.100
724	1936.100
84	1936.200
24	1936.300
634	1936.300
714	1936.300
4	1936.400
764	1936.400
124	1936.500
224	1936.500
774	1936.500
644	1936.600
174	1936.700
184	1936.700
704	1936.700
784	1936.700
454	1936.800
624	1936.800
14	1936.900
344	1936.900
734	1936.900
34	1937.000
274	1937.000
744	1937.000
204	1937.100
354	1937.100
574	1937.100
794	1937.100
164	1937.200
314	1937.200
364	1937.200
384	1937.200
434	1937.200
514	1937.200
524	1937.200
594	1937.200
654	1937.200
664	1937.200
114	1937.300
244	1937.300
674	1937.300
214	1937.500
304	1937.600
484	1937.600
474	1937.700
144	1938.000
74	1938.300
494	1938.500
544	1938.800
134	1938.900
444	1939.200
464	1940.100
614	1940.400
414	1940.500
374	1940.600
154	1940.700
554	1940.700
504	1940.800
64	1941.300
424	1941.400
254	1941.500
324	1941.500
584	1941.500
104	1941.700
334	1941.700
694	1941.700
754	1941.700
284	1941.800
294	1941.800
234	1941.900
564	1941.900
684	1941.900
44	1942.000
94	1942.000
394	1942.000
404	1942.000
54	1942.100
264	1942.100
534	1942.100
84	1942.200
604	1942.200
724	1942.200
24	1942.300
194	1942.300
714	1942.300
4	1942.400
634	1942.400
644	1942.500
764	1942.500
124	1942.600
184	1942.600
774	1942.600
174	1942.700
224	1942.700
704	1942.700
624	1942.800
784	1942.800
274	1942.900
734	1942.900
14	1943.000
34	1943.000
454	1943.000
744	1943.000
344	1943.100
354	1943.100
794	1943.100
164	1943.200
204	1943.200
314	1943.200
434	1943.200
514	1943.200
574	1943.200
654	1943.200
664	1943.200
114	1943.300
364	1943.300
384	1943.300
524	1943.300
594	1943.300
214	1943.400
244	1943.400
674	1943.400
304	1943.600
474	1943.600
484	1943.700
144	1944.000
74	1944.200
494	1944.400
134	1944.800
544	1944.800
444	1945.200
464	1946.100
614	1946.300
374	1946.500
414	1946.500
554	1946.600
154	1946.700
504	1947.000
64	1947.200
254	1947.400
324	1947.400
424	1947.500
584	1947.500
104	1947.700
334	1947.700
694	1947.700
754	1947.700
284	1947.800
294	1947.800
684	1947.800
94	1947.900
234	1947.900
404	1947.900
564	1947.900
44	1948.000
394	1948.000
54	1948.100
84	1948.100
264	1948.100
534	1948.100
714	1948.100
24	1948.200
604	1948.200
724	1948.200
4	1948.300
194	1948.300
634	1948.300
644	1948.400
184	1948.500
764	1948.500
124	1948.600
774	1948.600
174	1948.700
224	1948.700
624	1948.700
704	1948.700
784	1948.700
274	1948.800
734	1948.800
744	1948.900
14	1949.000
34	1949.000
794	1949.000
164	1949.100
204	1949.100
314	1949.100
354	1949.100
434	1949.100
654	1949.100
114	1949.200
344	1949.200
364	1949.200
454	1949.200
514	1949.200
574	1949.200
664	1949.200
214	1949.300
384	1949.300
524	1949.300
594	1949.300
244	1949.400
674	1949.400
474	1949.500
304	1949.600
484	1949.600
144	1950.000
74	1950.100
494	1950.300
134	1950.600
544	1950.800
444	1951.100
464	1952.100
614	1952.200
374	1952.300
414	1952.400
554	1952.500
154	1952.600
64	1953.100
504	1953.100
254	1953.300
324	1953.300
584	1953.400
424	1953.500
334	1953.600
104	1953.700
284	1953.700
694	1953.700
754	1953.700
94	1953.800
294	1953.800
564	1953.800
684	1953.800
234	1953.900
404	1953.900
714	1953.900
24	1954.000
44	1954.000
54	1954.000
84	1954.000
394	1954.000
534	1954.000
264	1954.100
604	1954.100
634	1954.100
724	1954.100
4	1954.200
644	1954.200
184	1954.300
194	1954.300
764	1954.400
624	1954.500
124	1954.600
174	1954.600
774	1954.600
784	1954.600
224	1954.700
274	1954.700
704	1954.700
734	1954.700
744	1954.800
794	1954.800
14	1954.900
434	1954.900
34	1955.000
164	1955.000
204	1955.000
314	1955.000
354	1955.000
574	1955.000
654	1955.000
114	1955.100
214	1955.100
344	1955.100
364	1955.100
514	1955.100
664	1955.100
454	1955.200
674	1955.200
244	1955.300
384	1955.300
524	1955.300
594	1955.300
474	1955.400
304	1955.500
484	1955.500
74	1955.900
144	1955.900
494	1956.100
134	1956.400
544	1956.600
444	1956.900
464	1958.000
614	1958.000
374	1958.100
414	1958.300
554	1958.400
154	1958.500
64	1959.000
504	1959.000
254	1959.200
324	1959.200
424	1959.300
584	1959.300
334	1959.500
754	1959.500
104	1959.600
284	1959.600
94	1959.700
564	1959.700
684	1959.700
694	1959.700
714	1959.700
24	1959.800
84	1959.800
234	1959.800
294	1959.800
44	1959.900
54	1959.900
394	1959.900
404	1959.900
604	1959.900
634	1959.900
264	1960.000
534	1960.000
644	1960.000
724	1960.000
4	1960.100
184	1960.100
194	1960.200
624	1960.400
764	1960.400
784	1960.400
124	1960.500
174	1960.500
274	1960.500
224	1960.600
704	1960.600
734	1960.600
774	1960.600
794	1960.600
14	1960.700
434	1960.700
744	1960.700
34	1960.900
114	1960.900
164	1960.900
204	1960.900
214	1960.900
314	1960.900
354	1960.900
514	1960.900
574	1960.900
654	1960.900
664	1960.900
364	1961.000
674	1961.000
344	1961.100
244	1961.200
384	1961.200
454	1961.200
474	1961.200
524	1961.200
594	1961.200
304	1961.400
484	1961.400
74	1961.700
144	1961.800
494	1961.900
134	1962.200
544	1962.400
444	1962.700
464	1963.800
614	1963.800
374	1963.900
414	1964.100
554	1964.200
154	1964.400
64	1964.900
504	1964.900
254	1965.000
324	1965.000
584	1965.100
424	1965.200
334	1965.300
104	1965.400
284	1965.400
754	1965.400
94	1965.500
714	1965.500
24	1965.600
84	1965.600
684	1965.600
694	1965.600
54	1965.700
234	1965.700
294	1965.700
564	1965.700
604	1965.700
634	1965.700
44	1965.800
264	1965.800
394	1965.800
404	1965.800
644	1965.800
4	1965.900
184	1965.900
724	1965.900
534	1966.000
194	1966.100
124	1966.300
174	1966.300
274	1966.300
624	1966.300
784	1966.300
704	1966.400
734	1966.400
764	1966.400
794	1966.400
434	1966.500
774	1966.500
14	1966.600
224	1966.600
744	1966.600
34	1966.700
114	1966.700
164	1966.700
204	1966.700
214	1966.700
514	1966.700
664	1966.700
314	1966.800
354	1966.800
574	1966.800
654	1966.800
674	1966.800
364	1966.900
344	1967.000
384	1967.000
474	1967.000
244	1967.100
454	1967.100
524	1967.100
594	1967.100
304	1967.300
484	1967.300
74	1967.500
494	1967.600
144	1967.700
134	1968.000
544	1968.300
444	1968.500
614	1969.600
374	1969.700
464	1969.700
414	1970.000
554	1970.000
154	1970.200
64	1970.700
254	1970.800
504	1970.800
584	1970.800
324	1970.900
424	1971.000
104	1971.200
284	1971.200
334	1971.200
714	1971.200
754	1971.200
94	1971.300
24	1971.400
84	1971.400
634	1971.400
684	1971.400
694	1971.400
54	1971.500
234	1971.500
294	1971.500
604	1971.500
644	1971.500
264	1971.600
394	1971.600
404	1971.600
564	1971.600
4	1971.700
44	1971.700
184	1971.700
724	1971.700
534	1971.800
194	1971.900
124	1972.100
174	1972.100
274	1972.100
784	1972.100
434	1972.200
624	1972.200
734	1972.200
794	1972.200
704	1972.300
764	1972.300
774	1972.300
114	1972.400
744	1972.400
14	1972.500
34	1972.500
164	1972.500
204	1972.500
214	1972.500
224	1972.500
514	1972.500
314	1972.600
574	1972.600
654	1972.600
664	1972.600
674	1972.600
354	1972.700
364	1972.800
384	1972.800
474	1972.800
244	1972.900
344	1972.900
524	1972.900
594	1972.900
454	1973.000
304	1973.100
484	1973.100
74	1973.300
494	1973.400
144	1973.500
134	1973.700
544	1974.200
444	1974.300
614	1975.400
374	1975.500
464	1975.700
414	1975.900
554	1975.900
154	1976.000
64	1976.500
254	1976.600
584	1976.600
324	1976.700
504	1976.700
424	1976.800
104	1977.000
284	1977.000
714	1977.000
754	1977.000
84	1977.100
94	1977.100
334	1977.100
634	1977.100
24	1977.200
684	1977.200
54	1977.300
294	1977.300
644	1977.300
694	1977.300
234	1977.400
404	1977.400
564	1977.400
604	1977.400
4	1977.500
184	1977.500
264	1977.500
394	1977.500
44	1977.600
534	1977.600
724	1977.600
194	1977.700
124	1977.900
174	1977.900
434	1977.900
784	1977.900
274	1978.000
624	1978.000
734	1978.000
794	1978.000
704	1978.100
764	1978.100
114	1978.200
744	1978.200
774	1978.200
14	1978.300
34	1978.300
164	1978.300
204	1978.300
214	1978.300
514	1978.300
224	1978.400
314	1978.400
574	1978.400
654	1978.400
674	1978.400
664	1978.500
354	1978.600
384	1978.600
474	1978.600
244	1978.700
364	1978.700
524	1978.700
594	1978.700
344	1978.800
484	1978.800
304	1978.900
454	1978.900
74	1979.100
494	1979.200
144	1979.300
134	1979.400
444	1980.000
544	1980.000
614	1981.100
374	1981.300
464	1981.600
414	1981.700
554	1981.700
154	1981.800
64	1982.300
254	1982.400
584	1982.400
324	1982.500
424	1982.600
504	1982.600
104	1982.800
284	1982.800
714	1982.800
754	1982.800
24	1982.900
84	1982.900
634	1982.900
94	1983.000
334	1983.000
684	1983.000
54	1983.100
294	1983.100
644	1983.100
694	1983.100
184	1983.200
234	1983.200
564	1983.200
604	1983.200
4	1983.300
394	1983.300
404	1983.300
44	1983.400
264	1983.400
534	1983.400
724	1983.400
194	1983.500
174	1983.700
434	1983.700
124	1983.800
274	1983.800
624	1983.800
734	1983.800
784	1983.800
794	1983.800
114	1983.900
34	1984.000
214	1984.000
704	1984.000
744	1984.000
764	1984.000
14	1984.100
164	1984.100
204	1984.100
314	1984.100
514	1984.100
654	1984.100
674	1984.100
774	1984.100
574	1984.200
224	1984.300
664	1984.300
354	1984.400
384	1984.400
474	1984.400
364	1984.500
484	1984.500
244	1984.600
344	1984.600
524	1984.600
594	1984.600
304	1984.700
454	1984.800
74	1984.900
144	1985.000
494	1985.000
134	1985.100
444	1985.700
544	1985.800
614	1986.900
374	1987.000
414	1987.400
464	1987.400
554	1987.500
154	1987.600
64	1988.100
254	1988.200
584	1988.200
324	1988.400
424	1988.400
504	1988.500
104	1988.600
284	1988.600
714	1988.600
754	1988.600
24	1988.700
84	1988.700
634	1988.700
644	1988.800
684	1988.800
54	1988.900
94	1988.900
294	1988.900
334	1988.900
184	1989.000
234	1989.000
604	1989.000
694	1989.000
4	1989.100
394	1989.100
404	1989.100
564	1989.100
44	1989.200
194	1989.300
264	1989.300
534	1989.300
724	1989.300
174	1989.500
434	1989.500
114	1989.600
274	1989.600
624	1989.600
734	1989.600
124	1989.700
784	1989.700
794	1989.700
34	1989.800
214	1989.800
704	1989.800
744	1989.800
764	1989.800
14	1989.900
204	1989.900
314	1989.900
514	1989.900
654	1989.900
674	1989.900
164	1990.000
574	1990.000
774	1990.000
224	1990.100
474	1990.100
664	1990.100
354	1990.200
384	1990.200
484	1990.200
244	1990.400
344	1990.400
364	1990.400
524	1990.400
594	1990.400
304	1990.500
74	1990.700
454	1990.700
134	1990.800
144	1990.800
494	1990.800
444	1991.400
544	1991.700
374	1992.700
614	1992.700
414	1993.200
464	1993.200
554	1993.300
154	1993.400
64	1993.900
254	1994.000
584	1994.000
324	1994.200
424	1994.200
104	1994.300
504	1994.300
24	1994.400
284	1994.400
634	1994.400
714	1994.400
754	1994.400
84	1994.500
644	1994.500
684	1994.600
54	1994.700
294	1994.700
334	1994.700
4	1994.800
94	1994.800
184	1994.800
234	1994.800
604	1994.800
694	1994.800
394	1994.900
404	1994.900
564	1994.900
44	1995.000
194	1995.100
264	1995.100
534	1995.100
174	1995.200
724	1995.200
434	1995.300
734	1995.300
114	1995.400
274	1995.400
624	1995.400
124	1995.500
784	1995.500
794	1995.500
34	1995.600
214	1995.600
744	1995.600
764	1995.600
14	1995.700
204	1995.700
314	1995.700
514	1995.700
654	1995.700
674	1995.700
704	1995.700
164	1995.800
474	1995.800
574	1995.800
224	1995.900
354	1995.900
664	1995.900
774	1995.900
484	1996.000
384	1996.100
244	1996.200
364	1996.200
524	1996.200
594	1996.200
304	1996.300
344	1996.300
74	1996.400
134	1996.600
144	1996.600
454	1996.600
494	1996.600
444	1997.200
544	1997.500
614	1998.400
374	1998.500
414	1999.000
464	1999.000
554	1999.000
154	1999.100
64	1999.600
254	1999.700
584	1999.800
104	2000.000
324	2000.000
424	2000.000
