# NEST version: UNKNOWN
# RecordingBackendASCII version: 2
sender	time_ms	V_m
802	1.000	-79.320
802	2.000	-78.040
802	3.000	-76.893
802	4.000	-75.914
802	5.000	-75.069
802	6.000	-74.332
802	7.000	-73.682
802	8.000	-73.104
802	9.000	-72.586
802	10.000	-72.119
802	11.000	-71.694
802	12.000	-71.305
802	13.000	-70.948
802	14.000	-70.618
802	15.000	-70.312
802	16.000	-70.027
802	17.000	-69.761
802	18.000	-69.512
802	19.000	-69.278
802	20.000	-69.059
802	21.000	-68.852
802	22.000	-68.657
802	23.000	-68.473
802	24.000	-68.299
802	25.000	-68.135
802	26.000	-67.979
802	27.000	-67.586
802	28.000	-67.204
802	29.000	-66.888
802	30.000	-66.627
802	31.000	-66.409
802	32.000	-66.227
802	33.000	-66.075
802	34.000	-65.657
802	35.000	-65.091
802	36.000	-64.601
802	37.000	-64.225
802	38.000	-63.849
802	39.000	-63.379
802	40.000	-63.030
802	41.000	-62.747
802	42.000	-62.302
802	43.000	-61.983
802	44.000	-61.762
802	45.000	-61.620
802	46.000	-61.539
802	47.000	-61.419
802	48.000	-61.175
802	49.000	-61.020
802	50.000	-60.935
802	51.000	-60.905
802	52.000	-60.887
802	53.000	-60.504
802	54.000	-60.149
802	55.000	-59.918
802	56.000	-59.784
802	57.000	-59.726
802	58.000	-59.728
802	59.000	-59.776
802	60.000	-59.859
802	61.000	-59.729
802	62.000	-59.651
802	63.000	-59.375
802	64.000	-59.212
802	65.000	-59.137
802	66.000	-59.131
802	67.000	-59.178
802	68.000	-59.236
802	69.000	-58.962
802	70.000	-58.682
802	71.000	-58.522
802	72.000	-58.455
802	73.000	-58.461
802	74.000	-58.524
802	75.000	-58.629
802	76.000	-58.767
802	77.000	-58.930
802	78.000	-59.109
802	79.000	-59.301
802	80.000	-59.500
802	81.000	-59.465
802	82.000	-59.463
802	83.000	-59.510
802	84.000	-59.595
802	85.000	-59.709
802	86.000	-59.844
802	87.000	-59.995
802	88.000	-60.156
802	89.000	-60.324
802	90.000	-60.497
802	91.000	-60.671
802	92.000	-60.844
802	93.000	-61.016
802	94.000	-61.185
802	95.000	-61.350
802	96.000	-61.511
802	97.000	-61.444
802	98.000	-61.375
802	99.000	-61.354
802	100.000	-61.369
802	101.000	-61.413
802	102.000	-61.362
802	103.000	-61.201
802	104.000	-61.109
802	105.000	-61.072
802	106.000	-61.079
802	107.000	-61.118
802	108.000	-61.183
802	109.000	-61.267
802	110.000	-61.366
802	111.000	-61.474
802	112.000	-61.590
802	113.000	-61.565
802	114.000	-61.449
802	115.000	-61.391
802	116.000	-61.377
802	117.000	-61.399
802	118.000	-61.447
802	119.000	-61.516
802	120.000	-61.601
802	121.000	-61.696
802	122.000	-61.528
802	123.000	-61.284
802	124.000	-60.757
802	125.000	-60.365
802	126.000	-60.103
802	127.000	-59.944
802	128.000	-59.865
802	129.000	-59.791
802	130.000	-59.575
802	131.000	-59.455
802	132.000	-59.412
802	133.000	-59.166
802	134.000	-59.027
802	135.000	-58.888
802	136.000	-58.602
802	137.000	-58.238
802	138.000	-58.017
802	139.000	-57.908
802	140.000	-57.886
802	141.000	-57.932
802	142.000	-57.797
802	143.000	-57.734
802	144.000	-57.429
802	145.000	-57.074
802	146.000	-56.871
802	147.000	-56.786
802	148.000	-56.792
802	149.000	-56.870
802	150.000	-57.002
802	151.000	-57.040
802	152.000	-57.023
802	153.000	-56.851
802	154.000	-56.768
802	155.000	-56.777
802	156.000	-56.855
802	157.000	-56.988
802	158.000	-57.162
802	159.000	-57.366
802	160.000	-57.408
802	161.000	-57.208
802	162.000	-57.100
802	163.000	-57.086
802	164.000	-57.145
802	165.000	-57.260
802	166.000	-57.418
802	167.000	-57.607
802	168.000	-57.565
802	169.000	-57.598
802	170.000	-57.425
802	171.000	-57.116
802	172.000	-56.948
802	173.000	-56.889
802	174.000	-56.915
802	175.000	-56.951
802	176.000	-56.854
802	177.000	-56.851
802	178.000	-56.920
802	179.000	-57.045
802	180.000	-57.213
802	181.000	-57.411
802	182.000	-57.290
802	183.000	-56.884
802	184.000	-56.113
802	185.000	-55.602
802	186.000	-55.292
802	187.000	-54.964
802	188.000	-54.494
802	189.000	-54.075
802	190.000	-53.763
802	191.000	-53.622
802	192.000	-53.421
802	193.000	-53.326
802	194.000	-53.303
802	195.000	-53.206
802	196.000	-53.236
802	197.000	-53.362
802	198.000	-53.561
802	199.000	-53.715
802	200.000	-53.798
802	201.000	-53.859
802	202.000	-53.817
802	203.000	-53.699
802	204.000	-53.707
802	205.000	-53.813
802	206.000	-53.993
802	207.000	-54.230
802	208.000	-54.508
802	209.000	-54.816
802	210.000	-55.146
802	211.000	-55.488
802	212.000	-55.838
802	213.000	-56.192
802	214.000	-56.489
802	215.000	-56.601
802	216.000	-56.762
802	217.000	-56.959
802	218.000	-57.101
802	219.000	-57.111
802	220.000	-57.080
802	221.000	-56.754
802	222.000	-56.554
802	223.000	-56.474
802	224.000	-56.487
802	225.000	-56.573
802	226.000	-56.713
802	227.000	-56.895
802	228.000	-57.052
802	229.000	-57.048
802	230.000	-57.115
802	231.000	-57.237
802	232.000	-57.240
802	233.000	-57.218
802	234.000	-57.269
802	235.000	-57.377
802	236.000	-57.321
802	237.000	-57.299
802	238.000	-57.351
802	239.000	-57.402
802	240.000	-57.312
802	241.000	-57.310
802	242.000	-57.169
802	243.000	-57.084
802	244.000	-57.088
802	245.000	-57.002
802	246.000	-56.914
802	247.000	-56.917
802	248.000	-56.857
802	249.000	-56.765
802	250.000	-56.609
802	251.000	-56.471
802	252.000	-56.439
802	253.000	-56.226
802	254.000	-55.854
802	255.000	-55.430
802	256.000	-54.973
802	257.000	-54.712
802	258.000	-54.574
802	259.000	-54.347
802	260.000	-54.239
802	261.000	-54.039
802	262.000	-53.982
802	263.000	-54.035
802	264.000	-54.529
802	265.000	-55.202
802	266.000	-55.800
802	267.000	-56.158
802	268.000	-56.442
802	269.000	-56.531
802	270.000	-56.629
802	271.000	-56.778
802	272.000	-56.521
802	273.000	-56.097
802	274.000	-55.852
802	275.000	-55.744
802	276.000	-55.743
802	277.000	-55.823
802	278.000	-55.966
802	279.000	-56.156
802	280.000	-56.381
802	281.000	-56.361
802	282.000	-55.948
802	283.000	-55.711
802	284.000	-55.611
802	285.000	-55.616
802	286.000	-55.585
802	287.000	-55.827
802	288.000	-56.069
802	289.000	-56.223
802	290.000	-56.278
802	291.000	-56.314
802	292.000	-56.253
802	293.000	-56.283
802	294.000	-56.383
802	295.000	-56.378
802	296.000	-56.359
802	297.000	-56.421
802	298.000	-56.516
802	299.000	-56.443
802	300.000	-56.306
802	301.000	-56.185
802	302.000	-56.170
802	303.000	-56.129
802	304.000	-56.035
802	305.000	-56.042
802	306.000	-56.126
802	307.000	-56.269
802	308.000	-56.457
802	309.000	-56.678
802	310.000	-56.923
802	311.000	-57.185
802	312.000	-57.457
802	313.000	-57.504
802	314.000	-57.377
802	315.000	-57.300
802	316.000	-57.308
802	317.000	-57.130
802	318.000	-57.063
802	319.000	-57.024
802	320.000	-56.870
802	321.000	-56.822
802	322.000	-56.857
802	323.000	-56.956
802	324.000	-57.104
802	325.000	-57.288
802	326.000	-57.499
802	327.000	-57.729
802	328.000	-57.889
802	329.000	-57.904
802	330.000	-57.768
802	331.000	-57.682
802	332.000	-57.623
802	333.000	-57.446
802	334.000	-57.375
802	335.000	-57.387
802	336.000	-57.464
802	337.000	-57.590
802	338.000	-57.388
802	339.000	-56.879
802	340.000	-56.339
802	341.000	-56.001
802	342.000	-55.820
802	343.000	-55.583
802	344.000	-55.416
802	345.000	-55.373
802	346.000	-55.424
802	347.000	-55.547
802	348.000	-55.727
802	349.000	-55.724
802	350.000	-55.781
802	351.000	-55.907
802	352.000	-56.084
802	353.000	-56.301
802	354.000	-56.545
802	355.000	-56.810
802	356.000	-57.088
802	357.000	-57.374
802	358.000	-57.664
802	359.000	-57.870
802	360.000	-57.921
802	361.000	-58.024
802	362.000	-57.871
802	363.000	-57.600
802	364.000	-57.455
802	365.000	-57.354
802	366.000	-57.147
802	367.000	-57.056
802	368.000	-57.056
802	369.000	-57.126
802	370.000	-57.091
802	371.000	-57.040
802	372.000	-57.071
802	373.000	-57.007
802	374.000	-56.935
802	375.000	-56.950
802	376.000	-56.850
802	377.000	-56.777
802	378.000	-56.553
802	379.000	-56.196
802	380.000	-56.000
802	381.000	-55.927
802	382.000	-55.951
802	383.000	-56.049
802	384.000	-55.958
802	385.000	-55.811
802	386.000	-55.689
802	387.000	-55.649
802	388.000	-55.261
802	389.000	-54.923
802	390.000	-54.615
802	391.000	-54.469
802	392.000	-54.397
802	393.000	-54.075
802	394.000	-53.860
802	395.000	-53.982
802	396.000	-54.314
802	397.000	-54.658
802	398.000	-54.859
802	399.000	-54.640
802	400.000	-54.458
802	401.000	-54.412
802	402.000	-54.469
802	403.000	-54.606
802	404.000	-54.775
802	405.000	-54.455
802	406.000	-54.151
802	407.000	-54.013
802	408.000	-54.004
802	409.000	-54.093
802	410.000	-54.259
802	411.000	-54.481
802	412.000	-54.745
802	413.000	-55.041
802	414.000	-55.358
802	415.000	-55.689
802	416.000	-56.201
802	417.000	-57.021
802	418.000	-57.533
802	419.000	-57.690
802	420.000	-57.852
802	421.000	-58.039
802	422.000	-58.243
802	423.000	-58.375
802	424.000	-58.279
802	425.000	-58.008
802	426.000	-57.691
802	427.000	-57.512
802	428.000	-57.006
802	429.000	-56.620
802	430.000	-56.151
802	431.000	-55.624
802	432.000	-55.199
802	433.000	-54.821
802	434.000	-54.621
802	435.000	-54.319
802	436.000	-54.182
802	437.000	-54.171
802	438.000	-53.870
802	439.000	-53.650
802	440.000	-53.581
802	441.000	-53.628
802	442.000	-53.764
802	443.000	-53.819
802	444.000	-53.872
802	445.000	-53.985
802	446.000	-53.958
802	447.000	-54.034
802	448.000	-54.190
802	449.000	-54.232
802	450.000	-54.294
802	451.000	-54.436
802	452.000	-54.639
802	453.000	-54.888
802	454.000	-55.170
802	455.000	-55.475
802	456.000	-55.797
802	457.000	-56.128
802	458.000	-56.464
802	459.000	-56.772
802	460.000	-56.862
802	461.000	-57.003
802	462.000	-57.101
802	463.000	-57.077
802	464.000	-57.128
802	465.000	-57.237
802	466.000	-57.390
802	467.000	-57.576
802	468.000	-57.786
802	469.000	-58.013
802	470.000	-58.251
802	471.000	-58.495
802	472.000	-58.743
802	473.000	-58.991
802	474.000	-59.237
802	475.000	-59.218
802	476.000	-59.057
802	477.000	-58.662
802	478.000	-58.414
802	479.000	-58.280
802	480.000	-58.099
802	481.000	-57.716
802	482.000	-57.416
802	483.000	-57.251
802	484.000	-57.192
802	485.000	-57.215
802	486.000	-57.302
802	487.000	-57.381
802	488.000	-56.901
802	489.000	-56.512
802	490.000	-56.289
802	491.000	-56.193
802	492.000	-56.197
802	493.000	-56.121
802	494.000	-55.918
802	495.000	-55.328
802	496.000	-54.873
802	497.000	-54.612
802	498.000	-54.352
802	499.000	-53.868
802	500.000	-53.286
802	501.000	-52.605
802	502.000	-52.194
802	503.000	-51.992
802	504.000	-51.723
802	505.000	-51.634
802	506.000	-51.682
802	507.000	-51.786
802	508.000	-51.521
802	509.000	-51.266
802	510.000	-51.191
802	511.000	-51.254
802	512.000	-51.424
802	513.000	-51.674
802	514.000	-51.986
802	515.000	-52.342
802	516.000	-52.730
802	517.000	-53.139
802	518.000	-53.561
802	519.000	-53.863
802	520.000	-54.085
802	521.000	-54.353
802	522.000	-54.654
802	523.000	-54.980
802	524.000	-55.099
802	525.000	-55.258
802	526.000	-55.466
802	527.000	-55.712
802	528.000	-55.985
802	529.000	-56.276
802	530.000	-56.580
802	531.000	-56.757
802	532.000	-56.849
802	533.000	-56.993
802	534.000	-57.175
802	535.000	-57.385
802	536.000	-57.588
802	537.000	-57.585
802	538.000	-57.647
802	539.000	-57.678
802	540.000	-57.411
802	541.000	-56.918
802	542.000	-56.395
802	543.000	-56.042
802	544.000	-55.631
802	545.000	-55.398
802	546.000	-55.303
802	547.000	-55.315
802	548.000	-55.410
802	549.000	-55.567
802	550.000	-55.642
802	551.000	-55.514
802	552.000	-55.408
802	553.000	-55.129
802	554.000	-54.797
802	555.000	-54.632
802	556.000	-54.597
802	557.000	-54.661
802	558.000	-54.801
802	559.000	-55.000
802	560.000	-55.242
802	561.000	-55.294
802	562.000	-55.398
802	563.000	-55.563
802	564.000	-55.774
802	565.000	-56.019
802	566.000	-56.289
802	567.000	-56.575
802	568.000	-56.714
802	569.000	-56.803
802	570.000	-56.810
802	571.000	-56.771
802	572.000	-56.813
802	573.000	-56.918
802	574.000	-57.070
802	575.000	-57.259
802	576.000	-57.473
802	577.000	-57.597
802	578.000	-57.613
802	579.000	-57.691
802	580.000	-57.816
802	581.000	-57.976
802	582.000	-58.163
802	583.000	-58.368
802	584.000	-58.586
802	585.000	-58.812
802	586.000	-59.043
802	587.000	-59.275
802	588.000	-59.506
802	589.000	-59.595
802	590.000	-59.588
802	591.000	-59.630
802	592.000	-59.711
802	593.000	-59.654
802	594.000	-59.559
802	595.000	-59.534
802	596.000	-59.563
802	597.000	-59.418
802	598.000	-59.308
802	599.000	-59.134
802	600.000	-58.930
802	601.000	-58.825
802	602.000	-58.687
802	603.000	-58.489
802	604.000	-58.393
802	605.000	-58.377
802	606.000	-58.423
802	607.000	-58.488
802	608.000	-58.367
802	609.000	-58.332
802	610.000	-58.364
802	611.000	-58.447
802	612.000	-58.569
802	613.000	-58.721
802	614.000	-58.894
802	615.000	-59.082
802	616.000	-59.281
802	617.000	-59.487
802	618.000	-59.582
802	619.000	-59.553
802	620.000	-59.522
802	621.000	-59.341
802	622.000	-59.251
802	623.000	-58.995
802	624.000	-58.827
802	625.000	-58.752
802	626.000	-58.748
802	627.000	-58.801
802	628.000	-58.896
802	629.000	-59.024
802	630.000	-59.177
802	631.000	-59.346
802	632.000	-59.528
802	633.000	-59.660
802	634.000	-59.604
802	635.000	-59.393
802	636.000	-59.233
802	637.000	-59.159
802	638.000	-59.154
802	639.000	-59.202
802	640.000	-59.290
802	641.000	-59.408
802	642.000	-59.550
802	643.000	-59.708
802	644.000	-59.638
802	645.000	-59.494
802	646.000	-59.282
802	647.000	-59.169
802	648.000	-59.133
802	649.000	-59.156
802	650.000	-59.226
802	651.000	-59.332
802	652.000	-59.463
802	653.000	-59.615
802	654.000	-59.780
802	655.000	-59.954
802	656.000	-59.968
802	657.000	-59.838
802	658.000	-59.606
802	659.000	-59.474
802	660.000	-59.421
802	661.000	-59.429
802	662.000	-59.484
802	663.000	-59.576
802	664.000	-59.555
802	665.000	-59.464
802	666.000	-59.442
802	667.000	-59.335
802	668.000	-58.707
802	669.000	-58.234
802	670.000	-57.929
802	671.000	-57.757
802	672.000	-57.479
802	673.000	-57.286
802	674.000	-57.205
802	675.000	-57.211
802	676.000	-57.284
802	677.000	-57.409
802	678.000	-57.573
802	679.000	-57.766
802	680.000	-57.979
802	681.000	-58.207
802	682.000	-58.444
802	683.000	-58.629
802	684.000	-58.628
802	685.000	-58.683
802	686.000	-58.782
802	687.000	-58.855
802	688.000	-58.765
802	689.000	-58.750
802	690.000	-58.793
802	691.000	-58.882
802	692.000	-59.004
802	693.000	-59.152
802	694.000	-59.290
802	695.000	-59.215
802	696.000	-59.208
802	697.000	-59.254
802	698.000	-59.065
802	699.000	-58.725
802	700.000	-58.519
802	701.000	-58.359
802	702.000	-57.853
802	703.000	-57.260
802	704.000	-56.874
802	705.000	-56.648
802	706.000	-56.547
802	707.000	-56.544
802	708.000	-56.616
802	709.000	-56.746
802	710.000	-56.919
802	711.000	-56.942
802	712.000	-56.829
802	713.000	-56.697
802	714.000	-56.668
802	715.000	-56.719
802	716.000	-56.831
802	717.000	-56.990
802	718.000	-57.185
802	719.000	-57.404
802	720.000	-57.642
802	721.000	-57.892
802	722.000	-58.149
802	723.000	-58.325
802	724.000	-58.348
802	725.000	-58.424
802	726.000	-58.541
802	727.000	-58.689
802	728.000	-58.696
802	729.000	-58.661
802	730.000	-58.690
802	731.000	-58.769
802	732.000	-58.884
802	733.000	-59.028
802	734.000	-59.193
802	735.000	-59.372
802	736.000	-59.561
802	737.000	-59.756
802	738.000	-59.762
802	739.000	-59.741
802	740.000	-59.532
802	741.000	-59.205
802	742.000	-58.932
802	743.000	-58.775
802	744.000	-58.435
802	745.000	-57.734
802	746.000	-56.782
802	747.000	-56.106
802	748.000	-55.667
802	749.000	-55.412
802	750.000	-55.101
802	751.000	-54.801
802	752.000	-54.523
802	753.000	-54.402
802	754.000	-54.013
802	755.000	-53.724
802	756.000	-53.602
802	757.000	-53.555
802	758.000	-53.055
802	759.000	-52.692
802	760.000	-52.522
802	761.000	-52.501
802	762.000	-52.594
802	763.000	-52.776
802	764.000	-53.024
802	765.000	-53.321
802	766.000	-53.655
802	767.000	-54.014
802	768.000	-54.389
802	769.000	-54.775
802	770.000	-55.165
802	771.000	-55.554
802	772.000	-55.941
802	773.000	-56.322
802	774.000	-56.695
802	775.000	-57.058
802	776.000	-57.411
802	777.000	-57.753
802	778.000	-57.828
802	779.000	-57.789
802	780.000	-57.728
802	781.000	-57.745
802	782.000	-57.822
802	783.000	-57.945
802	784.000	-58.103
802	785.000	-58.286
802	786.000	-58.488
802	787.000	-58.702
802	788.000	-58.689
802	789.000	-58.711
802	790.000	-58.783
802	791.000	-58.894
802	792.000	-59.034
802	793.000	-58.982
802	794.000	-58.948
802	795.000	-58.975
802	796.000	-58.756
802	797.000	-58.417
802	798.000	-58.103
802	799.000	-57.592
802	800.000	-57.013
802	801.000	-56.571
802	802.000	-56.305
802	803.000	-56.045
802	804.000	-55.809
802	805.000	-55.708
802	806.000	-55.557
802	807.000	-55.280
802	808.000	-55.063
802	809.000	-54.983
802	810.000	-54.768
802	811.000	-54.693
802	812.000	-54.726
802	813.000	-54.841
802	814.000	-55.021
802	815.000	-55.247
802	816.000	-55.482
802	817.000	-55.530
802	818.000	-55.651
802	819.000	-55.827
802	820.000	-56.045
802	821.000	-56.293
802	822.000	-56.562
802	823.000	-56.712
802	824.000	-56.785
802	825.000	-56.914
802	826.000	-57.085
802	827.000	-57.287
802	828.000	-57.513
802	829.000	-57.754
802	830.000	-57.949
802	831.000	-57.714
802	832.000	-57.086
802	833.000	-56.674
802	834.000	-56.431
802	835.000	-56.319
802	836.000	-56.309
802	837.000	-56.295
802	838.000	-55.770
802	839.000	-55.382
802	840.000	-55.169
802	841.000	-55.091
802	842.000	-55.118
802	843.000	-55.226
802	844.000	-55.396
802	845.000	-55.612
802	846.000	-55.863
802	847.000	-56.031
802	848.000	-56.100
802	849.000	-56.232
802	850.000	-56.412
802	851.000	-56.572
802	852.000	-56.576
802	853.000	-56.653
802	854.000	-56.787
802	855.000	-56.963
802	856.000	-57.170
802	857.000	-57.120
802	858.000	-56.928
802	859.000	-56.601
802	860.000	-56.423
802	861.000	-56.362
802	862.000	-56.390
802	863.000	-56.433
802	864.000	-56.101
802	865.000	-55.924
802	866.000	-55.867
802	867.000	-55.904
802	868.000	-56.012
802	869.000	-56.069
802	870.000	-56.051
802	871.000	-55.960
802	872.000	-55.879
802	873.000	-55.896
802	874.000	-55.859
802	875.000	-55.795
802	876.000	-55.697
802	877.000	-55.588
802	878.000	-55.559
802	879.000	-55.404
802	880.000	-55.368
802	881.000	-55.425
802	882.000	-55.554
802	883.000	-55.737
802	884.000	-55.961
802	885.000	-56.011
802	886.000	-56.005
802	887.000	-55.913
802	888.000	-55.922
802	889.000	-56.009
802	890.000	-56.155
802	891.000	-56.122
802	892.000	-56.152
802	893.000	-56.253
802	894.000	-56.409
802	895.000	-56.605
802	896.000	-56.832
802	897.000	-57.080
802	898.000	-57.342
802	899.000	-57.614
802	900.000	-57.890
802	901.000	-58.168
802	902.000	-58.388
802	903.000	-58.416
802	904.000	-58.496
802	905.000	-58.260
802	906.000	-57.723
802	907.000	-57.375
802	908.000	-57.174
802	909.000	-57.088
802	910.000	-57.091
802	911.000	-57.163
802	912.000	-57.288
802	913.000	-57.453
802	914.000	-57.648
802	915.000	-57.679
802	916.000	-57.698
802	917.000	-57.777
802	918.000	-57.902
802	919.000	-58.062
802	920.000	-58.247
802	921.000	-58.451
802	922.000	-58.667
802	923.000	-58.891
802	924.000	-59.119
802	925.000	-59.348
802	926.000	-59.577
802	927.000	-59.803
802	928.000	-59.884
802	929.000	-59.868
802	930.000	-59.729
802	931.000	-59.076
802	932.000	-58.604
802	933.000	-58.297
802	934.000	-58.120
802	935.000	-58.043
802	936.000	-58.045
802	937.000	-58.108
802	938.000	-58.218
802	939.000	-58.362
802	940.000	-58.534
802	941.000	-58.512
802	942.000	-58.506
802	943.000	-58.558
802	944.000	-58.439
802	945.000	-58.107
802	946.000	-57.912
802	947.000	-57.823
802	948.000	-57.633
802	949.000	-57.399
802	950.000	-57.116
802	951.000	-56.967
802	952.000	-56.923
802	953.000	-56.960
802	954.000	-57.060
802	955.000	-57.073
802	956.000	-57.035
802	957.000	-57.076
802	958.000	-57.178
802	959.000	-57.326
802	960.000	-57.508
802	961.000	-57.716
802	962.000	-57.942
802	963.000	-58.180
802	964.000	-58.152
802	965.000	-57.815
802	966.000	-57.499
802	967.000	-57.139
802	968.000	-56.863
802	969.000	-56.721
802	970.000	-56.685
802	971.000	-56.730
802	972.000	-56.838
802	973.000	-56.743
802	974.000	-56.661
802	975.000	-56.347
802	976.000	-55.958
802	977.000	-55.624
802	978.000	-55.450
802	979.000	-55.400
802	980.000	-55.366
802	981.000	-55.260
802	982.000	-54.606
802	983.000	-54.132
802	984.000	-53.865
802	985.000	-53.757
802	986.000	-53.773
802	987.000	-53.884
802	988.000	-53.990
802	989.000	-54.009
802	990.000	-54.121
802	991.000	-54.107
802	992.000	-54.150
802	993.000	-54.278
802	994.000	-54.472
802	995.000	-54.688
802	996.000	-54.653
802	997.000	-54.428
802	998.000	-54.236
802	999.000	-54.183
802	1000.000	-54.238
802	1001.000	-54.375
802	1002.000	-54.574
802	1003.000	-54.820
802	1004.000	-55.101
802	1005.000	-55.407
802	1006.000	-55.729
802	1007.000	-56.060
802	1008.000	-56.397
802	1009.000	-56.735
802	1010.000	-57.071
802	1011.000	-57.402
802	1012.000	-57.727
802	1013.000	-57.883
802	1014.000	-57.863
802	1015.000	-57.765
802	1016.000	-57.753
802	1017.000	-57.807
802	1018.000	-57.913
802	1019.000	-58.057
802	1020.000	-57.998
802	1021.000	-57.962
802	1022.000	-57.770
802	1023.000	-57.685
802	1024.000	-57.684
802	1025.000	-57.748
802	1026.000	-57.861
802	1027.000	-58.012
802	1028.000	-58.055
802	1029.000	-58.029
802	1030.000	-58.071
802	1031.000	-58.164
802	1032.000	-58.297
802	1033.000	-58.459
802	1034.000	-58.643
802	1035.000	-58.679
802	1036.000	-58.666
802	1037.000	-58.713
802	1038.000	-58.804
802	1039.000	-58.930
802	1040.000	-58.942
802	1041.000	-58.884
802	1042.000	-58.893
802	1043.000	-58.603
802	1044.000	-58.078
802	1045.000	-57.417
802	1046.000	-56.032
802	1047.000	-54.668
802	1048.000	-53.593
802	1049.000	-52.878
802	1050.000	-52.440
802	1051.000	-51.986
802	1052.000	-51.752
802	1053.000	-51.690
802	1054.000	-51.758
802	1055.000	-51.876
802	1056.000	-51.580
802	1057.000	-51.343
802	1058.000	-51.279
802	1059.000	-51.351
802	1060.000	-51.527
802	1061.000	-51.574
802	1062.000	-51.708
802	1063.000	-51.929
802	1064.000	-52.215
802	1065.000	-52.549
802	1066.000	-52.476
802	1067.000	-52.509
802	1068.000	-52.644
802	1069.000	-52.858
802	1070.000	-53.130
802	1071.000	-53.445
802	1072.000	-53.666
802	1073.000	-53.676
802	1074.000	-53.697
802	1075.000	-53.813
802	1076.000	-54.000
802	1077.000	-53.927
802	1078.000	-53.809
802	1079.000	-53.816
802	1080.000	-53.920
802	1081.000	-54.098
802	1082.000	-54.332
802	1083.000	-54.607
802	1084.000	-54.913
802	1085.000	-55.238
802	1086.000	-55.578
802	1087.000	-55.925
802	1088.000	-56.274
802	1089.000	-56.624
802	1090.000	-56.969
802	1091.000	-57.309
802	1092.000	-57.641
802	1093.000	-57.965
802	1094.000	-58.168
802	1095.000	-58.241
802	1096.000	-58.356
802	1097.000	-58.505
802	1098.000	-58.648
802	1099.000	-58.529
802	1100.000	-58.107
802	1101.000	-57.773
802	1102.000	-57.580
802	1103.000	-57.495
802	1104.000	-57.496
802	1105.000	-57.563
802	1106.000	-57.681
802	1107.000	-57.837
802	1108.000	-57.992
802	1109.000	-57.693
802	1110.000	-57.418
802	1111.000	-57.129
802	1112.000	-56.747
802	1113.000	-56.324
802	1114.000	-55.952
802	1115.000	-55.556
802	1116.000	-55.334
802	1117.000	-55.028
802	1118.000	-54.730
802	1119.000	-54.479
802	1120.000	-54.379
802	1121.000	-54.395
802	1122.000	-54.501
802	1123.000	-54.500
802	1124.000	-54.527
802	1125.000	-54.640
802	1126.000	-54.819
802	1127.000	-54.848
802	1128.000	-54.917
802	1129.000	-55.060
802	1130.000	-55.257
802	1131.000	-55.497
802	1132.000	-55.738
802	1133.000	-55.789
802	1134.000	-55.910
802	1135.000	-56.084
802	1136.000	-56.297
802	1137.000	-56.539
802	1138.000	-56.802
802	1139.000	-57.079
802	1140.000	-57.364
802	1141.000	-57.624
802	1142.000	-57.346
802	1143.000	-57.280
802	1144.000	-57.528
802	1145.000	-57.621
802	1146.000	-57.530
802	1147.000	-57.408
802	1148.000	-57.383
802	1149.000	-57.429
802	1150.000	-57.532
802	1151.000	-57.676
802	1152.000	-57.852
802	1153.000	-58.051
802	1154.000	-58.266
802	1155.000	-58.381
802	1156.000	-58.382
802	1157.000	-58.220
802	1158.000	-57.864
802	1159.000	-57.468
802	1160.000	-57.161
802	1161.000	-56.994
802	1162.000	-56.828
802	1163.000	-56.629
802	1164.000	-56.550
802	1165.000	-56.482
802	1166.000	-56.157
802	1167.000	-55.917
802	1168.000	-55.813
802	1169.000	-55.813
802	1170.000	-55.894
802	1171.000	-56.037
802	1172.000	-56.227
802	1173.000	-56.452
802	1174.000	-56.702
802	1175.000	-56.969
802	1176.000	-57.248
802	1177.000	-57.504
802	1178.000	-57.337
802	1179.000	-57.148
802	1180.000	-56.901
802	1181.000	-56.783
802	1182.000	-56.515
802	1183.000	-56.383
802	1184.000	-56.357
802	1185.000	-56.413
802	1186.000	-56.532
802	1187.000	-56.699
802	1188.000	-56.902
802	1189.000	-57.131
802	1190.000	-57.378
802	1191.000	-57.637
802	1192.000	-57.719
802	1193.000	-57.777
802	1194.000	-57.885
802	1195.000	-58.032
802	1196.000	-58.208
802	1197.000	-58.404
802	1198.000	-58.615
802	1199.000	-58.836
802	1200.000	-58.825
802	1201.000	-58.819
802	1202.000	-58.639
802	1203.000	-58.555
802	1204.000	-58.548
802	1205.000	-58.599
802	1206.000	-58.695
802	1207.000	-58.688
802	1208.000	-58.616
802	1209.000	-58.617
802	1210.000	-58.674
802	1211.000	-58.774
802	1212.000	-58.907
802	1213.000	-58.804
802	1214.000	-58.410
802	1215.000	-58.019
802	1216.000	-57.778
802	1217.000	-57.657
802	1218.000	-57.628
802	1219.000	-57.670
802	1220.000	-57.767
802	1221.000	-57.652
802	1222.000	-57.628
802	1223.000	-57.675
802	1224.000	-57.337
802	1225.000	-56.848
802	1226.000	-56.389
802	1227.000	-55.795
802	1228.000	-55.377
802	1229.000	-54.942
802	1230.000	-54.414
802	1231.000	-53.886
802	1232.000	-53.559
802	1233.000	-53.409
802	1234.000	-53.395
802	1235.000	-53.486
802	1236.000	-53.658
802	1237.000	-53.891
802	1238.000	-54.067
802	1239.000	-53.926
802	1240.000	-53.915
802	1241.000	-53.902
802	1242.000	-53.855
802	1243.000	-53.916
802	1244.000	-54.061
802	1245.000	-54.270
802	1246.000	-54.526
802	1247.000	-54.817
802	1248.000	-55.133
802	1249.000	-55.465
802	1250.000	-55.629
802	1251.000	-55.772
802	1252.000	-55.654
802	1253.000	-55.464
802	1254.000	-55.402
802	1255.000	-55.163
802	1256.000	-54.856
802	1257.000	-54.709
802	1258.000	-54.686
802	1259.000	-54.759
802	1260.000	-54.906
802	1261.000	-55.109
802	1262.000	-55.132
802	1263.000	-55.215
802	1264.000	-55.366
802	1265.000	-55.323
802	1266.000	-55.154
802	1267.000	-55.089
802	1268.000	-55.126
802	1269.000	-55.242
802	1270.000	-55.418
802	1271.000	-55.638
802	1272.000	-55.892
802	1273.000	-56.169
802	1274.000	-56.462
802	1275.000	-56.766
802	1276.000	-57.074
802	1277.000	-57.384
802	1278.000	-57.557
802	1279.000	-57.639
802	1280.000	-57.766
802	1281.000	-57.929
802	1282.000	-58.118
802	1283.000	-58.140
802	1284.000	-58.146
802	1285.000	-58.128
802	1286.000	-57.973
802	1287.000	-57.431
802	1288.000	-56.835
802	1289.000	-56.451
802	1290.000	-56.027
802	1291.000	-55.492
802	1292.000	-55.166
802	1293.000	-55.001
802	1294.000	-54.963
802	1295.000	-55.021
802	1296.000	-55.154
802	1297.000	-55.344
802	1298.000	-55.576
802	1299.000	-55.840
802	1300.000	-55.901
802	1301.000	-56.006
802	1302.000	-56.167
802	1303.000	-56.122
802	1304.000	-56.166
802	1305.000	-56.277
802	1306.000	-56.441
802	1307.000	-56.643
802	1308.000	-56.873
802	1309.000	-57.124
802	1310.000	-57.389
802	1311.000	-57.662
802	1312.000	-57.939
802	1313.000	-57.847
802	1314.000	-57.698
802	1315.000	-57.647
802	1316.000	-57.672
802	1317.000	-57.757
802	1318.000	-57.886
802	1319.000	-58.049
802	1320.000	-58.237
802	1321.000	-58.443
802	1322.000	-58.661
802	1323.000	-58.886
802	1324.000	-58.951
802	1325.000	-58.959
802	1326.000	-59.018
802	1327.000	-59.117
802	1328.000	-59.246
802	1329.000	-59.182
802	1330.000	-58.996
802	1331.000	-58.527
802	1332.000	-58.224
802	1333.000	-58.050
802	1334.000	-57.976
802	1335.000	-57.981
802	1336.000	-58.047
802	1337.000	-58.160
802	1338.000	-58.307
802	1339.000	-58.481
802	1340.000	-58.673
802	1341.000	-58.666
802	1342.000	-58.670
802	1343.000	-58.729
802	1344.000	-58.830
802	1345.000	-58.963
802	1346.000	-59.120
802	1347.000	-59.293
802	1348.000	-59.478
802	1349.000	-59.671
802	1350.000	-59.869
802	1351.000	-60.067
802	1352.000	-60.265
802	1353.000	-60.462
802	1354.000	-60.654
802	1355.000	-60.843
802	1356.000	-61.026
802	1357.000	-61.204
802	1358.000	-61.376
802	1359.000	-61.543
802	1360.000	-61.702
802	1361.000	-61.856
802	1362.000	-62.003
802	1363.000	-62.145
802	1364.000	-62.055
802	1365.000	-61.962
802	1366.000	-61.917
802	1367.000	-61.909
802	1368.000	-61.930
802	1369.000	-61.973
802	1370.000	-62.034
802	1371.000	-62.107
802	1372.000	-62.190
802	1373.000	-62.279
802	1374.000	-62.254
802	1375.000	-62.102
802	1376.000	-62.010
802	1377.000	-61.965
802	1378.000	-61.957
802	1379.000	-61.977
802	1380.000	-62.020
802	1381.000	-61.962
802	1382.000	-61.788
802	1383.000	-61.681
802	1384.000	-61.627
802	1385.000	-61.616
802	1386.000	-61.637
802	1387.000	-61.682
802	1388.000	-61.747
802	1389.000	-61.827
802	1390.000	-61.916
802	1391.000	-62.013
802	1392.000	-62.115
802	1393.000	-62.220
802	1394.000	-62.326
802	1395.000	-62.432
802	1396.000	-62.538
802	1397.000	-62.642
802	1398.000	-62.743
802	1399.000	-62.843
802	1400.000	-62.939
802	1401.000	-63.032
802	1402.000	-63.122
802	1403.000	-63.209
802	1404.000	-63.292
802	1405.000	-63.372
802	1406.000	-63.449
802	1407.000	-63.293
802	1408.000	-63.136
802	1409.000	-63.031
802	1410.000	-62.967
802	1411.000	-62.935
802	1412.000	-62.929
802	1413.000	-62.942
802	1414.000	-62.970
802	1415.000	-63.010
802	1416.000	-63.059
802	1417.000	-63.114
802	1418.000	-63.174
802	1419.000	-63.236
802	1420.000	-63.301
802	1421.000	-63.366
802	1422.000	-63.310
802	1423.000	-63.123
802	1424.000	-62.727
802	1425.000	-62.155
802	1426.000	-61.740
802	1427.000	-61.447
802	1428.000	-61.252
802	1429.000	-61.135
802	1430.000	-61.077
802	1431.000	-61.068
802	1432.000	-61.095
802	1433.000	-61.150
802	1434.000	-61.006
802	1435.000	-60.882
802	1436.000	-60.821
802	1437.000	-60.592
802	1438.000	-60.405
802	1439.000	-60.301
802	1440.000	-60.262
802	1441.000	-60.273
802	1442.000	-60.324
802	1443.000	-60.405
802	1444.000	-60.122
802	1445.000	-59.801
802	1446.000	-59.384
802	1447.000	-59.065
802	1448.000	-58.760
802	1449.000	-58.432
802	1450.000	-58.101
802	1451.000	-57.787
802	1452.000	-57.393
802	1453.000	-56.868
802	1454.000	-56.288
802	1455.000	-55.920
802	1456.000	-55.717
802	1457.000	-55.643
802	1458.000	-55.245
802	1459.000	-54.960
802	1460.000	-54.830
802	1461.000	-54.819
802	1462.000	-54.900
802	1463.000	-55.052
802	1464.000	-55.080
802	1465.000	-55.123
802	1466.000	-55.244
802	1467.000	-55.423
802	1468.000	-55.647
802	1469.000	-55.657
802	1470.000	-56.182
802	1471.000	-56.752
802	1472.000	-57.258
802	1473.000	-57.713
802	1474.000	-58.125
802	1475.000	-58.503
802	1476.000	-58.852
802	1477.000	-59.175
802	1478.000	-59.477
802	1479.000	-59.759
802	1480.000	-60.024
802	1481.000	-60.244
802	1482.000	-60.220
802	1483.000	-60.244
802	1484.000	-60.305
802	1485.000	-60.393
802	1486.000	-60.503
802	1487.000	-60.433
802	1488.000	-60.347
802	1489.000	-60.067
802	1490.000	-59.380
802	1491.000	-58.880
802	1492.000	-58.520
802	1493.000	-58.072
802	1494.000	-57.788
802	1495.000	-57.633
802	1496.000	-57.578
802	1497.000	-57.417
802	1498.000	-57.290
802	1499.000	-57.260
802	1500.000	-57.305
802	1501.000	-57.408
802	1502.000	-57.555
802	1503.000	-57.734
802	1504.000	-57.938
802	1505.000	-58.158
802	1506.000	-58.390
802	1507.000	-58.629
802	1508.000	-58.870
802	1509.000	-59.113
802	1510.000	-59.353
802	1511.000	-59.532
802	1512.000	-59.515
802	1513.000	-59.550
802	1514.000	-59.402
802	1515.000	-59.037
802	1516.000	-58.808
802	1517.000	-58.685
802	1518.000	-58.646
802	1519.000	-58.561
802	1520.000	-58.268
802	1521.000	-57.981
802	1522.000	-57.822
802	1523.000	-57.531
802	1524.000	-57.166
802	1525.000	-56.886
802	1526.000	-56.742
802	1527.000	-56.703
802	1528.000	-56.746
802	1529.000	-56.852
802	1530.000	-57.006
802	1531.000	-57.168
802	1532.000	-57.111
802	1533.000	-56.550
802	1534.000	-55.813
802	1535.000	-55.330
802	1536.000	-54.804
802	1537.000	-54.490
802	1538.000	-54.341
802	1539.000	-54.320
802	1540.000	-54.150
802	1541.000	-53.692
802	1542.000	-53.399
802	1543.000	-53.276
802	1544.000	-53.284
802	1545.000	-53.393
802	1546.000	-53.580
802	1547.000	-53.554
802	1548.000	-53.435
802	1549.000	-53.444
802	1550.000	-53.553
802	1551.000	-53.738
802	1552.000	-53.981
802	1553.000	-54.266
802	1554.000	-54.582
802	1555.000	-54.919
802	1556.000	-55.140
802	1557.000	-55.284
802	1558.000	-55.482
802	1559.000	-55.719
802	1560.000	-55.985
802	1561.000	-56.271
802	1562.000	-56.571
802	1563.000	-56.878
802	1564.000	-57.054
802	1565.000	-57.143
802	1566.000	-57.282
802	1567.000	-57.273
802	1568.000	-57.266
802	1569.000	-57.329
802	1570.000	-57.445
802	1571.000	-57.602
802	1572.000	-57.789
802	1573.000	-57.997
802	1574.000	-57.882
802	1575.000	-57.684
802	1576.000	-57.596
802	1577.000	-57.537
802	1578.000	-57.226
802	1579.000	-56.687
802	1580.000	-56.346
802	1581.000	-56.160
802	1582.000	-55.939
802	1583.000	-55.758
802	1584.000	-55.455
802	1585.000	-55.306
802	1586.000	-55.277
802	1587.000	-55.339
802	1588.000	-55.393
802	1589.000	-55.355
802	1590.000	-55.411
802	1591.000	-55.539
802	1592.000	-55.520
802	1593.000	-55.545
802	1594.000	-55.648
802	1595.000	-55.810
802	1596.000	-56.017
802	1597.000	-56.009
802	1598.000	-56.083
802	1599.000	-56.191
802	1600.000	-56.132
802	1601.000	-56.165
802	1602.000	-56.268
802	1603.000	-56.425
802	1604.000	-56.623
802	1605.000	-56.464
802	1606.000	-56.304
802	1607.000	-56.257
802	1608.000	-56.298
802	1609.000	-56.406
802	1610.000	-56.566
802	1611.000	-56.764
802	1612.000	-56.991
802	1613.000	-57.237
802	1614.000	-57.498
802	1615.000	-57.656
802	1616.000	-57.700
802	1617.000	-57.798
802	1618.000	-57.881
802	1619.000	-57.699
802	1620.000	-57.479
802	1621.000	-57.376
802	1622.000	-57.363
802	1623.000	-57.420
802	1624.000	-57.532
802	1625.000	-57.684
802	1626.000	-57.867
802	1627.000	-58.071
802	1628.000	-58.292
802	1629.000	-58.265
802	1630.000	-58.065
802	1631.000	-57.699
802	1632.000	-57.482
802	1633.000	-57.381
802	1634.000	-57.369
802	1635.000	-57.428
802	1636.000	-57.540
802	1637.000	-57.439
802	1638.000	-57.428
802	1639.000	-57.168
802	1640.000	-56.851
802	1641.000	-56.451
802	1642.000	-56.197
802	1643.000	-56.079
802	1644.000	-56.066
802	1645.000	-56.135
802	1646.000	-56.267
802	1647.000	-56.446
802	1648.000	-56.479
802	1649.000	-56.512
802	1650.000	-56.584
802	1651.000	-56.493
802	1652.000	-56.416
802	1653.000	-56.265
802	1654.000	-56.226
802	1655.000	-56.273
802	1656.000	-56.386
802	1657.000	-56.550
802	1658.000	-56.468
802	1659.000	-56.019
802	1660.000	-55.753
802	1661.000	-55.524
802	1662.000	-55.292
802	1663.000	-55.199
802	1664.000	-55.214
802	1665.000	-55.232
802	1666.000	-55.114
802	1667.000	-54.922
802	1668.000	-54.759
802	1669.000	-54.586
802	1670.000	-54.417
802	1671.000	-54.269
802	1672.000	-54.249
802	1673.000	-54.328
802	1674.000	-54.483
802	1675.000	-54.696
802	1676.000	-54.951
802	1677.000	-55.238
802	1678.000	-55.547
802	1679.000	-55.515
802	1680.000	-55.334
802	1681.000	-55.142
802	1682.000	-54.928
802	1683.000	-54.762
802	1684.000	-54.671
802	1685.000	-54.505
802	1686.000	-54.342
802	1687.000	-54.199
802	1688.000	-54.184
802	1689.000	-54.267
802	1690.000	-54.275
802	1691.000	-54.288
802	1692.000	-54.218
802	1693.000	-54.194
802	1694.000	-54.270
802	1695.000	-54.371
802	1696.000	-54.139
802	1697.000	-54.035
802	1698.000	-53.835
802	1699.000	-53.758
802	1700.000	-53.798
802	1701.000	-53.928
802	1702.000	-54.023
802	1703.000	-53.955
802	1704.000	-53.865
802	1705.000	-53.791
802	1706.000	-53.699
802	1707.000	-53.727
802	1708.000	-53.654
802	1709.000	-53.655
802	1710.000	-53.630
802	1711.000	-53.601
802	1712.000	-53.507
802	1713.000	-53.346
802	1714.000	-53.024
802	1715.000	-52.841
802	1716.000	-52.706
802	1717.000	-52.579
802	1718.000	-52.591
802	1719.000	-52.376
802	1720.000	-52.194
802	1721.000	-52.166
802	1722.000	-52.159
802	1723.000	-52.135
802	1724.000	-52.231
802	1725.000	-52.417
802	1726.000	-52.671
802	1727.000	-52.977
802	1728.000	-53.320
802	1729.000	-53.474
802	1730.000	-53.622
802	1731.000	-53.551
802	1732.000	-53.463
802	1733.000	-53.496
802	1734.000	-53.624
802	1735.000	-53.796
802	1736.000	-53.791
802	1737.000	-53.676
802	1738.000	-53.451
802	1739.000	-53.380
802	1740.000	-53.428
802	1741.000	-53.567
802	1742.000	-53.775
802	1743.000	-54.034
802	1744.000	-54.333
802	1745.000	-54.439
802	1746.000	-54.376
802	1747.000	-54.398
802	1748.000	-54.510
802	1749.000	-54.688
802	1750.000	-54.917
802	1751.000	-55.184
802	1752.000	-55.195
802	1753.000	-55.085
802	1754.000	-55.088
802	1755.000	-55.178
802	1756.000	-55.280
802	1757.000	-55.255
802	1758.000	-55.100
802	1759.000	-55.046
802	1760.000	-54.835
802	1761.000	-54.298
802	1762.000	-53.808
802	1763.000	-53.414
802	1764.000	-52.569
802	1765.000	-52.036
802	1766.000	-51.742
802	1767.000	-51.633
802	1768.000	-51.667
802	1769.000	-51.810
802	1770.000	-52.036
802	1771.000	-52.137
802	1772.000	-52.288
802	1773.000	-52.515
802	1774.000	-52.802
802	1775.000	-53.131
802	1776.000	-53.491
802	1777.000	-53.678
802	1778.000	-53.802
802	1779.000	-53.837
802	1780.000	-53.963
802	1781.000	-54.157
802	1782.000	-54.403
802	1783.000	-54.687
802	1784.000	-54.695
802	1785.000	-54.416
802	1786.000	-54.252
802	1787.000	-54.048
802	1788.000	-53.921
802	1789.000	-53.922
802	1790.000	-54.020
802	1791.000	-54.192
802	1792.000	-54.293
802	1793.000	-54.354
802	1794.000	-54.298
802	1795.000	-54.133
802	1796.000	-54.037
802	1797.000	-54.059
802	1798.000	-54.173
802	1799.000	-54.356
802	1800.000	-54.364
802	1801.000	-54.213
802	1802.000	-54.191
802	1803.000	-54.191
802	1804.000	-54.047
802	1805.000	-53.638
802	1806.000	-53.424
802	1807.000	-53.208
802	1808.000	-52.833
802	1809.000	-52.441
802	1810.000	-52.231
802	1811.000	-52.156
802	1812.000	-52.009
802	1813.000	-52.009
802	1814.000	-52.124
802	1815.000	-52.116
802	1816.000	-52.105
802	1817.000	-52.079
802	1818.000	-52.050
802	1819.000	-52.035
802	1820.000	-51.909
802	1821.000	-51.927
802	1822.000	-52.056
802	1823.000	-52.270
802	1824.000	-52.547
802	1825.000	-52.681
802	1826.000	-52.852
802	1827.000	-53.090
802	1828.000	-53.380
802	1829.000	-53.707
802	1830.000	-54.061
802	1831.000	-54.258
802	1832.000	-54.439
802	1833.000	-54.569
802	1834.000	-54.407
802	1835.000	-54.301
802	1836.000	-54.024
802	1837.000	-53.454
802	1838.000	-52.918
802	1839.000	-52.409
802	1840.000	-51.927
802	1841.000	-51.673
802	1842.000	-51.389
802	1843.000	-51.271
802	1844.000	-51.299
802	1845.000	-51.442
802	1846.000	-51.672
802	1847.000	-51.967
802	1848.000	-52.310
802	1849.000	-52.689
802	1850.000	-53.091
802	1851.000	-53.508
802	1852.000	-53.933
802	1853.000	-54.361
802	1854.000	-54.660
802	1855.000	-54.870
802	1856.000	-54.923
802	1857.000	-55.010
802	1858.000	-55.165
802	1859.000	-55.371
802	1860.000	-55.195
802	1861.000	-55.000
802	1862.000	-54.339
802	1863.000	-53.885
802	1864.000	-53.635
802	1865.000	-53.158
802	1866.000	-52.814
802	1867.000	-52.530
802	1868.000	-52.088
802	1869.000	-51.863
802	1870.000	-51.806
802	1871.000	-51.803
802	1872.000	-51.739
802	1873.000	-51.603
802	1874.000	-51.471
802	1875.000	-51.085
802	1876.000	-50.782
802	1877.000	-50.673
802	1878.000	-50.688
802	1879.000	-50.241
802	1880.000	-49.957
802	1881.000	-49.859
802	1882.000	-49.910
802	1883.000	-50.033
802	1884.000	-49.969
802	1885.000	-49.941
802	1886.000	-50.050
802	1887.000	-50.267
802	1888.000	-50.568
802	1889.000	-50.931
802	1890.000	-51.339
802	1891.000	-51.776
802	1892.000	-52.232
802	1893.000	-52.509
802	1894.000	-52.792
802	1895.000	-52.972
802	1896.000	-53.131
802	1897.000	-53.145
802	1898.000	-53.239
802	1899.000	-53.314
802	1900.000	-53.342
802	1901.000	-53.465
802	1902.000	-53.663
802	1903.000	-53.915
802	1904.000	-54.036
802	1905.000	-53.944
802	1906.000	-53.949
802	1907.000	-54.024
802	1908.000	-53.967
802	1909.000	-53.848
802	1910.000	-53.790
802	1911.000	-53.844
802	1912.000	-53.984
802	1913.000	-54.189
802	1914.000	-54.443
802	1915.000	-54.733
802	1916.000	-55.049
802	1917.000	-55.328
802	1918.000	-55.440
802	1919.000	-55.610
802	1920.000	-55.581
802	1921.000	-55.560
802	1922.000	-55.463
802	1923.000	-55.086
802	1924.000	-54.325
802	1925.000	-53.818
802	1926.000	-53.528
802	1927.000	-53.405
802	1928.000	-53.413
802	1929.000	-53.522
802	1930.000	-53.492
802	1931.000	-53.549
802	1932.000	-53.694
802	1933.000	-53.906
802	1934.000	-54.168
802	1935.000	-54.466
802	1936.000	-54.791
802	1937.000	-55.133
802	1938.000	-55.285
802	1939.000	-55.316
802	1940.000	-55.311
802	1941.000	-55.392
802	1942.000	-55.540
802	1943.000	-55.737
802	1944.000	-55.972
802	1945.000	-56.234
802	1946.000	-56.359
802	1947.000	-56.439
802	1948.000	-56.350
802	1949.000	-56.336
802	1950.000	-56.401
802	1951.000	-56.371
802	1952.000	-56.332
802	1953.000	-56.378
802	1954.000	-56.489
802	1955.000	-56.651
802	1956.000	-56.717
802	1957.000	-56.724
802	1958.000	-56.720
802	1959.000	-56.567
802	1960.000	-56.302
802	1961.000	-55.955
802	1962.000	-55.768
802	1963.000	-55.678
802	1964.000	-55.473
802	1965.000	-55.399
802	1966.000	-55.427
802	1967.000	-55.532
802	1968.000	-55.697
802	1969.000	-55.907
802	1970.000	-56.151
802	1971.000	-56.418
802	1972.000	-56.519
802	1973.000	-56.605
802	1974.000	-56.745
802	1975.000	-56.927
802	1976.000	-57.139
802	1977.000	-57.317
802	1978.000	-57.326
802	1979.000	-57.401
802	1980.000	-57.526
802	1981.000	-57.689
802	1982.000	-57.880
802	1983.000	-58.091
802	1984.000	-58.316
802	1985.000	-58.550
802	1986.000	-58.789
802	1987.000	-59.030
802	1988.000	-59.270
802	1989.000	-59.508
802	1990.000	-59.741
802	1991.000	-59.706
802	1992.000	-59.725
802	1993.000	-59.786
802	1994.000	-59.880
802	1995.000	-59.998
802	1996.000	-60.134
802	1997.000	-60.282
802	1998.000	-60.440
802	1999.000	-60.321
802	2000.000	-59.853
