# NEST version: UNKNOWN
# RecordingBackendASCII version: 2
sender	time_ms
320	263.700
200	395.100
670	396.800
470	401.400
440	408.900
320	418.700
570	496.200
390	501.000
80	506.400
430	515.000
740	1037.600
370	1042.900
200	1046.500
100	1052.900
630	1059.600
40	1059.800
450	1062.900
30	1063.400
750	1064.900
700	1068.000
650	1068.800
660	1069.900
520	1071.900
50	1077.600
690	1087.000
560	1087.600
220	1417.800
480	1436.200
440	1462.900
100	1510.200
700	1562.000
280	1563.000
800	1563.000
740	1563.200
10	1563.500
560	1564.500
200	1564.600
420	1564.600
30	1564.900
270	1564.900
500	1565.000
520	1565.200
690	1565.200
540	1565.500
120	1565.600
510	1565.700
720	1565.700
600	1565.800
150	1565.900
360	1566.200
790	1566.300
130	1566.400
140	1566.500
390	1566.500
210	1566.600
340	1566.600
110	1566.700
90	1566.800
670	1566.800
160	1567.000
430	1567.000
480	1567.000
60	1567.100
370	1567.100
330	1567.200
180	1567.300
440	1567.700
220	1568.000
770	1568.100
260	1568.200
460	1568.200
570	1568.200
20	1568.300
240	1568.400
410	1568.400
170	1568.500
230	1568.500
470	1568.500
490	1568.500
710	1568.500
380	1568.800
550	1568.800
750	1568.800
350	1568.900
450	1568.900
730	1568.900
310	1569.000
70	1569.100
530	1569.100
580	1569.200
680	1569.200
100	1569.400
590	1569.500
760	1569.500
190	1569.600
300	1569.600
400	1569.700
620	1569.700
650	1569.700
250	1569.900
40	1570.000
610	1570.000
630	1570.000
780	1570.100
640	1570.200
320	1570.300
660	1570.300
50	1570.500
80	1570.600
290	1570.900
800	1571.400
280	1571.700
700	1571.800
10	1571.900
740	1572.000
420	1572.500
200	1572.700
30	1573.300
560	1573.300
690	1573.300
500	1573.400
720	1573.400
270	1573.600
120	1573.700
520	1573.900
150	1574.100
510	1574.200
90	1574.500
360	1574.500
540	1574.800
140	1575.000
390	1575.000
600	1575.100
670	1575.200
790	1575.200
110	1575.300
430	1575.300
130	1575.700
480	1575.900
210	1576.200
340	1576.300
330	1576.400
440	1576.500
370	1576.600
460	1576.700
710	1576.800
160	1576.900
180	1576.900
770	1576.900
60	1577.100
230	1577.400
570	1577.400
20	1577.500
260	1577.700
310	1577.700
410	1577.800
490	1577.800
220	1577.900
240	1578.000
350	1578.000
750	1578.100
170	1578.300
190	1578.400
580	1578.500
730	1578.500
530	1578.600
70	1578.700
450	1578.700
550	1578.700
760	1578.800
250	1578.900
320	1578.900
470	1578.900
680	1578.900
380	1579.100
650	1579.200
100	1579.300
50	1579.400
620	1579.400
640	1579.600
610	1579.700
40	1580.000
300	1580.000
630	1580.000
780	1580.000
400	1580.100
590	1580.100
80	1580.200
290	1580.300
660	1580.400
280	1580.700
800	1580.700
700	1581.000
740	1581.100
560	1581.300
10	1581.500
200	1581.500
420	1581.500
500	1581.600
690	1582.000
30	1582.200
120	1582.600
270	1582.600
720	1582.600
360	1583.300
520	1583.400
430	1583.600
150	1583.700
140	1584.000
790	1584.100
90	1584.500
390	1584.800
340	1585.400
510	1585.400
670	1585.400
110	1585.800
130	1585.800
600	1586.100
480	1586.300
330	1586.400
440	1586.500
210	1586.600
770	1586.600
230	1586.800
540	1586.800
710	1587.300
240	1587.500
410	1587.500
490	1587.800
370	1588.000
260	1588.200
60	1588.500
170	1588.500
680	1588.500
160	1588.800
310	1588.900
320	1589.000
50	1589.300
570	1589.300
180	1589.700
20	1589.800
190	1589.900
70	1590.300
760	1590.300
350	1590.400
460	1590.500
530	1590.500
380	1590.900
550	1590.900
100	1591.000
220	1591.000
450	1591.000
470	1591.000
590	1591.000
800	1591.100
40	1591.200
250	1591.200
500	1591.400
560	1591.400
580	1591.400
750	1591.400
120	1591.600
610	1591.700
620	1591.700
740	1591.700
290	1591.800
640	1591.800
730	1591.800
400	1591.900
660	1591.900
420	1592.000
360	1592.100
80	1592.400
300	1592.500
430	1592.500
650	1592.500
690	1592.700
780	1592.900
790	1593.000
200	1593.100
700	1593.200
280	1593.400
30	1593.500
270	1593.500
10	1593.600
520	1594.000
630	1594.100
150	1594.400
340	1595.400
510	1595.700
720	1595.700
230	1596.400
600	1596.400
90	1596.500
140	1596.500
110	1596.900
330	1597.100
480	1597.100
670	1597.100
390	1597.800
770	1597.800
130	1598.100
710	1598.100
210	1598.300
410	1598.500
490	1598.500
240	1599.000
540	1599.200
370	1599.400
50	1599.600
440	1600.100
260	1600.200
460	1600.300
310	1600.400
180	1600.700
570	1600.700
60	1600.900
160	1601.000
70	1601.100
590	1601.300
170	1601.400
220	1601.500
350	1601.600
760	1601.600
380	1601.800
450	1601.800
560	1601.900
360	1602.000
500	1602.000
190	1602.100
430	1602.100
550	1602.100
680	1602.200
580	1602.400
730	1602.400
650	1602.600
660	1602.600
20	1602.700
690	1602.700
740	1602.700
800	1602.700
530	1602.900
610	1602.900
750	1602.900
40	1603.000
520	1603.100
100	1603.200
120	1603.300
250	1603.500
270	1603.500
280	1603.500
470	1603.600
30	1603.700
640	1603.700
780	1603.800
320	1603.900
630	1604.100
790	1604.300
290	1604.400
80	1604.500
700	1604.700
300	1604.800
420	1604.800
10	1604.900
400	1604.900
200	1605.000
620	1605.100
110	1605.200
340	1605.600
230	1605.800
150	1605.900
510	1605.900
90	1606.200
140	1606.300
720	1606.500
600	1606.600
670	1606.800
710	1606.900
390	1607.300
240	1608.200
330	1608.200
130	1608.400
480	1608.600
410	1608.800
50	1610.200
180	1610.300
370	1610.300
540	1610.300
770	1610.300
490	1610.500
210	1610.600
440	1610.700
310	1611.000
60	1611.100
570	1611.600
350	1611.900
360	1611.900
730	1611.900
170	1612.200
260	1612.300
500	1612.300
560	1612.400
680	1612.400
760	1612.400
220	1612.600
460	1612.700
660	1612.800
450	1613.000
520	1613.000
160	1613.200
550	1613.300
590	1613.300
800	1613.400
70	1613.500
430	1613.500
610	1613.500
580	1613.600
30	1614.000
280	1614.000
320	1614.000
530	1614.000
100	1614.300
690	1614.300
640	1614.800
120	1615.000
650	1615.000
250	1615.100
270	1615.100
700	1615.100
380	1615.200
470	1615.200
20	1615.300
110	1615.500
740	1615.700
190	1615.900
290	1616.300
780	1616.300
40	1616.600
200	1616.800
420	1616.900
10	1617.100
80	1617.100
150	1617.100
300	1617.100
400	1617.200
620	1617.300
140	1617.400
510	1617.400
670	1617.500
720	1617.600
750	1617.700
90	1617.800
340	1618.000
790	1618.100
230	1618.500
390	1618.600
600	1618.600
130	1618.700
710	1618.900
630	1619.000
330	1619.100
180	1619.400
240	1619.500
410	1619.600
540	1619.700
310	1620.400
370	1621.200
60	1621.300
50	1621.400
680	1621.600
360	1621.700
730	1621.700
260	1621.800
490	1621.800
770	1621.900
480	1622.000
170	1622.200
210	1622.300
500	1622.400
570	1622.400
440	1622.500
760	1622.900
30	1623.200
350	1623.300
430	1623.400
460	1623.400
520	1623.400
560	1623.400
610	1623.500
100	1623.700
550	1623.700
800	1623.700
160	1623.900
590	1624.200
220	1624.500
660	1624.700
120	1625.000
450	1625.000
280	1625.100
470	1625.100
580	1625.100
320	1625.200
530	1625.200
690	1625.300
70	1625.400
380	1625.700
270	1625.800
650	1626.000
190	1626.300
90	1626.400
20	1626.500
420	1626.500
110	1626.600
700	1626.600
740	1626.800
40	1626.900
640	1627.000
250	1627.100
290	1627.100
400	1627.200
200	1627.300
10	1627.400
140	1627.400
340	1627.500
780	1627.500
670	1627.700
790	1627.700
300	1627.800
720	1627.900
80	1628.100
620	1628.100
230	1628.500
150	1628.600
600	1628.600
390	1628.900
630	1628.900
710	1629.100
310	1629.200
330	1629.200
510	1629.400
130	1629.700
540	1629.800
240	1629.900
750	1630.300
410	1630.700
360	1631.000
60	1631.100
680	1631.100
730	1631.100
770	1631.200
180	1631.400
260	1631.500
490	1631.500
370	1631.700
170	1631.800
760	1632.000
30	1632.100
50	1632.300
440	1632.300
570	1632.300
610	1632.500
460	1632.800
100	1633.000
430	1633.000
520	1633.000
210	1633.100
480	1633.100
590	1633.100
500	1633.200
160	1633.500
220	1633.500
350	1633.600
280	1633.700
550	1633.800
320	1633.900
800	1634.000
560	1634.200
580	1634.200
120	1634.300
450	1634.300
380	1634.600
660	1634.600
530	1634.800
690	1634.800
70	1635.100
190	1635.100
420	1635.100
650	1635.100
470	1635.700
640	1635.700
790	1635.700
110	1635.800
340	1635.800
700	1635.900
740	1635.900
10	1636.100
290	1636.100
400	1636.100
40	1636.400
200	1636.400
250	1636.400
270	1636.400
20	1636.600
300	1636.700
140	1636.900
90	1637.200
150	1637.200
80	1637.300
310	1637.300
670	1637.300
720	1637.500
780	1637.700
330	1637.900
630	1637.900
600	1638.000
620	1638.000
240	1638.200
710	1638.200
230	1638.400
390	1638.400
510	1638.500
750	1639.000
130	1639.200
540	1639.300
770	1639.400
680	1639.500
360	1639.600
730	1639.600
410	1639.700
180	1640.000
490	1640.000
760	1640.400
370	1640.500
170	1640.600
610	1640.600
460	1640.800
260	1640.900
50	1641.000
440	1641.000
30	1641.200
60	1641.200
430	1641.500
590	1641.500
520	1641.600
100	1641.700
220	1641.700
480	1641.700
570	1641.700
350	1641.800
280	1641.900
160	1642.200
500	1642.400
320	1642.500
210	1642.700
550	1642.700
380	1642.900
450	1642.900
530	1642.900
120	1643.100
800	1643.100
580	1643.200
660	1643.400
190	1643.500
650	1643.500
340	1643.800
560	1643.800
790	1643.900
740	1644.300
420	1644.500
690	1644.500
10	1644.600
640	1644.600
200	1644.700
110	1644.800
700	1644.800
400	1644.900
250	1645.000
470	1645.000
70	1645.100
290	1645.200
270	1645.500
300	1645.500
670	1645.500
80	1645.600
150	1645.700
20	1645.800
140	1645.800
310	1645.900
40	1646.100
780	1646.100
710	1646.200
90	1646.300
720	1646.300
330	1646.400
630	1646.500
240	1646.900
510	1647.000
620	1647.000
600	1647.100
750	1647.200
230	1647.300
360	1647.500
540	1647.500
770	1647.500
130	1647.700
180	1647.900
390	1647.900
680	1648.000
730	1648.000
410	1648.600
490	1648.600
370	1648.700
610	1648.800
50	1649.000
460	1649.000
760	1649.000
440	1649.300
30	1649.400
170	1649.400
430	1649.400
520	1649.400
590	1649.400
260	1649.500
570	1649.600
480	1649.800
100	1649.900
350	1650.000
280	1650.100
60	1650.200
160	1650.500
210	1650.700
530	1650.700
120	1650.800
220	1650.800
380	1650.900
500	1650.900
550	1650.900
580	1650.900
450	1651.000
320	1651.100
190	1651.300
340	1651.300
800	1651.300
660	1651.600
650	1651.800
790	1651.900
560	1652.100
640	1652.200
690	1652.300
420	1652.400
10	1652.600
740	1652.700
70	1652.900
200	1653.200
700	1653.200
110	1653.300
250	1653.300
300	1653.300
400	1653.300
80	1653.400
270	1653.400
670	1653.400
290	1653.500
140	1653.700
470	1653.700
150	1653.900
20	1654.000
40	1654.100
90	1654.100
330	1654.200
780	1654.400
720	1654.600
310	1654.700
770	1654.900
620	1655.000
510	1655.100
230	1655.200
600	1655.200
240	1655.400
540	1655.400
710	1655.400
750	1655.400
360	1655.500
730	1655.500
390	1655.600
180	1655.700
630	1656.000
680	1656.100
490	1656.300
50	1656.600
130	1656.600
370	1656.700
410	1657.000
430	1657.100
520	1657.100
610	1657.100
30	1657.200
260	1657.300
760	1657.300
590	1657.400
170	1657.500
460	1657.500
570	1657.600
440	1657.700
480	1657.700
100	1658.000
280	1658.000
350	1658.100
60	1658.300
120	1658.300
550	1658.300
160	1658.500
210	1658.600
380	1658.600
530	1658.600
340	1658.700
580	1658.700
450	1658.800
220	1659.000
320	1659.200
500	1659.200
660	1659.200
790	1659.400
800	1659.400
190	1659.500
650	1659.700
690	1659.700
420	1660.000
640	1660.200
560	1660.500
740	1660.500
10	1660.600
70	1660.800
700	1660.800
80	1661.000
110	1661.000
270	1661.000
200	1661.100
290	1661.100
670	1661.100
250	1661.400
140	1661.500
90	1661.700
400	1661.700
470	1661.700
40	1661.800
300	1661.800
20	1662.000
150	1662.000
330	1662.200
720	1662.400
310	1662.500
780	1662.500
510	1662.700
770	1662.700
360	1662.800
730	1662.800
600	1662.900
620	1662.900
390	1663.000
240	1663.100
230	1663.300
710	1663.400
750	1663.400
180	1663.500
540	1663.500
680	1663.600
490	1664.000
50	1664.200
630	1664.200
370	1664.400
130	1664.500
430	1664.500
590	1664.500
520	1664.600
260	1664.700
410	1664.700
760	1664.700
30	1664.800
460	1664.900
170	1665.000
480	1665.300
550	1665.300
570	1665.300
100	1665.400
610	1665.400
280	1665.500
350	1665.500
440	1665.500
580	1666.000
120	1666.100
340	1666.100
210	1666.200
530	1666.200
60	1666.300
160	1666.300
380	1666.400
450	1666.500
790	1666.600
500	1666.700
320	1666.800
690	1666.800
660	1666.900
220	1667.300
420	1667.300
800	1667.300
650	1667.400
640	1667.500
190	1667.600
70	1668.100
740	1668.100
110	1668.200
270	1668.300
670	1668.300
290	1668.400
560	1668.400
700	1668.500
10	1668.600
200	1668.600
20	1668.900
90	1668.900
140	1668.900
80	1669.000
400	1669.200
250	1669.300
40	1669.400
470	1669.500
300	1669.600
330	1669.800
730	1669.800
150	1669.900
310	1669.900
780	1670.000
770	1670.100
390	1670.200
600	1670.200
720	1670.200
360	1670.500
510	1670.600
240	1670.700
620	1670.700
750	1670.900
680	1671.000
490	1671.100
540	1671.100
180	1671.200
230	1671.200
710	1671.300
50	1671.400
630	1671.400
590	1671.700
410	1671.900
430	1671.900
30	1672.000
260	1672.000
760	1672.000
130	1672.100
370	1672.100
480	1672.300
520	1672.300
550	1672.300
170	1672.400
460	1672.400
350	1672.600
440	1672.600
610	1672.600
100	1672.800
280	1672.800
570	1672.800
340	1673.300
60	1673.400
530	1673.400
580	1673.400
120	1673.500
210	1673.500
380	1673.700
450	1673.800
690	1673.800
320	1673.900
160	1674.000
790	1674.000
500	1674.100
660	1674.100
420	1674.200
800	1674.600
190	1674.800
650	1674.800
640	1675.000
220	1675.100
70	1675.300
110	1675.500
270	1675.500
740	1675.500
670	1675.600
560	1675.700
290	1675.800
20	1675.900
200	1675.900
700	1676.000
140	1676.200
400	1676.300
10	1676.400
80	1676.600
90	1676.600
250	1676.800
300	1676.800
310	1676.900
470	1676.900
600	1677.100
720	1677.100
730	1677.100
780	1677.200
40	1677.300
150	1677.300
330	1677.300
390	1677.400
770	1677.500
240	1678.000
360	1678.000
510	1678.000
620	1678.100
680	1678.100
710	1678.200
750	1678.200
230	1678.400
490	1678.400
540	1678.400
630	1678.500
50	1678.800
590	1678.900
760	1679.000
130	1679.100
180	1679.100
410	1679.100
30	1679.200
260	1679.200
370	1679.300
480	1679.300
520	1679.400
170	1679.600
430	1679.700
550	1679.700
350	1679.800
610	1679.800
100	1679.900
280	1680.000
460	1680.000
570	1680.000
440	1680.300
60	1680.500
210	1680.500
320	1680.800
530	1680.900
120	1681.000
420	1681.000
690	1681.000
340	1681.100
580	1681.100
660	1681.100
160	1681.200
450	1681.200
500	1681.300
790	1681.300
380	1681.400
800	1681.700
650	1682.000
190	1682.100
640	1682.100
220	1682.200
70	1682.500
110	1682.600
270	1682.600
560	1682.700
670	1682.700
740	1682.700
20	1683.000
200	1683.000
290	1683.500
140	1683.600
10	1683.700
400	1683.700
700	1683.700
300	1683.800
310	1683.800
600	1683.900
250	1684.000
470	1684.000
720	1684.000
80	1684.200
90	1684.200
780	1684.200
150	1684.500
770	1684.600
730	1684.800
240	1685.000
330	1685.000
620	1685.000
40	1685.100
390	1685.100
680	1685.100
510	1685.200
360	1685.300
540	1685.400
490	1685.500
630	1685.500
710	1685.600
750	1685.600
230	1685.700
50	1685.900
760	1686.100
30	1686.200
590	1686.200
130	1686.300
370	1686.300
410	1686.300
480	1686.400
180	1686.500
170	1686.600
260	1686.600
520	1686.700
550	1686.800
350	1686.900
280	1687.000
430	1687.000
570	1687.000
610	1687.000
100	1687.100
210	1687.200
460	1687.200
440	1687.800
60	1687.900
420	1687.900
690	1687.900
120	1688.000
320	1688.000
500	1688.000
530	1688.100
580	1688.300
160	1688.400
380	1688.400
450	1688.400
660	1688.400
340	1688.500
790	1688.600
800	1688.800
650	1689.000
110	1689.500
640	1689.500
70	1689.600
220	1689.600
670	1689.600
190	1689.700
740	1689.700
560	1689.900
200	1690.000
270	1690.000
20	1690.300
310	1690.600
10	1690.700
700	1690.800
140	1690.900
300	1690.900
600	1691.000
90	1691.100
290	1691.100
400	1691.100
470	1691.200
80	1691.300
250	1691.300
720	1691.300
780	1691.300
770	1691.500
150	1691.600
240	1691.700
390	1692.000
620	1692.100
680	1692.100
730	1692.100
360	1692.300
510	1692.300
40	1692.400
490	1692.400
540	1692.500
330	1692.600
630	1692.600
230	1692.900
710	1692.900
750	1692.900
50	1693.100
30	1693.200
760	1693.200
370	1693.300
410	1693.400
590	1693.400
130	1693.500
180	1693.500
480	1693.500
520	1693.600
170	1693.700
260	1693.700
570	1693.700
210	1693.800
350	1693.900
280	1694.000
100	1694.100
430	1694.100
460	1694.100
550	1694.100
610	1694.100
420	1694.600
500	1694.700
690	1694.700
60	1695.000
320	1695.000
120	1695.100
440	1695.200
660	1695.200
450	1695.400
530	1695.400
160	1695.500
340	1695.500
380	1695.500
580	1695.500
790	1695.500
650	1695.800
800	1695.800
110	1696.600
670	1696.600
70	1696.700
640	1696.700
740	1696.800
190	1696.900
200	1697.000
220	1697.000
560	1697.000
270	1697.100
20	1697.400
10	1697.700
310	1697.700
700	1697.700
300	1698.100
600	1698.100
140	1698.200
290	1698.200
470	1698.200
780	1698.200
250	1698.300
400	1698.300
770	1698.400
80	1698.500
90	1698.500
150	1698.500
720	1698.500
240	1698.700
620	1699.000
680	1699.100
490	1699.200
730	1699.200
360	1699.300
390	1699.300
510	1699.500
40	1699.700
630	1699.700
230	1699.800
330	1699.800
540	1699.800
50	1700.000
750	1700.000
710	1700.100
760	1700.200
410	1700.300
480	1700.300
180	1700.400
370	1700.400
590	1700.400
30	1700.500
210	1700.500
570	1700.600
260	1700.700
350	1700.700
520	1700.700
170	1700.800
130	1700.900
280	1701.000
430	1701.000
610	1701.000
460	1701.100
550	1701.200
100	1701.300
420	1701.400
500	1701.500
690	1701.700
60	1701.900
120	1702.000
320	1702.200
160	1702.300
790	1702.300
380	1702.400
450	1702.400
660	1702.400
340	1702.500
440	1702.500
580	1702.600
800	1702.600
530	1702.700
650	1702.700
640	1703.500
110	1703.600
70	1703.700
740	1703.700
190	1703.800
270	1703.900
560	1704.000
220	1704.100
670	1704.100
200	1704.300
20	1704.400
10	1704.700
700	1704.700
150	1705.000
310	1705.000
600	1705.000
140	1705.100
300	1705.100
780	1705.100
290	1705.200
470	1705.200
770	1705.200
80	1705.400
90	1705.400
250	1705.400
400	1705.500
720	1705.600
620	1705.800
680	1705.800
240	1706.000
490	1706.000
730	1706.000
360	1706.300
390	1706.400
230	1706.700
510	1706.700
50	1706.800
40	1706.900
540	1706.900
630	1706.900
480	1707.000
750	1707.000
180	1707.100
330	1707.100
410	1707.100
710	1707.200
760	1707.200
590	1707.300
210	1707.400
370	1707.400
570	1707.500
260	1707.600
350	1707.600
30	1707.700
170	1707.700
430	1707.700
520	1707.800
130	1708.000
280	1708.000
610	1708.000
460	1708.300
550	1708.300
100	1708.400
420	1708.400
500	1708.500
60	1708.600
690	1708.600
320	1708.900
120	1709.000
660	1709.000
790	1709.000
160	1709.100
340	1709.300
380	1709.300
450	1709.400
580	1709.400
440	1709.600
800	1709.600
530	1709.700
650	1710.000
640	1710.300
110	1710.400
70	1710.700
270	1710.700
190	1710.800
560	1710.800
740	1710.800
220	1711.000
670	1711.000
20	1711.200
200	1711.400
10	1711.500
150	1711.700
290	1711.800
780	1711.900
700	1712.000
770	1712.000
140	1712.100
310	1712.100
600	1712.100
90	1712.200
300	1712.200
80	1712.300
470	1712.300
400	1712.400
720	1712.400
620	1712.500
240	1712.700
250	1712.800
680	1712.800
490	1712.900
730	1712.900
360	1713.200
230	1713.300
510	1713.500
50	1713.600
390	1713.600
180	1713.700
410	1713.800
540	1713.800
480	1713.900
40	1714.000
590	1714.000
630	1714.000
210	1714.200
330	1714.200
750	1714.200
430	1714.300
710	1714.300
760	1714.300
30	1714.400
260	1714.400
350	1714.400
370	1714.500
570	1714.500
280	1714.600
170	1714.800
610	1714.900
100	1715.000
130	1715.000
520	1715.000
500	1715.100
550	1715.100
60	1715.400
420	1715.500
460	1715.500
690	1715.600
320	1715.700
160	1715.800
790	1715.800
660	1715.900
120	1716.000
340	1716.100
380	1716.200
450	1716.300
580	1716.300
440	1716.600
530	1716.600
800	1716.700
640	1716.800
650	1716.900
110	1717.400
560	1717.400
270	1717.500
190	1717.600
220	1717.800
670	1717.800
20	1718.000
70	1718.000
740	1718.200
200	1718.300
10	1718.400
150	1718.400
290	1718.600
300	1718.900
770	1718.900
780	1718.900
90	1719.000
470	1719.000
80	1719.100
140	1719.100
310	1719.100
700	1719.100
400	1719.200
620	1719.300
720	1719.300
600	1719.400
240	1719.600
250	1719.900
490	1719.900
680	1719.900
730	1719.900
360	1720.100
510	1720.100
50	1720.200
230	1720.300
180	1720.400
390	1720.500
410	1720.600
540	1720.600
590	1720.700
480	1720.800
630	1720.800
40	1721.000
210	1721.000
750	1721.000
260	1721.100
280	1721.100
430	1721.100
350	1721.200
710	1721.200
30	1721.300
330	1721.300
570	1721.400
760	1721.400
170	1721.600
370	1721.600
100	1721.700
500	1721.900
550	1721.900
610	1721.900
520	1722.000
130	1722.100
790	1722.300
160	1722.400
320	1722.400
420	1722.400
460	1722.400
60	1722.500
690	1722.600
660	1722.700
340	1722.900
120	1723.000
580	1723.000
450	1723.100
380	1723.200
440	1723.400
530	1723.400
800	1723.400
640	1723.800
650	1723.900
110	1724.400
560	1724.400
190	1724.500
270	1724.500
670	1724.600
220	1724.700
70	1724.800
20	1724.900
200	1725.200
290	1725.300
740	1725.300
150	1725.400
10	1725.500
300	1725.700
770	1725.700
80	1725.800
90	1725.800
470	1725.800
140	1726.000
310	1726.000
400	1726.000
700	1726.000
780	1726.000
600	1726.100
620	1726.200
720	1726.300
240	1726.400
360	1726.700
680	1726.800
50	1726.900
510	1726.900
730	1726.900
490	1727.000
250	1727.100
180	1727.200
230	1727.200
390	1727.300
410	1727.400
480	1727.400
540	1727.400
590	1727.400
210	1727.700
280	1727.700
630	1727.700
750	1727.700
40	1727.800
260	1727.800
330	1727.900
350	1728.100
430	1728.100
30	1728.200
570	1728.200
710	1728.200
170	1728.300
550	1728.400
760	1728.400
370	1728.500
100	1728.600
610	1728.700
500	1728.800
520	1728.800
790	1728.900
130	1729.000
60	1729.100
320	1729.200
690	1729.200
160	1729.300
420	1729.300
460	1729.500
660	1729.500
340	1729.600
120	1729.800
380	1729.800
580	1729.800
450	1729.900
530	1729.900
440	1730.000
800	1730.200
640	1730.800
650	1730.800
110	1731.100
560	1731.100
190	1731.300
670	1731.300
220	1731.400
270	1731.400
20	1731.600
70	1731.600
200	1732.000
150	1732.200
290	1732.300
300	1732.300
10	1732.400
400	1732.600
740	1732.600
770	1732.600
600	1732.700
90	1732.800
310	1732.800
470	1732.800
780	1732.800
80	1733.100
140	1733.100
700	1733.100
620	1733.200
720	1733.200
360	1733.300
680	1733.400
240	1733.500
510	1733.500
50	1733.700
490	1733.800
730	1733.800
250	1734.000
540	1734.000
180	1734.100
390	1734.100
410	1734.100
480	1734.100
230	1734.200
280	1734.300
590	1734.300
750	1734.400
210	1734.500
330	1734.600
630	1734.600
40	1734.700
260	1734.700
350	1734.800
710	1734.800
550	1734.900
570	1734.900
170	1735.000
430	1735.000
30	1735.100
100	1735.100
760	1735.200
370	1735.300
610	1735.500
130	1735.600
520	1735.600
790	1735.600
500	1735.700
60	1735.800
690	1735.800
320	1736.000
460	1736.000
160	1736.100
340	1736.200
420	1736.200
660	1736.200
120	1736.400
380	1736.500
530	1736.500
440	1736.700
580	1736.700
450	1736.900
800	1736.900
640	1737.500
650	1737.500
220	1737.900
560	1737.900
670	1737.900
110	1738.000
190	1738.000
270	1738.200
20	1738.400
70	1738.500
200	1738.800
150	1738.900
300	1739.000
10	1739.200
290	1739.200
400	1739.200
600	1739.300
740	1739.300
770	1739.300
310	1739.400
780	1739.500
720	1739.600
80	1739.800
90	1739.800
700	1739.800
360	1739.900
470	1739.900
140	1740.000
680	1740.000
620	1740.100
240	1740.200
510	1740.400
50	1740.500
250	1740.600
490	1740.600
480	1740.700
540	1740.700
410	1740.800
730	1740.800
180	1741.000
280	1741.000
390	1741.000
230	1741.100
330	1741.100
590	1741.100
750	1741.100
630	1741.200
210	1741.300
40	1741.500
170	1741.500
260	1741.500
350	1741.500
550	1741.500
570	1741.500
710	1741.500
100	1741.700
30	1741.900
430	1741.900
760	1742.000
370	1742.100
610	1742.200
60	1742.300
520	1742.300
130	1742.400
460	1742.400
500	1742.400
690	1742.400
790	1742.500
660	1742.800
320	1742.900
420	1742.900
340	1743.000
530	1743.000
160	1743.100
120	1743.200
440	1743.300
380	1743.400
450	1743.500
800	1743.500
580	1743.600
640	1744.100
650	1744.200
110	1744.400
220	1744.400
190	1744.600
560	1744.700
670	1744.800
270	1744.900
20	1745.300
70	1745.500
150	1745.500
200	1745.500
300	1745.700
10	1745.900
310	1745.900
780	1745.900
290	1746.000
400	1746.000
770	1746.000
600	1746.100
740	1746.100
700	1746.400
720	1746.400
80	1746.500
360	1746.500
680	1746.500
90	1746.600
140	1746.600
240	1746.700
470	1746.900
50	1747.000
510	1747.200
250	1747.300
480	1747.400
540	1747.500
620	1747.500
730	1747.500
280	1747.600
390	1747.600
410	1747.600
490	1747.600
750	1747.600
330	1747.700
630	1747.700
180	1747.900
230	1747.900
590	1747.900
350	1748.000
170	1748.100
550	1748.100
570	1748.100
40	1748.300
210	1748.300
260	1748.300
100	1748.500
710	1748.500
30	1748.600
430	1748.600
760	1748.600
370	1748.700
60	1748.800
460	1748.800
610	1748.800
690	1748.900
500	1749.000
130	1749.100
520	1749.100
790	1749.100
320	1749.400
420	1749.400
660	1749.400
340	1749.800
530	1749.800
120	1749.900
160	1749.900
440	1750.000
380	1750.100
800	1750.200
450	1750.300
580	1750.300
640	1750.700
650	1750.700
220	1750.900
110	1751.000
190	1751.300
670	1751.300
270	1751.500
560	1751.500
20	1752.000
200	1752.000
70	1752.300
150	1752.300
310	1752.400
10	1752.500
770	1752.500
300	1752.600
400	1752.600
740	1752.600
780	1752.600
290	1752.800
600	1753.000
680	1753.000
80	1753.100
720	1753.200
140	1753.300
360	1753.300
700	1753.300
90	1753.400
470	1753.600
50	1753.700
240	1753.800
250	1754.000
410	1754.000
510	1754.000
390	1754.100
480	1754.100
730	1754.200
750	1754.200
280	1754.300
540	1754.300
330	1754.400
620	1754.400
630	1754.400
180	1754.500
350	1754.600
490	1754.600
570	1754.600
550	1754.700
590	1754.700
170	1754.800
230	1754.800
40	1754.900
260	1755.100
100	1755.200
210	1755.200
710	1755.200
760	1755.200
60	1755.300
370	1755.300
460	1755.300
30	1755.400
430	1755.400
610	1755.400
500	1755.500
690	1755.600
130	1755.800
420	1755.800
520	1755.800
320	1756.000
790	1756.100
660	1756.300
120	1756.400
530	1756.400
160	1756.500
340	1756.500
440	1756.600
380	1756.800
450	1756.800
580	1756.900
800	1756.900
650	1757.100
640	1757.300
220	1757.500
110	1757.600
190	1757.800
670	1757.900
560	1758.100
270	1758.200
20	1758.500
200	1758.700
70	1759.000
310	1759.000
150	1759.200
300	1759.200
400	1759.200
740	1759.200
10	1759.300
770	1759.400
780	1759.400
80	1759.500
290	1759.500
680	1759.500
600	1759.700
700	1759.800
140	1759.900
720	1760.000
90	1760.100
360	1760.300
50	1760.400
240	1760.400
410	1760.600
470	1760.600
250	1760.700
390	1760.700
730	1760.700
480	1760.800
510	1760.800
750	1760.800
180	1761.000
280	1761.000
350	1761.000
630	1761.000
540	1761.100
490	1761.200
620	1761.200
330	1761.300
570	1761.300
590	1761.300
550	1761.400
40	1761.500
170	1761.500
230	1761.500
100	1761.800
210	1761.800
260	1761.800
460	1761.800
610	1761.800
760	1761.900
60	1762.000
370	1762.000
500	1762.000
30	1762.100
430	1762.100
420	1762.200
690	1762.200
710	1762.200
130	1762.400
520	1762.500
320	1762.600
790	1762.700
120	1762.900
160	1763.000
340	1763.000
660	1763.000
530	1763.100
440	1763.300
450	1763.400
380	1763.500
580	1763.500
800	1763.600
650	1763.700
640	1763.900
220	1764.000
110	1764.300
190	1764.400
670	1764.400
560	1764.600
270	1764.700
20	1765.100
200	1765.100
70	1765.500
150	1765.600
310	1765.600
300	1765.700
400	1765.800
740	1765.900
10	1766.000
680	1766.000
770	1766.000
80	1766.100
290	1766.100
780	1766.200
140	1766.400
600	1766.500
700	1766.500
720	1766.600
90	1766.700
50	1767.000
240	1767.000
470	1767.000
360	1767.300
390	1767.300
410	1767.300
480	1767.300
730	1767.400
750	1767.400
180	1767.500
250	1767.500
350	1767.500
510	1767.500
280	1767.700
630	1767.700
490	1767.800
620	1767.800
330	1767.900
540	1767.900
570	1767.900
550	1768.000
230	1768.100
590	1768.100
40	1768.200
610	1768.200
760	1768.300
170	1768.400
260	1768.400
460	1768.400
100	1768.500
420	1768.500
500	1768.600
60	1768.700
210	1768.700
430	1768.700
30	1768.800
370	1768.800
130	1769.100
690	1769.100
710	1769.100
320	1769.200
520	1769.200
120	1769.300
790	1769.300
160	1769.700
340	1769.700
530	1769.700
660	1769.700
440	1769.800
450	1769.900
580	1769.900
380	1770.200
650	1770.300
800	1770.400
640	1770.500
220	1770.700
110	1770.900
670	1770.900
190	1771.000
270	1771.200
560	1771.300
20	1771.700
200	1771.700
70	1772.100
150	1772.100
300	1772.200
400	1772.500
740	1772.500
10	1772.600
310	1772.600
680	1772.600
770	1772.700
80	1772.800
140	1772.900
290	1772.900
700	1773.000
780	1773.200
90	1773.300
600	1773.300
470	1773.500
720	1773.500
240	1773.600
50	1773.700
360	1773.900
480	1773.900
350	1774.000
390	1774.000
730	1774.000
750	1774.100
180	1774.200
250	1774.200
410	1774.200
510	1774.200
280	1774.300
550	1774.400
620	1774.400
330	1774.500
490	1774.500
570	1774.500
230	1774.600
630	1774.600
40	1774.800
610	1774.800
540	1774.900
590	1774.900
760	1774.900
420	1775.000
460	1775.100
100	1775.200
170	1775.200
500	1775.200
60	1775.300
210	1775.400
260	1775.400
370	1775.400
430	1775.400
30	1775.500
130	1775.700
320	1775.700
520	1775.700
710	1775.700
790	1775.700
120	1775.800
160	1776.100
660	1776.100
690	1776.100
340	1776.300
530	1776.300
580	1776.300
440	1776.400
450	1776.500
380	1776.800
650	1776.900
640	1777.000
800	1777.000
190	1777.400
670	1777.400
220	1777.500
270	1777.600
110	1777.700
560	1778.000
20	1778.300
200	1778.300
300	1778.500
150	1778.700
70	1778.800
10	1779.000
740	1779.100
400	1779.200
80	1779.300
310	1779.400
680	1779.400
770	1779.400
140	1779.500
290	1779.600
90	1779.800
780	1779.800
700	1779.900
600	1780.000
470	1780.100
50	1780.400
240	1780.400
720	1780.400
360	1780.600
480	1780.600
350	1780.700
750	1780.700
390	1780.800
620	1780.800
730	1780.800
550	1780.900
180	1781.000
280	1781.000
410	1781.000
510	1781.000
250	1781.100
490	1781.100
230	1781.200
330	1781.200
570	1781.300
610	1781.300
40	1781.400
630	1781.500
420	1781.600
540	1781.600
590	1781.600
760	1781.700
500	1781.800
100	1781.900
30	1782.000
60	1782.000
170	1782.000
210	1782.000
460	1782.000
790	1782.100
370	1782.200
430	1782.200
520	1782.200
120	1782.300
260	1782.300
320	1782.300
710	1782.300
130	1782.400
690	1782.600
160	1782.700
660	1782.700
580	1782.800
340	1782.900
530	1783.000
440	1783.100
450	1783.200
380	1783.300
640	1783.400
650	1783.700
800	1783.700
220	1784.000
670	1784.000
270	1784.100
110	1784.200
190	1784.200
560	1784.700
20	1784.800
200	1785.000
300	1785.000
150	1785.100
10	1785.400
70	1785.500
740	1785.700
80	1785.900
400	1785.900
770	1786.000
90	1786.200
140	1786.300
680	1786.300
780	1786.300
310	1786.400
700	1786.400
290	1786.500
600	1786.700
470	1786.800
240	1787.000
50	1787.100
360	1787.200
720	1787.200
480	1787.300
620	1787.300
390	1787.400
280	1787.500
350	1787.500
550	1787.500
730	1787.500
410	1787.600
510	1787.600
750	1787.600
230	1787.800
250	1787.800
490	1787.800
180	1787.900
330	1787.900
610	1788.000
40	1788.100
570	1788.100
540	1788.200
590	1788.200
760	1788.200
500	1788.300
630	1788.300
30	1788.400
420	1788.400
210	1788.600
790	1788.600
60	1788.700
100	1788.700
170	1788.700
120	1788.800
260	1788.800
460	1788.800
710	1788.800
130	1788.900
320	1788.900
370	1788.900
430	1788.900
520	1788.900
660	1789.200
580	1789.300
690	1789.300
160	1789.500
530	1789.600
340	1789.800
440	1789.800
640	1789.800
450	1789.900
380	1790.100
650	1790.300
800	1790.400
220	1790.600
270	1790.600
670	1790.600
110	1790.700
190	1790.900
20	1791.400
560	1791.500
300	1791.600
150	1791.700
200	1791.700
10	1791.800
740	1792.300
400	1792.400
70	1792.500
80	1792.500
90	1792.600
770	1792.600
140	1792.900
780	1792.900
700	1793.000
310	1793.200
600	1793.300
680	1793.300
470	1793.500
240	1793.600
290	1793.600
50	1793.800
360	1793.900
620	1793.900
720	1794.000
390	1794.100
480	1794.100
280	1794.200
550	1794.300
730	1794.300
350	1794.400
410	1794.400
510	1794.400
750	1794.400
250	1794.600
610	1794.600
760	1794.600
230	1794.700
490	1794.700
180	1794.800
330	1794.800
540	1794.800
40	1794.900
500	1794.900
630	1794.900
30	1795.000
420	1795.000
590	1795.000
570	1795.100
60	1795.200
170	1795.200
100	1795.300
120	1795.400
130	1795.400
210	1795.400
430	1795.400
520	1795.400
710	1795.400
790	1795.400
320	1795.600
370	1795.600
460	1795.600
260	1795.700
690	1795.700
660	1795.800
580	1795.900
530	1796.000
160	1796.300
640	1796.400
450	1796.500
340	1796.600
440	1796.700
380	1796.800
800	1797.000
220	1797.100
270	1797.100
110	1797.200
650	1797.200
670	1797.300
190	1797.600
20	1798.100
560	1798.100
150	1798.200
300	1798.200
200	1798.300
10	1798.500
740	1798.900
80	1799.000
400	1799.100
90	1799.200
70	1799.300
770	1799.300
140	1799.400
780	1799.600
310	1799.700
700	1799.700
680	1800.000
470	1800.300
50	1800.400
240	1800.400
600	1800.400
290	1800.600
360	1800.600
620	1800.600
390	1800.700
280	1800.800
480	1800.800
730	1800.800
410	1800.900
720	1800.900
550	1801.000
760	1801.000
350	1801.100
490	1801.200
510	1801.200
610	1801.200
540	1801.300
750	1801.300
250	1801.400
630	1801.400
330	1801.500
590	1801.500
40	1801.600
230	1801.600
420	1801.700
30	1801.800
170	1801.800
500	1801.800
570	1801.800
60	1801.900
180	1801.900
130	1802.000
790	1802.000
100	1802.100
210	1802.100
370	1802.100
430	1802.100
520	1802.100
710	1802.100
690	1802.200
120	1802.300
260	1802.300
460	1802.300
660	1802.400
320	1802.500
530	1802.500
580	1802.600
640	1803.100
160	1803.200
450	1803.200
800	1803.300
340	1803.400
440	1803.400
220	1803.600
380	1803.600
110	1803.900
270	1803.900
670	1803.900
650	1804.000
190	1804.500
150	1804.800
560	1804.800
20	1804.900
200	1804.900
300	1804.900
10	1805.100
740	1805.600
400	1805.700
80	1805.800
770	1805.900
140	1806.000
90	1806.100
70	1806.200
700	1806.300
310	1806.400
780	1806.400
680	1806.700
50	1807.100
240	1807.100
280	1807.100
390	1807.200
620	1807.200
290	1807.300
470	1807.300
480	1807.400
360	1807.500
600	1807.500
730	1807.500
760	1807.500
410	1807.600
350	1807.700
720	1807.700
610	1807.800
540	1807.900
550	1807.900
750	1807.900
490	1808.000
590	1808.000
40	1808.100
630	1808.100
250	1808.200
30	1808.300
230	1808.300
330	1808.300
510	1808.300
420	1808.400
570	1808.500
60	1808.600
100	1808.600
130	1808.600
170	1808.600
210	1808.600
790	1808.600
180	1808.700
370	1808.700
430	1808.700
500	1808.800
690	1808.800
520	1808.900
260	1809.100
460	1809.100
530	1809.100
710	1809.100
660	1809.200
120	1809.300
320	1809.300
580	1809.300
640	1809.600
800	1809.600
450	1809.700
160	1809.800
220	1810.100
340	1810.100
440	1810.100
380	1810.300
670	1810.400
110	1810.500
650	1810.700
270	1811.000
560	1811.300
150	1811.400
190	1811.400
300	1811.400
20	1811.500
10	1811.600
200	1811.700
400	1812.400
80	1812.500
740	1812.500
770	1812.500
140	1812.700
90	1812.800
70	1812.900
310	1813.000
700	1813.100
780	1813.100
680	1813.300
240	1813.600
50	1813.900
280	1813.900
390	1813.900
760	1813.900
290	1814.000
730	1814.000
360	1814.100
480	1814.100
470	1814.200
350	1814.300
620	1814.300
720	1814.300
410	1814.400
540	1814.400
600	1814.400
610	1814.500
490	1814.600
550	1814.600
630	1814.700
40	1814.800
250	1814.800
590	1814.800
750	1814.800
30	1815.000
420	1815.000
230	1815.100
60	1815.200
100	1815.200
130	1815.200
330	1815.200
570	1815.200
210	1815.300
430	1815.300
510	1815.300
790	1815.300
170	1815.400
370	1815.500
520	1815.500
180	1815.600
260	1815.600
690	1815.600
500	1815.700
530	1815.800
460	1815.900
320	1816.000
120	1816.100
660	1816.100
450	1816.200
580	1816.300
640	1816.300
710	1816.300
800	1816.300
160	1816.500
220	1816.600
440	1816.800
340	1816.900
380	1817.000
670	1817.100
110	1817.400
650	1817.400
270	1817.700
300	1817.900
560	1817.900
190	1818.000
20	1818.100
150	1818.100
200	1818.200
10	1818.300
400	1819.000
770	1819.000
80	1819.200
740	1819.200
140	1819.400
70	1819.600
90	1819.600
310	1819.600
700	1819.800
780	1819.800
680	1820.000
240	1820.200
730	1820.500
290	1820.600
50	1820.700
280	1820.700
360	1820.700
760	1820.700
350	1820.800
390	1820.800
470	1820.800
480	1820.900
410	1821.000
540	1821.000
600	1821.100
610	1821.100
620	1821.100
490	1821.200
550	1821.200
720	1821.200
630	1821.300
40	1821.500
250	1821.500
590	1821.500
30	1821.600
420	1821.600
750	1821.600
130	1821.700
100	1821.800
60	1821.900
330	1821.900
510	1822.000
570	1822.000
210	1822.100
230	1822.100
370	1822.100
430	1822.100
170	1822.200
790	1822.200
500	1822.300
520	1822.300
690	1822.300
180	1822.400
260	1822.400
320	1822.600
530	1822.600
450	1822.700
800	1822.800
640	1822.900
120	1823.000
220	1823.000
660	1823.000
460	1823.100
160	1823.200
710	1823.200
580	1823.300
440	1823.500
340	1823.600
380	1823.600
670	1823.600
110	1824.100
650	1824.100
270	1824.300
300	1824.500
560	1824.500
190	1824.600
200	1824.700
20	1824.800
150	1824.800
10	1825.000
770	1825.300
400	1825.700
740	1825.800
80	1825.900
70	1826.200
310	1826.300
90	1826.400
140	1826.400
700	1826.400
780	1826.400
680	1826.600
240	1826.900
730	1827.200
290	1827.300
760	1827.300
350	1827.400
50	1827.500
470	1827.500
280	1827.600
360	1827.600
410	1827.600
480	1827.600
390	1827.800
600	1827.800
610	1827.800
620	1827.800
490	1827.900
550	1827.900
630	1827.900
720	1827.900
540	1828.000
250	1828.100
30	1828.300
40	1828.300
130	1828.300
590	1828.400
330	1828.500
420	1828.500
750	1828.600
60	1828.700
100	1828.700
230	1828.800
370	1828.800
500	1828.800
570	1828.800
210	1828.900
430	1828.900
510	1828.900
180	1829.000
260	1829.000
790	1829.000
170	1829.100
520	1829.200
690	1829.300
320	1829.400
450	1829.500
530	1829.500
220	1829.600
640	1829.600
120	1829.700
660	1829.700
800	1829.700
460	1829.900
670	1830.000
710	1830.000
160	1830.100
580	1830.100
340	1830.200
440	1830.200
380	1830.300
110	1830.700
650	1830.700
270	1830.900
560	1831.000
300	1831.100
190	1831.300
200	1831.400
150	1831.500
10	1831.600
20	1831.700
770	1831.800
400	1832.500
740	1832.500
70	1832.700
80	1832.700
310	1833.000
700	1833.000
780	1833.000
90	1833.100
140	1833.200
680	1833.200
240	1833.700
730	1833.800
350	1833.900
290	1834.000
760	1834.000
470	1834.300
280	1834.400
360	1834.400
480	1834.400
620	1834.400
410	1834.500
490	1834.500
610	1834.500
50	1834.600
390	1834.600
550	1834.700
630	1834.700
250	1834.800
720	1834.800
600	1834.900
40	1835.000
540	1835.000
130	1835.100
590	1835.100
30	1835.200
330	1835.200
750	1835.300
60	1835.400
100	1835.400
420	1835.400
500	1835.400
230	1835.500
370	1835.500
180	1835.600
260	1835.600
570	1835.600
210	1835.700
430	1835.700
510	1835.800
790	1835.900
520	1836.000
170	1836.100
220	1836.300
320	1836.300
690	1836.300
800	1836.300
450	1836.400
660	1836.400
120	1836.500
530	1836.500
640	1836.500
670	1836.600
160	1836.700
580	1836.700
710	1836.700
340	1836.800
440	1836.900
460	1836.900
380	1837.000
110	1837.200
650	1837.300
560	1837.400
270	1837.500
190	1837.800
300	1837.800
200	1837.900
10	1838.300
150	1838.300
20	1838.400
770	1838.400
70	1839.100
740	1839.200
80	1839.400
310	1839.600
400	1839.600
90	1839.800
700	1839.800
780	1839.800
680	1839.900
140	1840.000
240	1840.500
350	1840.500
290	1840.600
760	1840.600
730	1840.800
470	1841.000
280	1841.100
620	1841.100
360	1841.200
480	1841.200
490	1841.200
720	1841.400
250	1841.500
610	1841.500
630	1841.500
50	1841.600
410	1841.600
390	1841.700
550	1841.700
130	1841.800
540	1841.900
590	1841.900
750	1841.900
30	1842.000
40	1842.000
60	1842.000
600	1842.000
260	1842.200
420	1842.200
100	1842.300
180	1842.300
230	1842.300
500	1842.300
570	1842.300
330	1842.400
370	1842.500
430	1842.500
210	1842.600
510	1842.600
520	1842.700
790	1842.800
170	1842.900
690	1842.900
660	1843.000
220	1843.100
320	1843.200
530	1843.200
640	1843.200
800	1843.200
450	1843.300
580	1843.300
710	1843.300
120	1843.400
160	1843.400
670	1843.400
340	1843.500
440	1843.500
380	1843.600
460	1843.700
110	1843.900
560	1843.900
650	1843.900
270	1844.000
190	1844.500
300	1844.500
200	1844.600
150	1844.700
20	1844.800
10	1844.900
770	1845.200
70	1845.600
740	1846.000
80	1846.100
90	1846.300
310	1846.300
400	1846.400
680	1846.600
780	1846.600
140	1846.800
700	1846.900
350	1847.200
240	1847.300
290	1847.400
760	1847.400
280	1847.600
470	1847.700
730	1847.700
620	1847.800
360	1847.900
490	1847.900
480	1848.000
250	1848.200
410	1848.300
630	1848.300
720	1848.300
130	1848.400
610	1848.400
590	1848.600
30	1848.700
60	1848.700
390	1848.700
600	1848.700
750	1848.700
420	1848.800
550	1848.800
570	1848.800
40	1848.900
260	1848.900
50	1849.000
180	1849.000
230	1849.000
540	1849.000
370	1849.100
430	1849.300
170	1849.400
210	1849.400
330	1849.400
500	1849.400
100	1849.500
660	1849.500
790	1849.500
520	1849.600
690	1849.600
510	1849.700
220	1849.900
320	1849.900
450	1849.900
530	1849.900
640	1849.900
580	1850.000
710	1850.000
380	1850.100
120	1850.200
160	1850.200
340	1850.200
670	1850.200
800	1850.200
460	1850.400
440	1850.500
560	1850.500
650	1850.500
270	1850.800
110	1850.900
300	1851.000
150	1851.200
200	1851.300
10	1851.400
20	1851.500
190	1851.500
770	1851.800
740	1852.400
70	1852.500
310	1852.900
80	1853.000
90	1853.000
400	1853.200
780	1853.200
680	1853.500
700	1853.700
140	1853.800
350	1853.900
240	1854.000
280	1854.100
760	1854.300
290	1854.400
470	1854.400
730	1854.600
360	1854.700
480	1854.800
490	1854.800
620	1854.800
250	1855.000
410	1855.000
720	1855.000
590	1855.200
610	1855.200
30	1855.300
60	1855.300
630	1855.400
130	1855.500
390	1855.500
420	1855.500
570	1855.500
230	1855.600
600	1855.600
260	1855.700
540	1855.700
180	1855.800
370	1855.800
750	1855.800
50	1855.900
550	1855.900
40	1856.000
660	1856.000
430	1856.100
100	1856.200
170	1856.200
330	1856.200
690	1856.200
210	1856.300
790	1856.300
320	1856.400
520	1856.400
510	1856.500
450	1856.600
500	1856.600
710	1856.600
220	1856.700
530	1856.700
640	1856.700
340	1856.900
580	1856.900
670	1856.900
120	1857.000
160	1857.000
380	1857.000
460	1857.100
800	1857.100
650	1857.200
560	1857.300
440	1857.400
270	1857.500
150	1857.800
300	1857.800
10	1857.900
110	1857.900
200	1858.000
20	1858.100
190	1858.300
770	1858.500
740	1859.000
70	1859.100
310	1859.400
80	1859.600
90	1859.700
780	1859.800
400	1860.000
350	1860.400
680	1860.500
700	1860.500
240	1860.600
140	1860.700
760	1861.000
280	1861.200
290	1861.200
470	1861.200
480	1861.400
490	1861.400
730	1861.400
410	1861.600
250	1861.700
360	1861.700
720	1861.700
610	1861.900
620	1861.900
590	1862.000
30	1862.100
60	1862.100
420	1862.200
570	1862.200
600	1862.200
130	1862.300
540	1862.300
230	1862.400
260	1862.400
390	1862.400
630	1862.500
370	1862.600
550	1862.600
660	1862.600
40	1862.700
50	1862.700
170	1862.700
750	1862.700
330	1862.900
430	1862.900
690	1862.900
180	1863.000
100	1863.100
210	1863.100
320	1863.100
450	1863.100
510	1863.100
790	1863.200
220	1863.400
710	1863.400
520	1863.500
530	1863.600
640	1863.600
340	1863.700
500	1863.700
580	1863.700
670	1863.700
160	1863.800
460	1863.800
380	1863.900
800	1863.900
120	1864.000
270	1864.000
650	1864.000
440	1864.100
560	1864.100
20	1864.500
300	1864.500
10	1864.600
200	1864.600
110	1864.700
150	1864.700
190	1865.000
770	1865.100
740	1865.500
310	1865.700
70	1865.800
80	1866.400
780	1866.400
90	1866.500
400	1866.800
350	1867.100
680	1867.200
700	1867.200
140	1867.300
240	1867.400
760	1867.600
290	1867.800
470	1867.800
480	1867.900
490	1868.000
730	1868.000
280	1868.100
410	1868.300
360	1868.400
720	1868.400
250	1868.600
590	1868.700
610	1868.800
30	1868.900
600	1868.900
130	1869.000
420	1869.100
540	1869.100
570	1869.100
60	1869.200
550	1869.200
230	1869.300
260	1869.300
390	1869.300
620	1869.300
40	1869.400
370	1869.400
630	1869.400
660	1869.400
750	1869.400
50	1869.500
330	1869.700
170	1869.800
180	1869.800
320	1869.800
430	1869.800
450	1869.800
690	1869.900
100	1870.000
510	1870.000
790	1870.000
210	1870.100
220	1870.100
460	1870.300
520	1870.300
530	1870.300
160	1870.400
670	1870.400
500	1870.500
800	1870.500
640	1870.600
710	1870.600
340	1870.800
380	1870.800
580	1870.800
270	1870.900
440	1870.900
650	1870.900
120	1871.000
560	1871.000
300	1871.200
10	1871.300
20	1871.300
110	1871.500
200	1871.600
150	1871.700
190	1871.800
770	1871.800
740	1872.100
310	1872.200
70	1872.500
80	1873.100
90	1873.200
780	1873.200
400	1873.400
350	1873.800
700	1873.800
140	1874.000
240	1874.000
680	1874.000
760	1874.100
470	1874.300
480	1874.500
290	1874.600
490	1874.600
730	1874.800
360	1874.900
280	1875.000
410	1875.100
720	1875.100
590	1875.200
250	1875.400
30	1875.700
600	1875.700
420	1875.800
570	1875.800
610	1875.800
60	1875.900
130	1875.900
550	1875.900
540	1876.000
50	1876.100
370	1876.100
660	1876.100
750	1876.100
40	1876.200
230	1876.200
620	1876.300
630	1876.300
260	1876.500
330	1876.500
390	1876.500
430	1876.600
450	1876.600
180	1876.700
790	1876.700
100	1876.800
170	1876.800
220	1876.800
320	1876.800
690	1876.800
460	1876.900
510	1876.900
210	1877.100
800	1877.100
500	1877.200
520	1877.200
530	1877.200
670	1877.200
160	1877.400
640	1877.400
710	1877.500
380	1877.700
580	1877.700
650	1877.700
270	1877.800
440	1877.800
560	1877.800
120	1877.900
300	1877.900
340	1877.900
110	1878.200
10	1878.300
200	1878.300
20	1878.400
150	1878.400
190	1878.500
770	1878.500
740	1878.700
310	1878.800
70	1879.200
90	1879.800
780	1879.800
80	1879.900
400	1880.100
350	1880.300
700	1880.300
140	1880.600
760	1880.600
240	1880.700
470	1880.700
680	1880.700
490	1881.100
290	1881.200
480	1881.200
730	1881.500
360	1881.600
410	1881.700
280	1881.800
590	1881.900
720	1881.900
250	1882.100
60	1882.500
600	1882.500
30	1882.700
50	1882.700
420	1882.700
570	1882.700
550	1882.800
750	1882.800
610	1882.900
620	1882.900
660	1882.900
130	1883.000
40	1883.100
230	1883.100
540	1883.100
630	1883.100
390	1883.200
370	1883.300
330	1883.400
430	1883.400
450	1883.400
170	1883.500
790	1883.500
220	1883.600
460	1883.600
510	1883.600
690	1883.600
100	1883.700
180	1883.700
320	1883.700
500	1883.700
260	1883.800
800	1883.800
210	1884.100
530	1884.100
670	1884.100
710	1884.100
520	1884.200
640	1884.200
380	1884.500
160	1884.600
300	1884.600
340	1884.600
440	1884.600
560	1884.600
650	1884.600
270	1884.700
580	1884.700
120	1884.900
10	1885.100
110	1885.100
150	1885.100
770	1885.100
20	1885.200
200	1885.200
740	1885.200
190	1885.300
310	1885.500
70	1886.000
780	1886.300
90	1886.500
80	1886.600
350	1886.700
400	1886.700
700	1886.900
140	1887.200
470	1887.200
760	1887.200
240	1887.400
680	1887.400
490	1887.700
290	1887.900
480	1887.900
730	1888.000
410	1888.200
280	1888.400
360	1888.400
720	1888.600
250	1888.800
590	1888.800
60	1889.300
420	1889.400
30	1889.500
570	1889.600
600	1889.600
750	1889.600
550	1889.700
50	1889.800
660	1889.800
40	1889.900
230	1889.900
390	1889.900
620	1889.900
630	1889.900
610	1890.000
130	1890.100
430	1890.100
540	1890.100
330	1890.200
370	1890.200
170	1890.300
450	1890.300
460	1890.300
180	1890.400
510	1890.400
790	1890.400
220	1890.500
320	1890.500
500	1890.500
690	1890.500
100	1890.600
800	1890.700
260	1890.800
670	1890.800
710	1890.800
640	1890.900
210	1891.000
530	1891.000
520	1891.100
160	1891.300
340	1891.300
650	1891.400
270	1891.500
380	1891.500
440	1891.500
300	1891.600
560	1891.600
120	1891.700
580	1891.700
740	1891.800
10	1891.900
770	1891.900
150	1892.000
190	1892.000
200	1892.000
110	1892.100
310	1892.100
20	1892.400
70	1892.600
780	1892.900
350	1893.100
90	1893.200
80	1893.300
400	1893.300
700	1893.300
470	1893.700
680	1893.800
140	1893.900
760	1893.900
240	1894.000
490	1894.400
290	1894.500
480	1894.600
730	1894.700
410	1894.900
360	1895.000
720	1895.000
280	1895.200
590	1895.500
250	1895.700
60	1895.900
30	1896.000
420	1896.000
600	1896.300
570	1896.500
230	1896.600
550	1896.600
620	1896.600
660	1896.600
40	1896.700
430	1896.700
750	1896.700
50	1896.800
370	1896.800
390	1896.800
630	1896.800
330	1896.900
540	1896.900
610	1896.900
450	1897.000
130	1897.100
510	1897.100
170	1897.200
220	1897.200
790	1897.200
180	1897.300
320	1897.300
500	1897.300
690	1897.300
460	1897.400
710	1897.400
800	1897.400
260	1897.600
640	1897.600
670	1897.600
100	1897.700
520	1897.700
530	1897.700
160	1897.800
210	1897.800
340	1898.000
440	1898.100
120	1898.200
270	1898.200
580	1898.200
650	1898.300
740	1898.300
300	1898.500
380	1898.500
560	1898.500
150	1898.600
190	1898.600
310	1898.600
10	1898.700
200	1898.700
110	1898.800
770	1898.800
70	1899.200
20	1899.300
780	1899.700
80	1899.800
90	1899.800
350	1899.800
700	1899.900
400	1900.200
470	1900.200
680	1900.400
760	1900.400
140	1900.500
240	1900.500
290	1901.000
490	1901.100
480	1901.200
730	1901.200
360	1901.600
410	1901.600
720	1901.700
280	1901.900
590	1902.100
60	1902.400
250	1902.500
30	1902.700
420	1902.700
600	1902.900
230	1903.300
620	1903.300
570	1903.400
50	1903.500
430	1903.500
550	1903.500
610	1903.500
370	1903.600
390	1903.600
660	1903.600
40	1903.700
450	1903.700
630	1903.700
750	1903.700
510	1903.800
540	1903.800
170	1903.900
330	1903.900
130	1904.000
220	1904.000
690	1904.000
710	1904.000
790	1904.000
260	1904.100
320	1904.100
530	1904.200
800	1904.200
210	1904.300
460	1904.300
500	1904.300
180	1904.400
640	1904.400
100	1904.500
160	1904.500
520	1904.500
670	1904.500
340	1904.800
120	1904.900
440	1904.900
580	1904.900
740	1904.900
650	1905.000
270	1905.100
300	1905.100
310	1905.100
150	1905.200
190	1905.200
200	1905.200
560	1905.300
10	1905.400
380	1905.400
770	1905.500
110	1905.600
70	1905.800
20	1906.100
780	1906.200
80	1906.300
350	1906.400
90	1906.500
700	1906.500
470	1906.800
680	1906.800
400	1906.900
240	1907.000
140	1907.300
290	1907.300
760	1907.300
730	1907.500
480	1907.700
490	1907.700
410	1908.100
360	1908.200
720	1908.300
280	1908.500
590	1908.900
60	1909.100
30	1909.300
250	1909.300
420	1909.500
600	1909.500
570	1910.000
610	1910.000
230	1910.100
370	1910.200
550	1910.200
620	1910.200
390	1910.300
430	1910.300
40	1910.400
50	1910.400
660	1910.400
750	1910.400
130	1910.500
170	1910.500
450	1910.500
510	1910.500
630	1910.500
790	1910.500
320	1910.600
260	1910.700
330	1910.700
540	1910.700
690	1910.700
710	1910.700
220	1910.800
530	1910.800
670	1910.900
800	1910.900
210	1911.000
460	1911.000
160	1911.100
500	1911.100
520	1911.100
180	1911.200
640	1911.200
340	1911.300
580	1911.300
100	1911.400
650	1911.400
740	1911.400
270	1911.500
440	1911.500
120	1911.600
200	1911.600
300	1911.600
310	1911.600
560	1911.700
190	1911.800
770	1911.800
10	1911.900
150	1911.900
380	1911.900
110	1912.100
70	1912.200
780	1912.500
20	1912.600
80	1912.700
350	1912.700
700	1912.800
90	1912.900
680	1913.200
240	1913.400
470	1913.400
290	1913.700
400	1913.700
760	1913.700
730	1913.800
140	1914.000
480	1914.100
490	1914.100
360	1914.500
410	1914.500
720	1914.500
280	1915.000
590	1915.400
60	1915.500
30	1915.900
250	1915.900
420	1916.000
600	1916.000
570	1916.500
230	1916.600
610	1916.600
390	1916.700
550	1916.700
50	1916.800
130	1916.800
170	1916.800
620	1916.800
40	1916.900
370	1916.900
660	1916.900
430	1917.000
450	1917.000
510	1917.000
630	1917.000
790	1917.000
750	1917.100
320	1917.200
530	1917.200
540	1917.200
710	1917.200
260	1917.300
330	1917.300
670	1917.300
690	1917.300
220	1917.400
800	1917.400
160	1917.600
180	1917.600
210	1917.600
460	1917.600
520	1917.600
640	1917.600
270	1917.700
340	1917.700
580	1917.700
500	1917.800
650	1917.800
300	1917.900
120	1918.000
440	1918.000
740	1918.000
100	1918.100
310	1918.100
560	1918.100
190	1918.200
200	1918.200
770	1918.200
10	1918.300
150	1918.300
380	1918.300
110	1918.500
70	1918.600
780	1918.700
20	1918.900
80	1919.000
350	1919.000
90	1919.200
700	1919.200
680	1919.500
240	1919.600
290	1919.900
470	1919.900
760	1919.900
730	1920.000
400	1920.100
490	1920.300
140	1920.400
480	1920.400
410	1920.700
360	1920.800
720	1920.900
280	1921.300
60	1921.800
590	1921.800
30	1922.300
600	1922.300
420	1922.400
250	1922.500
570	1922.900
390	1923.000
610	1923.100
50	1923.200
130	1923.200
230	1923.200
550	1923.200
660	1923.200
40	1923.300
170	1923.300
430	1923.300
370	1923.400
450	1923.400
510	1923.400
620	1923.400
750	1923.400
790	1923.400
630	1923.500
690	1923.500
330	1923.600
530	1923.600
220	1923.700
540	1923.700
670	1923.700
800	1923.700
260	1923.800
320	1923.800
210	1923.900
520	1923.900
640	1923.900
710	1923.900
160	1924.000
180	1924.000
270	1924.000
460	1924.000
340	1924.100
300	1924.200
580	1924.200
120	1924.300
500	1924.300
560	1924.300
740	1924.300
650	1924.400
100	1924.500
310	1924.500
440	1924.500
770	1924.500
10	1924.600
190	1924.600
110	1924.700
150	1924.700
200	1924.700
380	1924.700
70	1924.900
780	1925.000
350	1925.200
20	1925.300
80	1925.300
90	1925.400
700	1925.500
240	1925.700
680	1925.800
470	1926.100
730	1926.100
760	1926.100
290	1926.200
400	1926.400
490	1926.500
140	1926.700
480	1926.700
410	1926.900
360	1927.100
720	1927.100
280	1927.400
60	1928.100
590	1928.100
30	1928.500
600	1928.500
420	1928.700
250	1928.900
390	1929.100
570	1929.300
130	1929.400
230	1929.400
660	1929.500
50	1929.600
170	1929.600
370	1929.600
430	1929.600
550	1929.600
610	1929.600
750	1929.600
790	1929.600
40	1929.700
510	1929.700
620	1929.700
690	1929.700
530	1929.800
330	1929.900
450	1929.900
800	1929.900
670	1930.000
220	1930.100
260	1930.100
320	1930.100
520	1930.100
540	1930.100
630	1930.100
270	1930.200
640	1930.200
180	1930.300
340	1930.300
460	1930.300
710	1930.300
160	1930.400
120	1930.500
210	1930.500
300	1930.500
500	1930.500
560	1930.600
740	1930.600
440	1930.700
580	1930.700
100	1930.800
110	1930.800
310	1930.800
650	1930.800
770	1930.800
10	1930.900
150	1930.900
190	1930.900
200	1930.900
380	1930.900
780	1931.100
70	1931.300
350	1931.300
80	1931.500
20	1931.600
90	1931.600
700	1931.700
240	1931.900
680	1932.000
730	1932.000
470	1932.200
760	1932.200
290	1932.500
490	1932.500
400	1932.600
480	1932.700
140	1932.800
410	1933.000
720	1933.100
360	1933.200
280	1933.500
60	1934.300
590	1934.300
30	1934.600
600	1934.600
420	1934.900
250	1935.100
390	1935.200
230	1935.400
570	1935.400
130	1935.500
50	1935.600
430	1935.600
660	1935.600
370	1935.700
790	1935.700
170	1935.800
690	1935.800
750	1935.800
40	1935.900
510	1935.900
530	1935.900
550	1935.900
610	1935.900
620	1935.900
330	1936.000
800	1936.000
450	1936.100
670	1936.100
220	1936.200
270	1936.200
460	1936.300
520	1936.300
180	1936.400
260	1936.400
320	1936.400
340	1936.400
540	1936.400
630	1936.400
710	1936.500
120	1936.600
160	1936.600
300	1936.600
500	1936.600
640	1936.600
210	1936.700
560	1936.700
100	1936.900
310	1936.900
440	1936.900
580	1936.900
650	1936.900
740	1936.900
110	1937.000
150	1937.000
200	1937.000
770	1937.000
10	1937.100
190	1937.100
380	1937.100
780	1937.200
70	1937.400
350	1937.400
90	1937.600
20	1937.700
80	1937.700
700	1937.700
240	1937.900
730	1938.000
680	1938.100
760	1938.200
470	1938.300
490	1938.500
140	1938.700
290	1938.700
400	1938.700
480	1938.700
410	1939.000
720	1939.100
360	1939.300
280	1939.500
60	1940.400
590	1940.400
30	1940.700
600	1940.700
420	1940.900
250	1941.300
390	1941.300
230	1941.500
570	1941.500
130	1941.600
50	1941.700
430	1941.700
790	1941.700
370	1941.800
660	1941.800
40	1941.900
170	1941.900
530	1941.900
690	1941.900
750	1941.900
510	1942.000
550	1942.000
610	1942.000
620	1942.000
270	1942.100
330	1942.100
450	1942.100
800	1942.100
670	1942.200
220	1942.300
460	1942.300
180	1942.400
340	1942.400
520	1942.400
320	1942.500
160	1942.600
260	1942.600
540	1942.600
710	1942.600
120	1942.700
500	1942.700
560	1942.700
630	1942.700
640	1942.700
100	1942.800
300	1942.800
210	1942.900
440	1942.900
580	1942.900
740	1942.900
110	1943.000
150	1943.000
200	1943.000
310	1943.000
650	1943.000
770	1943.000
190	1943.100
10	1943.200
380	1943.200
780	1943.200
350	1943.300
70	1943.400
20	1943.700
80	1943.700
90	1943.700
700	1943.700
240	1943.900
730	1943.900
680	1944.000
760	1944.000
470	1944.300
490	1944.400
140	1944.600
480	1944.600
290	1944.700
400	1944.700
410	1944.800
720	1945.100
360	1945.200
280	1945.500
60	1946.400
590	1946.400
30	1946.600
600	1946.700
420	1946.900
250	1947.300
390	1947.300
230	1947.400
570	1947.500
50	1947.600
430	1947.600
130	1947.700
370	1947.700
790	1947.700
660	1947.800
690	1947.800
40	1947.900
170	1947.900
530	1947.900
330	1948.000
450	1948.000
510	1948.000
610	1948.000
750	1948.000
800	1948.000
270	1948.100
550	1948.100
620	1948.100
670	1948.200
220	1948.300
340	1948.300
460	1948.300
180	1948.400
520	1948.400
120	1948.600
320	1948.600
500	1948.600
560	1948.600
710	1948.600
100	1948.700
160	1948.700
260	1948.700
540	1948.700
640	1948.700
300	1948.800
440	1948.800
630	1948.800
110	1948.900
150	1948.900
210	1948.900
740	1948.900
200	1949.000
310	1949.000
580	1949.000
650	1949.000
770	1949.000
190	1949.100
10	1949.200
350	1949.200
380	1949.200
70	1949.300
780	1949.300
20	1949.600
80	1949.600
90	1949.600
240	1949.700
700	1949.700
730	1949.800
680	1949.900
760	1949.900
470	1950.200
140	1950.400
490	1950.400
480	1950.500
290	1950.600
410	1950.600
400	1950.700
720	1951.000
360	1951.100
280	1951.400
60	1952.300
590	1952.400
30	1952.500
600	1952.700
420	1952.800
230	1953.300
250	1953.300
390	1953.300
430	1953.500
570	1953.500
50	1953.600
790	1953.600
370	1953.700
690	1953.700
130	1953.800
170	1953.800
450	1953.800
660	1953.800
40	1953.900
330	1953.900
510	1953.900
530	1953.900
800	1953.900
270	1954.000
550	1954.000
610	1954.000
620	1954.100
670	1954.100
750	1954.100
220	1954.200
340	1954.200
460	1954.200
520	1954.200
180	1954.300
560	1954.400
120	1954.500
500	1954.500
710	1954.500
100	1954.600
320	1954.600
160	1954.700
260	1954.700
300	1954.700
440	1954.700
640	1954.700
110	1954.800
150	1954.800
210	1954.800
310	1954.800
540	1954.800
740	1954.800
580	1954.900
630	1954.900
650	1954.900
200	1955.000
770	1955.000
10	1955.100
190	1955.100
350	1955.100
380	1955.200
780	1955.200
70	1955.300
90	1955.400
20	1955.500
80	1955.500
240	1955.600
700	1955.600
730	1955.700
760	1955.700
680	1955.800
470	1956.100
140	1956.200
490	1956.200
480	1956.300
410	1956.400
290	1956.500
400	1956.500
720	1956.900
360	1957.000
280	1957.200
60	1958.200
590	1958.300
30	1958.400
600	1958.600
420	1958.700
230	1959.200
250	1959.200
390	1959.200
430	1959.400
570	1959.400
790	1959.500
50	1959.600
370	1959.600
690	1959.600
40	1959.700
170	1959.700
450	1959.700
130	1959.800
330	1959.800
510	1959.800
530	1959.800
660	1959.800
800	1959.800
270	1959.900
550	1959.900
340	1960.000
520	1960.000
610	1960.000
670	1960.000
220	1960.100
460	1960.100
620	1960.100
750	1960.100
180	1960.200
560	1960.200
120	1960.300
500	1960.400
710	1960.400
100	1960.500
440	1960.500
110	1960.600
150	1960.600
160	1960.600
300	1960.600
320	1960.600
210	1960.700
260	1960.700
310	1960.700
540	1960.700
640	1960.700
740	1960.700
580	1960.800
650	1960.800
200	1960.900
350	1960.900
630	1960.900
770	1960.900
10	1961.000
190	1961.000
780	1961.100
380	1961.200
70	1961.300
90	1961.300
20	1961.400
80	1961.400
240	1961.500
700	1961.500
730	1961.500
760	1961.500
680	1961.600
470	1961.900
140	1962.000
490	1962.000
480	1962.100
410	1962.200
400	1962.300
290	1962.400
360	1962.800
720	1962.800
280	1963.000
60	1964.000
30	1964.200
590	1964.200
600	1964.400
420	1964.500
230	1965.100
250	1965.100
390	1965.100
430	1965.200
570	1965.300
790	1965.300
370	1965.400
40	1965.500
50	1965.500
450	1965.500
690	1965.500
170	1965.600
330	1965.600
530	1965.600
800	1965.600
130	1965.700
270	1965.700
510	1965.700
660	1965.700
340	1965.800
520	1965.800
550	1965.800
460	1965.900
610	1965.900
670	1965.900
220	1966.000
560	1966.000
620	1966.000
120	1966.100
180	1966.100
750	1966.100
440	1966.300
500	1966.300
710	1966.300
100	1966.400
110	1966.400
150	1966.400
160	1966.500
300	1966.500
320	1966.500
740	1966.500
210	1966.600
310	1966.600
540	1966.600
650	1966.600
200	1966.700
260	1966.700
350	1966.700
580	1966.700
640	1966.700
770	1966.700
190	1966.800
630	1966.800
10	1966.900
780	1967.000
70	1967.100
380	1967.100
20	1967.200
90	1967.200
760	1967.200
80	1967.300
240	1967.300
730	1967.300
680	1967.400
700	1967.400
140	1967.700
470	1967.700
490	1967.800
480	1967.900
410	1968.000
400	1968.100
290	1968.200
360	1968.600
720	1968.600
280	1968.800
60	1969.800
30	1970.000
590	1970.100
420	1970.300
600	1970.300
230	1970.900
250	1971.000
390	1971.000
430	1971.000
370	1971.200
570	1971.200
790	1971.200
50	1971.300
690	1971.300
40	1971.400
170	1971.400
330	1971.400
450	1971.400
800	1971.400
270	1971.500
510	1971.500
520	1971.500
530	1971.500
130	1971.600
340	1971.600
660	1971.600
460	1971.700
550	1971.700
610	1971.700
670	1971.700
120	1971.800
560	1971.800
620	1971.800
220	1971.900
180	1972.000
750	1972.000
440	1972.100
710	1972.100
110	1972.200
500	1972.200
100	1972.300
150	1972.300
160	1972.300
300	1972.300
310	1972.400
320	1972.400
540	1972.400
650	1972.400
740	1972.400
200	1972.500
210	1972.500
640	1972.500
770	1972.500
260	1972.600
350	1972.600
580	1972.600
190	1972.700
630	1972.700
10	1972.800
70	1972.900
380	1972.900
760	1972.900
780	1972.900
20	1973.000
90	1973.000
240	1973.100
730	1973.100
80	1973.200
680	1973.200
700	1973.200
140	1973.400
470	1973.500
490	1973.600
410	1973.700
480	1973.700
400	1973.900
290	1974.000
360	1974.400
720	1974.400
280	1974.600
60	1975.600
30	1975.800
590	1976.000
420	1976.100
600	1976.100
230	1976.700
430	1976.800
250	1976.900
390	1976.900
570	1977.000
790	1977.000
50	1977.100
370	1977.100
690	1977.100
40	1977.200
170	1977.200
450	1977.200
270	1977.300
330	1977.300
520	1977.300
530	1977.300
800	1977.300
130	1977.400
340	1977.400
510	1977.400
120	1977.500
460	1977.500
550	1977.500
610	1977.500
660	1977.500
670	1977.500
560	1977.600
620	1977.600
220	1977.700
180	1977.800
440	1977.900
710	1977.900
750	1978.000
100	1978.100
110	1978.100
150	1978.100
160	1978.100
300	1978.100
310	1978.100
500	1978.100
320	1978.200
650	1978.200
740	1978.200
200	1978.300
210	1978.300
540	1978.300
640	1978.300
770	1978.300
350	1978.400
580	1978.400
260	1978.500
190	1978.600
630	1978.600
760	1978.600
10	1978.700
70	1978.700
380	1978.700
20	1978.800
90	1978.800
780	1978.800
240	1978.900
730	1978.900
680	1979.000
700	1979.000
80	1979.100
140	1979.100
470	1979.300
490	1979.300
410	1979.400
480	1979.500
400	1979.700
290	1979.800
360	1980.200
720	1980.200
280	1980.400
60	1981.400
30	1981.600
420	1981.900
590	1981.900
600	1981.900
230	1982.500
430	1982.600
390	1982.700
790	1982.800
250	1982.900
570	1982.900
690	1982.900
50	1983.000
370	1983.000
40	1983.100
170	1983.100
270	1983.100
450	1983.100
520	1983.100
800	1983.100
120	1983.200
130	1983.200
330	1983.200
340	1983.200
530	1983.200
460	1983.300
510	1983.300
610	1983.300
670	1983.300
550	1983.400
560	1983.400
660	1983.400
220	1983.500
620	1983.500
180	1983.600
440	1983.700
710	1983.700
310	1983.800
100	1983.900
110	1983.900
150	1983.900
160	1983.900
300	1983.900
500	1983.900
750	1983.900
650	1984.000
740	1984.000
200	1984.100
210	1984.100
320	1984.100
580	1984.100
770	1984.100
350	1984.200
540	1984.200
640	1984.200
260	1984.400
760	1984.400
70	1984.500
190	1984.500
380	1984.500
630	1984.500
10	1984.600
20	1984.600
90	1984.600
240	1984.700
680	1984.700
730	1984.700
780	1984.700
700	1984.800
80	1984.900
140	1984.900
490	1985.000
410	1985.100
470	1985.100
480	1985.200
400	1985.500
290	1985.600
360	1986.000
720	1986.000
280	1986.200
60	1987.200
30	1987.400
420	1987.700
600	1987.700
590	1987.800
230	1988.300
430	1988.300
390	1988.500
790	1988.600
690	1988.700
50	1988.800
250	1988.800
570	1988.800
120	1988.900
170	1988.900
370	1988.900
520	1988.900
800	1988.900
40	1989.000
130	1989.000
270	1989.000
340	1989.000
450	1989.000
330	1989.100
460	1989.100
530	1989.100
610	1989.100
670	1989.100
510	1989.200
550	1989.200
560	1989.200
660	1989.300
180	1989.400
220	1989.400
310	1989.500
440	1989.500
620	1989.500
710	1989.500
100	1989.700
110	1989.700
150	1989.700
160	1989.700
300	1989.700
500	1989.800
580	1989.800
740	1989.800
750	1989.800
200	1989.900
210	1989.900
650	1989.900
770	1989.900
320	1990.000
350	1990.000
540	1990.100
640	1990.100
760	1990.100
260	1990.200
70	1990.300
380	1990.300
630	1990.300
10	1990.400
20	1990.400
90	1990.400
190	1990.400
240	1990.500
680	1990.500
730	1990.500
780	1990.500
140	1990.600
700	1990.600
80	1990.700
410	1990.800
490	1990.800
470	1990.900
480	1990.900
290	1991.400
400	1991.400
360	1991.800
720	1991.800
280	1992.000
60	1993.000
30	1993.200
420	1993.500
600	1993.500
590	1993.600
230	1994.000
430	1994.000
390	1994.300
790	1994.400
50	1994.600
120	1994.600
250	1994.600
520	1994.600
570	1994.600
690	1994.600
800	1994.600
170	1994.700
370	1994.700
40	1994.800
130	1994.800
270	1994.800
340	1994.800
460	1994.800
670	1994.800
450	1994.900
610	1994.900
330	1995.000
510	1995.000
530	1995.000
550	1995.000
560	1995.000
180	1995.200
220	1995.200
660	1995.200
310	1995.300
440	1995.300
710	1995.300
620	1995.400
100	1995.500
110	1995.500
150	1995.500
160	1995.500
300	1995.500
580	1995.500
740	1995.600
200	1995.700
210	1995.700
500	1995.700
750	1995.700
770	1995.700
350	1995.800
650	1995.800
760	1995.800
320	1995.900
260	1996.000
540	1996.000
640	1996.000
70	1996.100
90	1996.100
380	1996.100
630	1996.100
10	1996.200
20	1996.200
190	1996.200
140	1996.300
240	1996.300
680	1996.300
730	1996.300
780	1996.300
700	1996.400
80	1996.500
410	1996.500
480	1996.600
490	1996.600
470	1996.700
290	1997.200
400	1997.200
720	1997.500
360	1997.600
280	1997.800
60	1998.800
30	1999.000
420	1999.200
600	1999.300
590	1999.500
430	1999.700
230	1999.800
