# NEST version: UNKNOWN
# RecordingBackendASCII version: 2
sender	time_ms	V_m
8	1.000	-64.540
8	2.000	-64.835
8	3.000	-65.058
8	4.000	-65.226
8	5.000	-65.287
8	6.000	-65.106
8	7.000	-64.962
8	8.000	-64.848
8	9.000	-64.759
8	10.000	-64.689
8	11.000	-64.634
8	12.000	-64.592
8	13.000	-64.560
8	14.000	-64.536
8	15.000	-64.519
8	16.000	-64.506
8	17.000	-64.498
8	18.000	-64.493
8	19.000	-64.491
8	20.000	-64.490
8	21.000	-64.491
8	22.000	-64.494
8	23.000	-64.497
8	24.000	-64.501
8	25.000	-64.505
8	26.000	-64.510
8	27.000	-64.515
8	28.000	-64.521
8	29.000	-64.526
8	30.000	-64.531
8	31.000	-64.536
8	32.000	-64.541
8	33.000	-64.546
8	34.000	-64.551
8	35.000	-64.556
8	36.000	-64.560
8	37.000	-64.564
8	38.000	-64.568
8	39.000	-64.572
8	40.000	-64.576
8	41.000	-64.580
8	42.000	-64.583
8	43.000	-64.587
8	44.000	-64.527
8	45.000	-64.027
8	46.000	-63.596
8	47.000	-63.007
8	48.000	-62.277
8	49.000	-61.736
8	50.000	-61.345
8	51.000	-61.071
8	52.000	-60.891
8	53.000	-60.784
8	54.000	-60.736
8	55.000	-60.489
8	56.000	-60.069
8	57.000	-59.570
8	58.000	-59.159
8	59.000	-58.890
8	60.000	-58.733
8	61.000	-58.428
8	62.000	-58.225
8	63.000	-58.123
8	64.000	-58.102
8	65.000	-58.143
8	66.000	-58.046
8	67.000	-57.704
8	68.000	-57.500
8	69.000	-57.406
8	70.000	-57.212
8	71.000	-57.059
8	72.000	-57.007
8	73.000	-57.033
8	74.000	-56.961
8	75.000	-56.880
8	76.000	-56.886
8	77.000	-56.957
8	78.000	-57.081
8	79.000	-57.242
8	80.000	-57.433
8	81.000	-57.645
8	82.000	-57.842
8	83.000	-57.597
8	84.000	-57.447
8	85.000	-57.141
8	86.000	-56.971
8	87.000	-56.906
8	88.000	-56.790
8	89.000	-56.652
8	90.000	-56.615
8	91.000	-56.452
8	92.000	-56.353
8	93.000	-56.241
8	94.000	-56.087
8	95.000	-56.043
8	96.000	-56.083
8	97.000	-55.942
8	98.000	-55.909
8	99.000	-55.959
8	100.000	-55.993
8	101.000	-55.928
8	102.000	-55.954
8	103.000	-56.050
8	104.000	-56.199
8	105.000	-56.389
8	106.000	-56.609
8	107.000	-56.850
8	108.000	-57.106
8	109.000	-57.371
8	110.000	-57.532
8	111.000	-57.574
8	112.000	-57.669
8	113.000	-57.804
8	114.000	-57.969
8	115.000	-58.155
8	116.000	-58.247
8	117.000	-58.227
8	118.000	-58.268
8	119.000	-58.356
8	120.000	-58.165
8	121.000	-57.876
8	122.000	-57.711
8	123.000	-57.644
8	124.000	-57.494
8	125.000	-57.346
8	126.000	-57.296
8	127.000	-57.187
8	128.000	-57.050
8	129.000	-57.010
8	130.000	-57.045
8	131.000	-56.981
8	132.000	-56.905
8	133.000	-56.914
8	134.000	-56.988
8	135.000	-57.113
8	136.000	-57.219
8	137.000	-56.981
8	138.000	-56.239
8	139.000	-55.561
8	140.000	-55.120
8	141.000	-54.862
8	142.000	-54.747
8	143.000	-54.743
8	144.000	-54.826
8	145.000	-54.755
8	146.000	-54.764
8	147.000	-54.606
8	148.000	-54.339
8	149.000	-54.221
8	150.000	-54.219
8	151.000	-54.308
8	152.000	-54.466
8	153.000	-54.677
8	154.000	-54.900
8	155.000	-54.943
8	156.000	-55.060
8	157.000	-55.234
8	158.000	-55.452
8	159.000	-55.700
8	160.000	-55.972
8	161.000	-56.259
8	162.000	-56.556
8	163.000	-56.858
8	164.000	-57.161
8	165.000	-57.462
8	166.000	-57.760
8	167.000	-58.052
8	168.000	-58.338
8	169.000	-58.478
8	170.000	-58.491
8	171.000	-58.326
8	172.000	-58.092
8	173.000	-57.874
8	174.000	-57.681
8	175.000	-57.422
8	176.000	-56.962
8	177.000	-56.247
8	178.000	-55.771
8	179.000	-55.482
8	180.000	-55.338
8	181.000	-55.307
8	182.000	-55.364
8	183.000	-55.359
8	184.000	-55.321
8	185.000	-55.293
8	186.000	-55.187
8	187.000	-55.188
8	188.000	-55.270
8	189.000	-55.310
8	190.000	-55.178
8	191.000	-54.843
8	192.000	-54.603
8	193.000	-54.504
8	194.000	-54.515
8	195.000	-54.610
8	196.000	-54.771
8	197.000	-54.982
8	198.000	-55.076
8	199.000	-55.142
8	200.000	-55.276
8	201.000	-55.217
8	202.000	-54.970
8	203.000	-54.661
8	204.000	-54.508
8	205.000	-54.476
8	206.000	-54.540
8	207.000	-54.676
8	208.000	-54.868
8	209.000	-55.102
8	210.000	-55.367
8	211.000	-55.654
8	212.000	-55.710
8	213.000	-55.831
8	214.000	-56.001
8	215.000	-56.209
8	216.000	-56.444
8	217.000	-56.698
8	218.000	-56.965
8	219.000	-57.240
8	220.000	-57.436
8	221.000	-57.480
8	222.000	-57.577
8	223.000	-57.714
8	224.000	-57.881
8	225.000	-58.070
8	226.000	-58.274
8	227.000	-58.489
8	228.000	-58.710
8	229.000	-58.745
8	230.000	-58.753
8	231.000	-58.699
8	232.000	-58.561
8	233.000	-58.508
8	234.000	-58.491
8	235.000	-58.303
8	236.000	-58.185
8	237.000	-57.922
8	238.000	-57.777
8	239.000	-57.725
8	240.000	-57.610
8	241.000	-57.463
8	242.000	-57.412
8	243.000	-57.276
8	244.000	-57.142
8	245.000	-56.874
8	246.000	-56.713
8	247.000	-56.657
8	248.000	-56.683
8	249.000	-56.615
8	250.000	-56.540
8	251.000	-56.552
8	252.000	-56.632
8	253.000	-56.216
8	254.000	-55.342
8	255.000	-54.452
8	256.000	-53.832
8	257.000	-53.137
8	258.000	-52.565
8	259.000	-52.224
8	260.000	-52.062
8	261.000	-52.040
8	262.000	-52.128
8	263.000	-52.091
8	264.000	-52.147
8	265.000	-52.243
8	266.000	-52.242
8	267.000	-52.114
8	268.000	-51.873
8	269.000	-51.575
8	270.000	-51.241
8	271.000	-51.067
8	272.000	-50.990
8	273.000	-50.656
8	274.000	-50.482
8	275.000	-50.455
8	276.000	-50.547
8	277.000	-50.732
8	278.000	-50.806
8	279.000	-50.750
8	280.000	-50.655
8	281.000	-50.585
8	282.000	-50.640
8	283.000	-50.797
8	284.000	-51.033
8	285.000	-51.333
8	286.000	-51.679
8	287.000	-52.061
8	288.000	-52.177
8	289.000	-52.400
8	290.000	-53.082
8	291.000	-53.701
8	292.000	-54.269
8	293.000	-54.795
8	294.000	-55.285
8	295.000	-55.590
8	296.000	-55.813
8	297.000	-56.006
8	298.000	-56.038
8	299.000	-56.138
8	300.000	-56.288
8	301.000	-56.321
8	302.000	-56.326
8	303.000	-56.374
8	304.000	-56.156
8	305.000	-55.921
8	306.000	-55.592
8	307.000	-55.394
8	308.000	-55.087
8	309.000	-54.682
8	310.000	-54.455
8	311.000	-54.367
8	312.000	-54.095
8	313.000	-53.790
8	314.000	-53.646
8	315.000	-53.628
8	316.000	-53.559
8	317.000	-53.512
8	318.000	-53.494
8	319.000	-53.415
8	320.000	-53.256
8	321.000	-53.187
8	322.000	-53.230
8	323.000	-53.361
8	324.000	-53.559
8	325.000	-53.756
8	326.000	-53.623
8	327.000	-53.571
8	328.000	-53.625
8	329.000	-53.761
8	330.000	-53.960
8	331.000	-54.207
8	332.000	-54.489
8	333.000	-54.797
8	334.000	-55.122
8	335.000	-55.458
8	336.000	-55.799
8	337.000	-56.142
8	338.000	-56.483
8	339.000	-56.615
8	340.000	-56.609
8	341.000	-56.557
8	342.000	-56.588
8	343.000	-56.653
8	344.000	-56.551
8	345.000	-56.542
8	346.000	-56.606
8	347.000	-56.725
8	348.000	-56.887
8	349.000	-56.873
8	350.000	-56.885
8	351.000	-56.804
8	352.000	-56.716
8	353.000	-56.717
8	354.000	-56.787
8	355.000	-56.909
8	356.000	-56.889
8	357.000	-56.871
8	358.000	-56.925
8	359.000	-57.034
8	360.000	-57.185
8	361.000	-57.367
8	362.000	-57.572
8	363.000	-57.793
8	364.000	-58.024
8	365.000	-58.262
8	366.000	-58.503
8	367.000	-58.743
8	368.000	-58.982
8	369.000	-59.218
8	370.000	-59.448
8	371.000	-59.673
8	372.000	-59.805
8	373.000	-59.423
8	374.000	-58.998
8	375.000	-58.719
8	376.000	-58.320
8	377.000	-58.045
8	378.000	-57.890
8	379.000	-57.693
8	380.000	-57.482
8	381.000	-57.381
8	382.000	-57.159
8	383.000	-57.007
8	384.000	-56.617
8	385.000	-56.014
8	386.000	-55.344
8	387.000	-54.782
8	388.000	-54.218
8	389.000	-53.685
8	390.000	-53.184
8	391.000	-52.894
8	392.000	-52.767
8	393.000	-52.769
8	394.000	-52.697
8	395.000	-52.449
8	396.000	-52.357
8	397.000	-52.389
8	398.000	-52.516
8	399.000	-52.692
8	400.000	-52.722
8	401.000	-52.847
8	402.000	-53.044
8	403.000	-53.297
8	404.000	-53.591
8	405.000	-53.915
8	406.000	-54.260
8	407.000	-54.566
8	408.000	-54.575
8	409.000	-54.556
8	410.000	-54.627
8	411.000	-54.831
8	412.000	-55.560
8	413.000	-56.193
8	414.000	-56.668
8	415.000	-56.934
8	416.000	-57.204
8	417.000	-57.317
8	418.000	-57.375
8	419.000	-57.481
8	420.000	-57.626
8	421.000	-57.798
8	422.000	-57.991
8	423.000	-58.004
8	424.000	-57.501
8	425.000	-56.995
8	426.000	-56.603
8	427.000	-56.372
8	428.000	-56.265
8	429.000	-55.943
8	430.000	-55.534
8	431.000	-55.108
8	432.000	-54.862
8	433.000	-54.755
8	434.000	-54.758
8	435.000	-54.845
8	436.000	-54.997
8	437.000	-54.999
8	438.000	-55.040
8	439.000	-55.075
8	440.000	-54.863
8	441.000	-54.405
8	442.000	-53.954
8	443.000	-53.470
8	444.000	-52.701
8	445.000	-51.844
8	446.000	-51.201
8	447.000	-50.807
8	448.000	-50.606
8	449.000	-50.558
8	450.000	-50.631
8	451.000	-50.801
8	452.000	-50.742
8	453.000	-50.536
8	454.000	-50.154
8	455.000	-49.962
8	456.000	-49.919
8	457.000	-49.999
8	458.000	-50.127
8	459.000	-50.167
8	460.000	-50.313
8	461.000	-50.543
8	462.000	-50.840
8	463.000	-51.188
8	464.000	-51.576
8	465.000	-51.991
8	466.000	-52.279
8	467.000	-52.291
8	468.000	-52.403
8	469.000	-52.594
8	470.000	-52.845
8	471.000	-53.141
8	472.000	-53.471
8	473.000	-53.604
8	474.000	-53.548
8	475.000	-53.256
8	476.000	-52.997
8	477.000	-52.682
8	478.000	-52.517
8	479.000	-52.390
8	480.000	-52.261
8	481.000	-52.264
8	482.000	-52.343
8	483.000	-52.302
8	484.000	-52.373
8	485.000	-52.532
8	486.000	-52.545
8	487.000	-52.257
8	488.000	-52.051
8	489.000	-51.995
8	490.000	-52.056
8	491.000	-52.183
8	492.000	-52.180
8	493.000	-52.283
8	494.000	-52.298
8	495.000	-52.349
8	496.000	-52.492
8	497.000	-52.706
8	498.000	-52.948
8	499.000	-53.029
8	500.000	-53.189
8	501.000	-53.412
8	502.000	-53.510
8	503.000	-53.514
8	504.000	-53.263
8	505.000	-53.143
8	506.000	-53.147
8	507.000	-53.247
8	508.000	-53.422
8	509.000	-53.505
8	510.000	-53.577
8	511.000	-53.727
8	512.000	-53.937
8	513.000	-54.193
8	514.000	-54.307
8	515.000	-54.292
8	516.000	-54.256
8	517.000	-54.317
8	518.000	-54.256
8	519.000	-54.255
8	520.000	-54.290
8	521.000	-54.219
8	522.000	-54.072
8	523.000	-53.752
8	524.000	-53.598
8	525.000	-53.571
8	526.000	-53.430
8	527.000	-53.076
8	528.000	-52.501
8	529.000	-51.940
8	530.000	-51.421
8	531.000	-51.082
8	532.000	-50.924
8	533.000	-50.909
8	534.000	-51.008
8	535.000	-51.197
8	536.000	-51.457
8	537.000	-51.626
8	538.000	-51.782
8	539.000	-52.011
8	540.000	-52.297
8	541.000	-52.525
8	542.000	-52.673
8	543.000	-52.889
8	544.000	-53.158
8	545.000	-53.439
8	546.000	-53.329
8	547.000	-53.319
8	548.000	-53.407
8	549.000	-53.571
8	550.000	-53.793
8	551.000	-54.059
8	552.000	-54.357
8	553.000	-54.678
8	554.000	-55.014
8	555.000	-55.360
8	556.000	-55.709
8	557.000	-56.059
8	558.000	-56.406
8	559.000	-56.748
8	560.000	-57.083
8	561.000	-57.409
8	562.000	-57.726
8	563.000	-57.950
8	564.000	-57.874
8	565.000	-57.754
8	566.000	-57.720
8	567.000	-57.619
8	568.000	-57.483
8	569.000	-57.439
8	570.000	-57.467
8	571.000	-57.392
8	572.000	-57.302
8	573.000	-57.297
8	574.000	-57.356
8	575.000	-57.356
8	576.000	-57.275
8	577.000	-57.276
8	578.000	-57.110
8	579.000	-57.025
8	580.000	-57.025
8	581.000	-57.091
8	582.000	-57.208
8	583.000	-57.362
8	584.000	-57.546
8	585.000	-57.750
8	586.000	-57.968
8	587.000	-58.196
8	588.000	-58.430
8	589.000	-58.665
8	590.000	-58.900
8	591.000	-59.133
8	592.000	-59.362
8	593.000	-59.324
8	594.000	-59.340
8	595.000	-59.399
8	596.000	-59.490
8	597.000	-59.605
8	598.000	-59.572
8	599.000	-59.493
8	600.000	-59.476
8	601.000	-59.057
8	602.000	-58.710
8	603.000	-58.494
8	604.000	-58.380
8	605.000	-58.262
8	606.000	-58.053
8	607.000	-57.948
8	608.000	-57.925
8	609.000	-57.965
8	610.000	-58.054
8	611.000	-58.181
8	612.000	-58.335
8	613.000	-58.509
8	614.000	-58.698
8	615.000	-58.896
8	616.000	-59.100
8	617.000	-59.307
8	618.000	-59.484
8	619.000	-59.434
8	620.000	-59.327
8	621.000	-59.141
8	622.000	-58.856
8	623.000	-58.357
8	624.000	-57.891
8	625.000	-57.472
8	626.000	-57.211
8	627.000	-56.867
8	628.000	-56.624
8	629.000	-56.451
8	630.000	-56.194
8	631.000	-56.041
8	632.000	-55.778
8	633.000	-55.651
8	634.000	-55.630
8	635.000	-55.692
8	636.000	-55.816
8	637.000	-55.990
8	638.000	-56.067
8	639.000	-55.906
8	640.000	-55.588
8	641.000	-55.377
8	642.000	-55.293
8	643.000	-55.179
8	644.000	-55.057
8	645.000	-55.046
8	646.000	-55.120
8	647.000	-55.037
8	648.000	-55.034
8	649.000	-55.114
8	650.000	-55.258
8	651.000	-55.451
8	652.000	-55.681
8	653.000	-55.735
8	654.000	-55.809
8	655.000	-55.943
8	656.000	-56.122
8	657.000	-56.335
8	658.000	-56.358
8	659.000	-56.054
8	660.000	-55.268
8	661.000	-54.746
8	662.000	-54.210
8	663.000	-53.865
8	664.000	-53.541
8	665.000	-53.296
8	666.000	-53.203
8	667.000	-53.227
8	668.000	-53.342
8	669.000	-53.528
8	670.000	-53.767
8	671.000	-54.047
8	672.000	-54.356
8	673.000	-54.686
8	674.000	-55.028
8	675.000	-55.201
8	676.000	-55.350
8	677.000	-55.302
8	678.000	-55.167
8	679.000	-55.051
8	680.000	-54.828
8	681.000	-54.713
8	682.000	-54.367
8	683.000	-54.076
8	684.000	-53.791
8	685.000	-53.403
8	686.000	-52.750
8	687.000	-52.262
8	688.000	-51.985
8	689.000	-51.873
8	690.000	-51.747
8	691.000	-51.502
8	692.000	-51.355
8	693.000	-51.347
8	694.000	-51.449
8	695.000	-51.637
8	696.000	-51.894
8	697.000	-52.202
8	698.000	-52.548
8	699.000	-52.922
8	700.000	-53.315
8	701.000	-53.641
8	702.000	-53.830
8	703.000	-54.070
8	704.000	-54.347
8	705.000	-54.652
8	706.000	-54.975
8	707.000	-55.311
8	708.000	-55.653
8	709.000	-55.594
8	710.000	-55.537
8	711.000	-55.572
8	712.000	-55.677
8	713.000	-55.836
8	714.000	-55.789
8	715.000	-55.829
8	716.000	-55.936
8	717.000	-56.094
8	718.000	-56.159
8	719.000	-56.166
8	720.000	-56.113
8	721.000	-56.029
8	722.000	-56.039
8	723.000	-56.014
8	724.000	-55.901
8	725.000	-55.670
8	726.000	-55.569
8	727.000	-55.569
8	728.000	-55.225
8	729.000	-54.845
8	730.000	-54.326
8	731.000	-53.971
8	732.000	-53.788
8	733.000	-53.738
8	734.000	-53.792
8	735.000	-53.710
8	736.000	-53.718
8	737.000	-53.817
8	738.000	-53.986
8	739.000	-54.209
8	740.000	-54.472
8	741.000	-54.765
8	742.000	-55.077
8	743.000	-55.404
8	744.000	-55.738
8	745.000	-56.075
8	746.000	-56.412
8	747.000	-56.746
8	748.000	-57.074
8	749.000	-57.143
8	750.000	-57.262
8	751.000	-57.417
8	752.000	-57.417
8	753.000	-57.409
8	754.000	-57.466
8	755.000	-57.572
8	756.000	-57.715
8	757.000	-57.887
8	758.000	-58.078
8	759.000	-58.284
8	760.000	-58.499
8	761.000	-58.720
8	762.000	-58.942
8	763.000	-59.026
8	764.000	-58.989
8	765.000	-58.778
8	766.000	-58.665
8	767.000	-58.630
8	768.000	-58.466
8	769.000	-58.323
8	770.000	-58.266
8	771.000	-58.277
8	772.000	-58.341
8	773.000	-58.444
8	774.000	-58.579
8	775.000	-58.735
8	776.000	-58.851
8	777.000	-58.788
8	778.000	-58.790
8	779.000	-58.842
8	780.000	-58.932
8	781.000	-59.052
8	782.000	-59.193
8	783.000	-59.350
8	784.000	-59.517
8	785.000	-59.501
8	786.000	-59.348
8	787.000	-59.126
8	788.000	-59.002
8	789.000	-58.954
8	790.000	-58.967
8	791.000	-59.025
8	792.000	-59.119
8	793.000	-58.979
8	794.000	-58.919
8	795.000	-58.922
8	796.000	-58.974
8	797.000	-59.063
8	798.000	-59.181
8	799.000	-59.319
8	800.000	-59.472
8	801.000	-59.421
8	802.000	-59.379
8	803.000	-59.392
8	804.000	-59.447
8	805.000	-59.534
8	806.000	-59.646
8	807.000	-59.776
8	808.000	-59.919
8	809.000	-60.071
8	810.000	-60.229
8	811.000	-60.172
8	812.000	-60.088
8	813.000	-59.827
8	814.000	-59.667
8	815.000	-59.586
8	816.000	-59.566
8	817.000	-59.595
8	818.000	-59.660
8	819.000	-59.754
8	820.000	-59.869
8	821.000	-60.000
8	822.000	-60.141
8	823.000	-60.290
8	824.000	-60.443
8	825.000	-60.598
8	826.000	-60.754
8	827.000	-60.908
8	828.000	-61.061
8	829.000	-61.210
8	830.000	-61.325
8	831.000	-61.202
8	832.000	-61.137
8	833.000	-61.116
8	834.000	-61.129
8	835.000	-61.170
8	836.000	-61.231
8	837.000	-61.308
8	838.000	-61.396
8	839.000	-61.492
8	840.000	-61.594
8	841.000	-61.699
8	842.000	-61.745
8	843.000	-61.594
8	844.000	-61.502
8	845.000	-61.458
8	846.000	-61.450
8	847.000	-61.472
8	848.000	-61.515
8	849.000	-61.487
8	850.000	-61.309
8	851.000	-61.200
8	852.000	-60.940
8	853.000	-60.245
8	854.000	-59.485
8	855.000	-58.711
8	856.000	-58.073
8	857.000	-57.640
8	858.000	-57.367
8	859.000	-57.218
8	860.000	-57.167
8	861.000	-56.963
8	862.000	-56.849
8	863.000	-56.828
8	864.000	-56.879
8	865.000	-56.986
8	866.000	-57.135
8	867.000	-57.315
8	868.000	-57.519
8	869.000	-57.739
8	870.000	-57.970
8	871.000	-58.207
8	872.000	-58.447
8	873.000	-58.688
8	874.000	-58.926
8	875.000	-59.162
8	876.000	-59.227
8	877.000	-59.228
8	878.000	-58.896
8	879.000	-58.548
8	880.000	-58.332
8	881.000	-58.109
8	882.000	-57.847
8	883.000	-57.703
8	884.000	-57.652
8	885.000	-57.644
8	886.000	-57.472
8	887.000	-57.402
8	888.000	-57.409
8	889.000	-57.449
8	890.000	-57.317
8	891.000	-57.279
8	892.000	-57.312
8	893.000	-57.401
8	894.000	-57.505
8	895.000	-57.421
8	896.000	-57.419
8	897.000	-57.479
8	898.000	-57.588
8	899.000	-57.733
8	900.000	-57.906
8	901.000	-58.098
8	902.000	-58.305
8	903.000	-58.520
8	904.000	-58.740
8	905.000	-58.962
8	906.000	-59.184
8	907.000	-59.404
8	908.000	-59.621
8	909.000	-59.833
8	910.000	-60.039
8	911.000	-60.239
8	912.000	-60.433
8	913.000	-60.620
8	914.000	-60.337
8	915.000	-60.084
8	916.000	-59.664
8	917.000	-59.382
8	918.000	-59.152
8	919.000	-58.574
8	920.000	-57.751
8	921.000	-57.086
8	922.000	-56.508
8	923.000	-55.887
8	924.000	-54.968
8	925.000	-54.026
8	926.000	-53.395
8	927.000	-53.003
8	928.000	-52.534
8	929.000	-51.995
8	930.000	-51.427
8	931.000	-50.775
8	932.000	-50.332
8	933.000	-50.090
8	934.000	-50.008
8	935.000	-50.055
8	936.000	-50.206
8	937.000	-50.321
8	938.000	-50.419
8	939.000	-50.610
8	940.000	-50.875
8	941.000	-51.197
8	942.000	-51.562
8	943.000	-51.960
8	944.000	-52.380
8	945.000	-52.813
8	946.000	-53.254
8	947.000	-53.696
8	948.000	-54.136
8	949.000	-54.571
8	950.000	-54.997
8	951.000	-55.412
8	952.000	-55.816
8	953.000	-56.208
8	954.000	-56.586
8	955.000	-56.951
8	956.000	-57.301
8	957.000	-57.638
8	958.000	-57.961
8	959.000	-58.271
8	960.000	-58.538
8	961.000	-58.569
8	962.000	-58.589
8	963.000	-58.455
8	964.000	-58.404
8	965.000	-58.419
8	966.000	-58.210
8	967.000	-57.865
8	968.000	-57.656
8	969.000	-57.324
8	970.000	-57.109
8	971.000	-56.779
8	972.000	-56.570
8	973.000	-56.478
8	974.000	-56.477
8	975.000	-56.546
8	976.000	-56.670
8	977.000	-56.834
8	978.000	-56.848
8	979.000	-56.856
8	980.000	-56.930
8	981.000	-57.054
8	982.000	-57.215
8	983.000	-57.405
8	984.000	-57.615
8	985.000	-57.839
8	986.000	-57.811
8	987.000	-57.599
8	988.000	-57.496
8	989.000	-57.478
8	990.000	-57.526
8	991.000	-57.624
8	992.000	-57.761
8	993.000	-57.926
8	994.000	-58.113
8	995.000	-58.315
8	996.000	-58.526
8	997.000	-58.744
8	998.000	-58.964
8	999.000	-59.184
8	1000.000	-59.402
8	1001.000	-59.618
8	1002.000	-59.828
8	1003.000	-60.034
8	1004.000	-60.234
8	1005.000	-60.427
8	1006.000	-60.613
8	1007.000	-60.793
8	1008.000	-60.966
8	1009.000	-61.132
8	1010.000	-61.292
8	1011.000	-61.444
8	1012.000	-61.590
8	1013.000	-61.730
8	1014.000	-61.591
8	1015.000	-61.509
8	1016.000	-61.471
8	1017.000	-61.469
8	1018.000	-61.495
8	1019.000	-61.541
8	1020.000	-61.604
8	1021.000	-61.678
8	1022.000	-61.761
8	1023.000	-61.850
8	1024.000	-61.942
8	1025.000	-61.919
8	1026.000	-61.546
8	1027.000	-61.234
8	1028.000	-60.992
8	1029.000	-60.598
8	1030.000	-60.328
8	1031.000	-60.156
8	1032.000	-60.061
8	1033.000	-60.027
8	1034.000	-60.039
8	1035.000	-59.872
8	1036.000	-59.736
8	1037.000	-59.672
8	1038.000	-59.607
8	1039.000	-59.181
8	1040.000	-58.500
8	1041.000	-57.584
8	1042.000	-56.721
8	1043.000	-55.950
8	1044.000	-55.366
8	1045.000	-54.997
8	1046.000	-54.794
8	1047.000	-54.722
8	1048.000	-54.751
8	1049.000	-54.778
8	1050.000	-54.722
8	1051.000	-54.418
8	1052.000	-53.939
8	1053.000	-53.617
8	1054.000	-53.462
8	1055.000	-53.435
8	1056.000	-53.510
8	1057.000	-53.662
8	1058.000	-53.874
8	1059.000	-54.131
8	1060.000	-54.421
8	1061.000	-54.631
8	1062.000	-54.743
8	1063.000	-54.716
8	1064.000	-54.540
8	1065.000	-54.227
8	1066.000	-54.053
8	1067.000	-54.008
8	1068.000	-54.064
8	1069.000	-54.024
8	1070.000	-54.017
8	1071.000	-54.000
8	1072.000	-53.747
8	1073.000	-53.600
8	1074.000	-53.580
8	1075.000	-53.658
8	1076.000	-53.617
8	1077.000	-53.636
8	1078.000	-53.745
8	1079.000	-53.534
8	1080.000	-53.378
8	1081.000	-53.352
8	1082.000	-53.428
8	1083.000	-53.581
8	1084.000	-53.795
8	1085.000	-54.054
8	1086.000	-54.347
8	1087.000	-54.663
8	1088.000	-54.996
8	1089.000	-55.138
8	1090.000	-55.181
8	1091.000	-54.958
8	1092.000	-54.673
8	1093.000	-54.448
8	1094.000	-54.362
8	1095.000	-54.382
8	1096.000	-54.485
8	1097.000	-54.501
8	1098.000	-54.510
8	1099.000	-54.476
8	1100.000	-54.424
8	1101.000	-54.471
8	1102.000	-54.375
8	1103.000	-54.193
8	1104.000	-53.997
8	1105.000	-53.776
8	1106.000	-53.697
8	1107.000	-53.728
8	1108.000	-53.845
8	1109.000	-54.028
8	1110.000	-54.261
8	1111.000	-54.532
8	1112.000	-54.725
8	1113.000	-54.822
8	1114.000	-54.929
8	1115.000	-54.753
8	1116.000	-54.612
8	1117.000	-54.589
8	1118.000	-54.657
8	1119.000	-54.795
8	1120.000	-54.987
8	1121.000	-55.219
8	1122.000	-55.480
8	1123.000	-55.562
8	1124.000	-55.659
8	1125.000	-55.811
8	1126.000	-56.005
8	1127.000	-56.150
8	1128.000	-56.062
8	1129.000	-55.927
8	1130.000	-55.897
8	1131.000	-55.949
8	1132.000	-56.064
8	1133.000	-56.227
8	1134.000	-56.295
8	1135.000	-56.302
8	1136.000	-56.223
8	1137.000	-55.918
8	1138.000	-55.735
8	1139.000	-55.670
8	1140.000	-55.697
8	1141.000	-55.795
8	1142.000	-55.946
8	1143.000	-55.937
8	1144.000	-55.959
8	1145.000	-56.052
8	1146.000	-56.197
8	1147.000	-56.227
8	1148.000	-56.149
8	1149.000	-55.889
8	1150.000	-55.623
8	1151.000	-55.496
8	1152.000	-55.475
8	1153.000	-55.538
8	1154.000	-55.665
8	1155.000	-55.841
8	1156.000	-55.897
8	1157.000	-55.925
8	1158.000	-56.022
8	1159.000	-56.171
8	1160.000	-56.360
8	1161.000	-56.578
8	1162.000	-56.817
8	1163.000	-57.071
8	1164.000	-57.334
8	1165.000	-57.601
8	1166.000	-57.685
8	1167.000	-57.741
8	1168.000	-57.843
8	1169.000	-57.981
8	1170.000	-58.146
8	1171.000	-58.168
8	1172.000	-58.146
8	1173.000	-58.185
8	1174.000	-58.271
8	1175.000	-58.230
8	1176.000	-58.159
8	1177.000	-58.159
8	1178.000	-58.215
8	1179.000	-58.230
8	1180.000	-58.124
8	1181.000	-58.098
8	1182.000	-58.050
8	1183.000	-57.898
8	1184.000	-57.838
8	1185.000	-57.850
8	1186.000	-57.918
8	1187.000	-57.796
8	1188.000	-57.738
8	1189.000	-57.752
8	1190.000	-57.823
8	1191.000	-57.936
8	1192.000	-58.082
8	1193.000	-58.252
8	1194.000	-58.205
8	1195.000	-58.201
8	1196.000	-58.253
8	1197.000	-58.162
8	1198.000	-58.021
8	1199.000	-57.770
8	1200.000	-57.634
8	1201.000	-57.590
8	1202.000	-57.616
8	1203.000	-57.537
8	1204.000	-57.443
8	1205.000	-57.432
8	1206.000	-57.486
8	1207.000	-57.589
8	1208.000	-57.730
8	1209.000	-57.899
8	1210.000	-58.089
8	1211.000	-58.293
8	1212.000	-58.319
8	1213.000	-58.187
8	1214.000	-58.020
8	1215.000	-57.948
8	1216.000	-57.949
8	1217.000	-58.008
8	1218.000	-57.975
8	1219.000	-57.886
8	1220.000	-57.876
8	1221.000	-57.870
8	1222.000	-57.494
8	1223.000	-57.242
8	1224.000	-57.112
8	1225.000	-57.076
8	1226.000	-57.113
8	1227.000	-57.206
8	1228.000	-57.343
8	1229.000	-57.512
8	1230.000	-57.705
8	1231.000	-57.915
8	1232.000	-58.136
8	1233.000	-58.364
8	1234.000	-58.596
8	1235.000	-58.829
8	1236.000	-59.060
8	1237.000	-59.288
8	1238.000	-59.296
8	1239.000	-59.302
8	1240.000	-59.352
8	1241.000	-59.436
8	1242.000	-59.433
8	1243.000	-59.326
8	1244.000	-59.289
8	1245.000	-59.306
8	1246.000	-59.151
8	1247.000	-59.031
8	1248.000	-58.986
8	1249.000	-59.000
8	1250.000	-58.921
8	1251.000	-58.787
8	1252.000	-58.734
8	1253.000	-58.508
8	1254.000	-58.363
8	1255.000	-58.304
8	1256.000	-58.057
8	1257.000	-57.923
8	1258.000	-57.877
8	1259.000	-57.899
8	1260.000	-57.975
8	1261.000	-58.091
8	1262.000	-58.237
8	1263.000	-58.406
8	1264.000	-58.591
8	1265.000	-58.787
8	1266.000	-58.990
8	1267.000	-59.197
8	1268.000	-59.206
8	1269.000	-58.936
8	1270.000	-58.777
8	1271.000	-58.703
8	1272.000	-58.697
8	1273.000	-58.744
8	1274.000	-58.831
8	1275.000	-58.948
8	1276.000	-59.089
8	1277.000	-59.246
8	1278.000	-59.414
8	1279.000	-59.590
8	1280.000	-59.770
8	1281.000	-59.922
8	1282.000	-59.847
8	1283.000	-59.829
8	1284.000	-59.856
8	1285.000	-59.702
8	1286.000	-59.578
8	1287.000	-59.525
8	1288.000	-59.528
8	1289.000	-59.574
8	1290.000	-59.653
8	1291.000	-59.671
8	1292.000	-59.551
8	1293.000	-59.501
8	1294.000	-59.506
8	1295.000	-59.555
8	1296.000	-59.636
8	1297.000	-59.742
8	1298.000	-59.866
8	1299.000	-60.004
8	1300.000	-59.737
8	1301.000	-59.197
8	1302.000	-58.827
8	1303.000	-58.592
8	1304.000	-58.462
8	1305.000	-58.414
8	1306.000	-58.431
8	1307.000	-58.413
8	1308.000	-58.279
8	1309.000	-57.974
8	1310.000	-57.796
8	1311.000	-57.717
8	1312.000	-57.498
8	1313.000	-56.872
8	1314.000	-56.205
8	1315.000	-55.503
8	1316.000	-55.043
8	1317.000	-54.771
8	1318.000	-54.644
8	1319.000	-54.632
8	1320.000	-54.510
8	1321.000	-54.459
8	1322.000	-54.506
8	1323.000	-54.629
8	1324.000	-54.810
8	1325.000	-55.035
8	1326.000	-55.293
8	1327.000	-55.574
8	1328.000	-55.871
8	1329.000	-55.797
8	1330.000	-55.703
8	1331.000	-55.707
8	1332.000	-55.787
8	1333.000	-55.925
8	1334.000	-56.107
8	1335.000	-56.142
8	1336.000	-56.174
8	1337.000	-56.272
8	1338.000	-56.420
8	1339.000	-56.606
8	1340.000	-56.820
8	1341.000	-56.803
8	1342.000	-56.857
8	1343.000	-56.966
8	1344.000	-57.088
8	1345.000	-57.025
8	1346.000	-57.041
8	1347.000	-57.119
8	1348.000	-57.245
8	1349.000	-57.406
8	1350.000	-57.593
8	1351.000	-57.800
8	1352.000	-58.020
8	1353.000	-58.137
8	1354.000	-58.109
8	1355.000	-57.917
8	1356.000	-57.826
8	1357.000	-57.814
8	1358.000	-57.644
8	1359.000	-57.284
8	1360.000	-57.070
8	1361.000	-56.969
8	1362.000	-56.958
8	1363.000	-56.786
8	1364.000	-56.699
8	1365.000	-56.450
8	1366.000	-56.328
8	1367.000	-56.305
8	1368.000	-56.359
8	1369.000	-56.473
8	1370.000	-56.631
8	1371.000	-56.795
8	1372.000	-56.767
8	1373.000	-56.813
8	1374.000	-56.916
8	1375.000	-57.063
8	1376.000	-57.059
8	1377.000	-57.053
8	1378.000	-57.113
8	1379.000	-57.224
8	1380.000	-57.375
8	1381.000	-57.107
8	1382.000	-56.476
8	1383.000	-55.993
8	1384.000	-55.696
8	1385.000	-55.543
8	1386.000	-55.502
8	1387.000	-55.549
8	1388.000	-55.664
8	1389.000	-55.830
8	1390.000	-56.035
8	1391.000	-56.136
8	1392.000	-56.172
8	1393.000	-56.245
8	1394.000	-56.154
8	1395.000	-56.156
8	1396.000	-56.175
8	1397.000	-56.071
8	1398.000	-56.063
8	1399.000	-56.131
8	1400.000	-56.257
8	1401.000	-56.426
8	1402.000	-56.629
8	1403.000	-56.856
8	1404.000	-57.099
8	1405.000	-57.354
8	1406.000	-57.384
8	1407.000	-57.447
8	1408.000	-57.558
8	1409.000	-57.705
8	1410.000	-57.879
8	1411.000	-58.073
8	1412.000	-57.909
8	1413.000	-57.491
8	1414.000	-57.185
8	1415.000	-57.013
8	1416.000	-56.946
8	1417.000	-56.931
8	1418.000	-56.537
8	1419.000	-56.280
8	1420.000	-56.153
8	1421.000	-55.997
8	1422.000	-55.834
8	1423.000	-55.784
8	1424.000	-55.821
8	1425.000	-55.680
8	1426.000	-55.648
8	1427.000	-55.700
8	1428.000	-55.817
8	1429.000	-55.983
8	1430.000	-56.188
8	1431.000	-56.419
8	1432.000	-56.670
8	1433.000	-56.934
8	1434.000	-57.206
8	1435.000	-57.482
8	1436.000	-57.758
8	1437.000	-57.847
8	1438.000	-57.905
8	1439.000	-58.008
8	1440.000	-58.145
8	1441.000	-58.250
8	1442.000	-58.187
8	1443.000	-58.193
8	1444.000	-58.254
8	1445.000	-58.356
8	1446.000	-58.489
8	1447.000	-58.645
8	1448.000	-58.818
8	1449.000	-59.003
8	1450.000	-59.196
8	1451.000	-59.392
8	1452.000	-59.504
8	1453.000	-59.220
8	1454.000	-59.024
8	1455.000	-58.920
8	1456.000	-58.889
8	1457.000	-58.802
8	1458.000	-58.637
8	1459.000	-58.562
8	1460.000	-58.555
8	1461.000	-58.602
8	1462.000	-58.691
8	1463.000	-58.811
8	1464.000	-58.954
8	1465.000	-59.115
8	1466.000	-59.287
8	1467.000	-59.437
8	1468.000	-59.366
8	1469.000	-59.356
8	1470.000	-59.394
8	1471.000	-59.207
8	1472.000	-59.108
8	1473.000	-59.079
8	1474.000	-58.992
8	1475.000	-58.826
8	1476.000	-58.746
8	1477.000	-58.678
8	1478.000	-58.476
8	1479.000	-58.372
8	1480.000	-58.345
8	1481.000	-58.379
8	1482.000	-58.347
8	1483.000	-58.231
8	1484.000	-58.196
8	1485.000	-58.087
8	1486.000	-57.755
8	1487.000	-57.488
8	1488.000	-57.343
8	1489.000	-57.294
8	1490.000	-57.319
8	1491.000	-57.171
8	1492.000	-57.016
8	1493.000	-56.793
8	1494.000	-56.688
8	1495.000	-56.675
8	1496.000	-56.734
8	1497.000	-56.847
8	1498.000	-57.003
8	1499.000	-57.189
8	1500.000	-57.398
8	1501.000	-57.623
8	1502.000	-57.698
8	1503.000	-57.722
8	1504.000	-57.771
8	1505.000	-57.643
8	1506.000	-57.603
8	1507.000	-57.633
8	1508.000	-57.660
8	1509.000	-57.544
8	1510.000	-57.486
8	1511.000	-57.250
8	1512.000	-56.908
8	1513.000	-56.461
8	1514.000	-56.106
8	1515.000	-55.455
8	1516.000	-54.830
8	1517.000	-54.434
8	1518.000	-54.215
8	1519.000	-54.134
8	1520.000	-54.160
8	1521.000	-54.270
8	1522.000	-54.444
8	1523.000	-54.667
8	1524.000	-54.925
8	1525.000	-55.210
8	1526.000	-55.513
8	1527.000	-55.582
8	1528.000	-55.714
8	1529.000	-55.892
8	1530.000	-56.107
8	1531.000	-56.347
8	1532.000	-56.605
8	1533.000	-56.717
8	1534.000	-56.780
8	1535.000	-56.896
8	1536.000	-57.053
8	1537.000	-57.241
8	1538.000	-57.450
8	1539.000	-57.675
8	1540.000	-57.910
8	1541.000	-58.067
8	1542.000	-58.073
8	1543.000	-58.024
8	1544.000	-57.897
8	1545.000	-57.857
8	1546.000	-57.629
8	1547.000	-57.514
8	1548.000	-57.457
8	1549.000	-57.251
8	1550.000	-57.155
8	1551.000	-57.145
8	1552.000	-57.093
8	1553.000	-56.974
8	1554.000	-56.948
8	1555.000	-56.861
8	1556.000	-56.585
8	1557.000	-56.268
8	1558.000	-55.848
8	1559.000	-55.436
8	1560.000	-54.174
8	1561.000	-52.761
8	1562.000	-51.653
8	1563.000	-51.369
8	1564.000	-51.326
8	1565.000	-50.567
8	1566.000	-50.119
8	1567.000	-47.264
8	1568.000	-42.926
8	1569.000	-64.500
8	1570.000	-64.500
8	1571.000	-64.500
8	1572.000	-64.500
8	1573.000	-64.500
8	1574.000	-59.042
8	1575.000	-51.273
8	1576.000	-45.831
8	1577.000	-40.281
8	1578.000	-64.500
8	1579.000	-64.500
8	1580.000	-64.500
8	1581.000	-64.500
8	1582.000	-64.500
8	1583.000	-58.062
8	1584.000	-52.253
8	1585.000	-48.861
8	1586.000	-46.000
8	1587.000	-42.907
8	1588.000	-64.500
8	1589.000	-64.500
8	1590.000	-64.500
8	1591.000	-64.500
8	1592.000	-64.500
8	1593.000	-61.432
8	1594.000	-55.673
8	1595.000	-52.298
8	1596.000	-49.543
8	1597.000	-47.876
8	1598.000	-45.310
8	1599.000	-42.383
8	1600.000	-64.500
8	1601.000	-64.500
8	1602.000	-64.500
8	1603.000	-64.500
8	1604.000	-64.500
8	1605.000	-60.030
8	1606.000	-52.792
8	1607.000	-49.343
8	1608.000	-47.098
8	1609.000	-44.587
8	1610.000	-41.184
8	1611.000	-64.500
8	1612.000	-64.500
8	1613.000	-64.500
8	1614.000	-64.500
8	1615.000	-64.500
8	1616.000	-59.634
8	1617.000	-54.061
8	1618.000	-50.743
8	1619.000	-48.150
8	1620.000	-45.357
8	1621.000	-42.353
8	1622.000	-64.500
8	1623.000	-64.500
8	1624.000	-64.500
8	1625.000	-64.500
8	1626.000	-64.500
8	1627.000	-59.938
8	1628.000	-53.258
8	1629.000	-48.115
8	1630.000	-44.770
8	1631.000	-64.500
8	1632.000	-64.500
8	1633.000	-64.500
8	1634.000	-64.500
8	1635.000	-64.500
8	1636.000	-64.500
8	1637.000	-53.928
8	1638.000	-47.459
8	1639.000	-42.091
8	1640.000	-64.500
8	1641.000	-64.500
8	1642.000	-64.500
8	1643.000	-64.500
8	1644.000	-64.500
8	1645.000	-58.319
8	1646.000	-51.035
8	1647.000	-45.848
8	1648.000	-28.114
8	1649.000	-64.500
8	1650.000	-64.500
8	1651.000	-64.500
8	1652.000	-64.500
8	1653.000	-64.500
8	1654.000	-54.417
8	1655.000	-46.178
8	1656.000	-64.500
8	1657.000	-64.500
8	1658.000	-64.500
8	1659.000	-64.500
8	1660.000	-64.500
8	1661.000	-63.009
8	1662.000	-51.941
8	1663.000	-45.508
8	1664.000	-64.500
8	1665.000	-64.500
8	1666.000	-64.500
8	1667.000	-64.500
8	1668.000	-64.500
8	1669.000	-62.892
8	1670.000	-50.347
8	1671.000	-41.179
8	1672.000	-64.500
8	1673.000	-64.500
8	1674.000	-64.500
8	1675.000	-64.500
8	1676.000	-64.500
8	1677.000	-54.268
8	1678.000	-45.745
8	1679.000	-64.500
8	1680.000	-64.500
8	1681.000	-64.500
8	1682.000	-64.500
8	1683.000	-64.500
8	1684.000	-61.044
8	1685.000	-47.668
8	1686.000	-64.500
8	1687.000	-64.500
8	1688.000	-64.500
8	1689.000	-64.500
8	1690.000	-64.500
8	1691.000	-62.584
8	1692.000	-49.111
8	1693.000	-29.622
8	1694.000	-64.500
8	1695.000	-64.500
8	1696.000	-64.500
8	1697.000	-64.500
8	1698.000	-64.500
8	1699.000	-51.360
8	1700.000	-41.332
8	1701.000	-64.500
8	1702.000	-64.500
8	1703.000	-64.500
8	1704.000	-64.500
8	1705.000	-64.500
8	1706.000	-52.654
8	1707.000	-43.323
8	1708.000	-64.500
8	1709.000	-64.500
8	1710.000	-64.500
8	1711.000	-64.500
8	1712.000	-64.500
8	1713.000	-55.949
8	1714.000	-44.432
8	1715.000	-64.500
8	1716.000	-64.500
8	1717.000	-64.500
8	1718.000	-64.500
8	1719.000	-64.500
8	1720.000	-55.773
8	1721.000	-45.587
8	1722.000	-64.500
8	1723.000	-64.500
8	1724.000	-64.500
8	1725.000	-64.500
8	1726.000	-64.500
8	1727.000	-60.841
8	1728.000	-47.858
8	1729.000	-64.500
8	1730.000	-64.500
8	1731.000	-64.500
8	1732.000	-64.500
8	1733.000	-64.500
8	1734.000	-60.434
8	1735.000	-45.406
8	1736.000	-64.500
8	1737.000	-64.500
8	1738.000	-64.500
8	1739.000	-64.500
8	1740.000	-64.500
8	1741.000	-56.130
8	1742.000	-41.094
8	1743.000	-64.500
8	1744.000	-64.500
8	1745.000	-64.500
8	1746.000	-64.500
8	1747.000	-64.500
8	1748.000	-48.358
8	1749.000	-64.500
8	1750.000	-64.500
8	1751.000	-64.500
8	1752.000	-64.500
8	1753.000	-64.500
8	1754.000	-57.731
8	1755.000	-41.105
8	1756.000	-64.500
8	1757.000	-64.500
8	1758.000	-64.500
8	1759.000	-64.500
8	1760.000	-64.500
8	1761.000	-48.974
8	1762.000	-64.500
8	1763.000	-64.500
8	1764.000	-64.500
8	1765.000	-64.500
8	1766.000	-64.500
8	1767.000	-59.560
8	1768.000	-42.851
8	1769.000	-64.500
8	1770.000	-64.500
8	1771.000	-64.500
8	1772.000	-64.500
8	1773.000	-64.500
8	1774.000	-51.461
8	1775.000	-64.500
8	1776.000	-64.500
8	1777.000	-64.500
8	1778.000	-64.500
8	1779.000	-64.500
8	1780.000	-64.500
8	1781.000	-46.646
8	1782.000	-64.500
8	1783.000	-64.500
8	1784.000	-64.500
8	1785.000	-64.500
8	1786.000	-64.500
8	1787.000	-58.541
8	1788.000	-45.191
8	1789.000	-64.500
8	1790.000	-64.500
8	1791.000	-64.500
8	1792.000	-64.500
8	1793.000	-64.500
8	1794.000	-56.283
8	1795.000	-41.797
8	1796.000	-64.500
8	1797.000	-64.500
8	1798.000	-64.500
8	1799.000	-64.500
8	1800.000	-64.500
8	1801.000	-51.278
8	1802.000	-64.500
8	1803.000	-64.500
8	1804.000	-64.500
8	1805.000	-64.500
8	1806.000	-64.500
8	1807.000	-64.500
8	1808.000	-48.202
8	1809.000	-64.500
8	1810.000	-64.500
8	1811.000	-64.500
8	1812.000	-64.500
8	1813.000	-64.500
8	1814.000	-60.671
8	1815.000	-46.275
8	1816.000	-64.500
8	1817.000	-64.500
8	1818.000	-64.500
8	1819.000	-64.500
8	1820.000	-64.500
8	1821.000	-56.571
8	1822.000	-41.978
8	1823.000	-64.500
8	1824.000	-64.500
8	1825.000	-64.500
8	1826.000	-64.500
8	1827.000	-64.500
8	1828.000	-52.245
8	1829.000	-39.275
8	1830.000	-64.500
8	1831.000	-64.500
8	1832.000	-64.500
8	1833.000	-64.500
8	1834.000	-64.500
8	1835.000	-50.830
8	1836.000	-41.204
8	1837.000	-64.500
8	1838.000	-64.500
8	1839.000	-64.500
8	1840.000	-64.500
8	1841.000	-64.500
8	1842.000	-50.337
8	1843.000	-64.500
8	1844.000	-64.500
8	1845.000	-64.500
8	1846.000	-64.500
8	1847.000	-64.500
8	1848.000	-64.500
8	1849.000	-48.636
8	1850.000	-64.500
8	1851.000	-64.500
8	1852.000	-64.500
8	1853.000	-64.500
8	1854.000	-64.500
8	1855.000	-60.592
8	1856.000	-47.190
8	1857.000	-64.500
8	1858.000	-64.500
8	1859.000	-64.500
8	1860.000	-64.500
8	1861.000	-64.500
8	1862.000	-60.810
8	1863.000	-46.165
8	1864.000	-64.500
8	1865.000	-64.500
8	1866.000	-64.500
8	1867.000	-64.500
8	1868.000	-64.500
8	1869.000	-56.225
8	1870.000	-41.291
8	1871.000	-64.500
8	1872.000	-64.500
8	1873.000	-64.500
8	1874.000	-64.500
8	1875.000	-64.500
8	1876.000	-50.078
8	1877.000	-64.500
8	1878.000	-64.500
8	1879.000	-64.500
8	1880.000	-64.500
8	1881.000	-64.500
8	1882.000	-62.100
8	1883.000	-45.162
8	1884.000	-64.500
8	1885.000	-64.500
8	1886.000	-64.500
8	1887.000	-64.500
8	1888.000	-64.500
8	1889.000	-53.459
8	1890.000	-38.540
8	1891.000	-64.500
8	1892.000	-64.500
8	1893.000	-64.500
8	1894.000	-64.500
8	1895.000	-64.500
8	1896.000	-49.563
8	1897.000	-64.500
8	1898.000	-64.500
8	1899.000	-64.500
8	1900.000	-64.500
8	1901.000	-64.500
8	1902.000	-64.500
8	1903.000	-47.517
8	1904.000	-64.500
8	1905.000	-64.500
8	1906.000	-64.500
8	1907.000	-64.500
8	1908.000	-64.500
8	1909.000	-58.023
8	1910.000	-43.341
8	1911.000	-64.500
8	1912.000	-64.500
8	1913.000	-64.500
8	1914.000	-64.500
8	1915.000	-64.500
8	1916.000	-51.251
8	1917.000	-64.500
8	1918.000	-64.500
8	1919.000	-64.500
8	1920.000	-64.500
8	1921.000	-64.500
8	1922.000	-61.821
8	1923.000	-42.332
8	1924.000	-64.500
8	1925.000	-64.500
8	1926.000	-64.500
8	1927.000	-64.500
8	1928.000	-64.500
8	1929.000	-48.278
8	1930.000	-64.500
8	1931.000	-64.500
8	1932.000	-64.500
8	1933.000	-64.500
8	1934.000	-64.500
8	1935.000	-52.628
8	1936.000	-64.500
8	1937.000	-64.500
8	1938.000	-64.500
8	1939.000	-64.500
8	1940.000	-64.500
8	1941.000	-54.353
8	1942.000	-64.500
8	1943.000	-64.500
8	1944.000	-64.500
8	1945.000	-64.500
8	1946.000	-64.500
8	1947.000	-53.909
8	1948.000	-64.500
8	1949.000	-64.500
8	1950.000	-64.500
8	1951.000	-64.500
8	1952.000	-64.500
8	1953.000	-52.789
8	1954.000	-64.500
8	1955.000	-64.500
8	1956.000	-64.500
8	1957.000	-64.500
8	1958.000	-64.500
8	1959.000	-48.754
8	1960.000	-64.500
8	1961.000	-64.500
8	1962.000	-64.500
8	1963.000	-64.500
8	1964.000	-64.500
8	1965.000	-43.524
8	1966.000	-64.500
8	1967.000	-64.500
8	1968.000	-64.500
8	1969.000	-64.500
8	1970.000	-64.500
8	1971.000	-38.779
8	1972.000	-64.500
8	1973.000	-64.500
8	1974.000	-64.500
8	1975.000	-64.500
8	1976.000	-64.500
8	1977.000	-64.500
8	1978.000	-64.500
8	1979.000	-64.500
8	1980.000	-64.500
8	1981.000	-64.500
8	1982.000	-64.500
8	1983.000	-64.500
8	1984.000	-64.500
8	1985.000	-64.500
8	1986.000	-64.500
8	1987.000	-64.500
8	1988.000	-55.045
8	1989.000	-64.500
8	1990.000	-64.500
8	1991.000	-64.500
8	1992.000	-64.500
8	1993.000	-64.500
8	1994.000	-48.111
8	1995.000	-64.500
8	1996.000	-64.500
8	1997.000	-64.500
8	1998.000	-64.500
8	1999.000	-64.500
8	2000.000	-41.233
