# NEST version: UNKNOWN
# RecordingBackendASCII version: 2
sender	time_ms
457	0.200
347	1.700
517	409.900
497	425.100
487	504.300
87	504.800
247	505.100
307	510.300
47	529.100
27	530.000
417	785.200
797	902.900
317	1039.700
177	1042.200
307	1048.000
97	1049.400
737	1049.600
247	1050.600
127	1051.100
477	1053.300
697	1053.900
197	1057.600
347	1059.100
287	1059.800
787	1061.100
77	1070.200
327	1072.100
707	1076.200
627	1077.400
267	1082.800
207	1088.900
17	1097.000
687	1107.500
677	1119.300
187	1124.100
457	1487.900
77	1520.000
37	1561.400
47	1563.300
717	1563.800
347	1564.600
437	1564.600
677	1564.700
217	1565.600
267	1565.900
727	1565.900
487	1566.100
567	1566.100
777	1566.300
157	1566.700
317	1567.100
197	1567.200
57	1567.500
187	1567.500
607	1567.500
67	1567.600
787	1567.800
697	1567.900
707	1567.900
147	1568.000
627	1568.000
687	1568.000
767	1568.000
87	1568.100
467	1568.100
327	1568.200
387	1568.300
397	1568.300
127	1568.400
337	1568.400
257	1568.500
547	1568.500
577	1568.500
227	1568.600
407	1568.600
527	1568.700
797	1568.700
7	1568.800
117	1568.800
247	1568.800
277	1568.800
357	1568.800
417	1568.800
517	1568.900
97	1569.000
747	1569.100
207	1569.200
297	1569.300
597	1569.300
657	1569.300
757	1569.300
587	1569.400
27	1569.500
667	1569.500
107	1569.600
737	1569.600
287	1569.700
307	1569.700
427	1569.700
77	1569.800
137	1569.900
477	1569.900
647	1569.900
237	1570.000
457	1570.000
507	1570.000
167	1570.100
377	1570.100
557	1570.100
447	1570.200
617	1570.300
637	1570.300
177	1570.400
367	1570.400
537	1570.400
497	1570.700
17	1570.900
37	1571.500
47	1571.700
717	1572.600
347	1572.900
437	1573.400
567	1574.000
217	1574.200
267	1574.600
677	1575.000
727	1575.000
487	1575.200
157	1575.300
197	1575.800
787	1576.000
187	1576.300
317	1576.300
467	1576.400
777	1576.400
697	1576.600
67	1576.700
627	1576.700
57	1576.900
687	1576.900
767	1576.900
327	1577.000
707	1577.100
607	1577.200
397	1577.300
407	1577.300
147	1577.400
127	1577.700
7	1577.800
117	1577.800
257	1577.800
247	1577.900
357	1578.000
527	1578.000
507	1578.100
547	1578.100
737	1578.100
517	1578.200
577	1578.200
87	1578.400
227	1578.400
287	1578.400
337	1578.400
417	1578.400
797	1578.400
97	1578.500
557	1578.500
427	1578.700
277	1578.900
667	1579.000
747	1579.000
137	1579.100
597	1579.100
757	1579.100
447	1579.300
657	1579.300
27	1579.400
387	1579.400
477	1579.400
637	1579.400
107	1579.500
377	1579.500
647	1579.500
77	1579.700
167	1579.700
17	1579.800
207	1579.800
297	1579.800
307	1579.800
457	1579.800
177	1580.000
47	1580.100
237	1580.100
537	1580.100
617	1580.300
497	1580.400
587	1580.400
37	1580.600
367	1581.100
717	1581.900
347	1582.300
567	1583.300
677	1583.500
487	1583.700
217	1583.900
197	1584.200
267	1584.500
787	1584.500
437	1584.900
187	1585.300
57	1585.400
627	1585.600
317	1585.800
707	1586.200
67	1586.400
157	1586.500
397	1586.500
147	1586.600
327	1586.600
467	1586.800
727	1586.800
737	1587.200
697	1587.300
117	1587.400
287	1587.400
767	1587.600
577	1587.700
607	1587.700
507	1587.800
7	1588.100
777	1588.100
127	1588.300
227	1588.300
547	1588.400
87	1588.600
417	1588.900
277	1589.000
427	1589.000
557	1589.000
477	1589.100
357	1589.200
407	1589.200
137	1589.400
337	1589.400
47	1589.500
257	1589.500
27	1589.600
647	1589.700
97	1589.900
747	1589.900
537	1590.100
687	1590.200
637	1590.300
237	1590.500
447	1590.500
457	1590.600
527	1590.700
797	1590.700
37	1590.900
667	1590.900
177	1591.000
597	1591.200
517	1591.300
247	1591.700
387	1591.700
167	1591.800
297	1591.800
377	1591.800
107	1592.100
757	1592.300
17	1592.400
497	1592.500
207	1592.700
77	1592.800
367	1592.800
347	1592.900
587	1592.900
657	1592.900
617	1593.100
307	1593.400
567	1593.600
197	1593.700
717	1593.900
677	1594.100
787	1594.200
487	1594.500
187	1595.400
67	1595.500
317	1595.500
267	1595.600
217	1595.700
57	1595.800
327	1596.000
707	1596.300
117	1597.000
437	1597.100
157	1597.200
287	1597.300
697	1597.400
467	1597.500
147	1597.700
767	1597.800
577	1598.300
627	1598.500
7	1598.600
357	1598.800
737	1598.800
277	1598.900
647	1599.100
417	1599.300
397	1599.700
407	1599.700
607	1599.800
727	1600.000
747	1600.000
777	1600.000
427	1600.300
47	1600.400
127	1600.400
337	1600.400
477	1600.400
557	1600.900
687	1600.900
507	1601.000
797	1601.000
527	1601.100
27	1601.300
547	1601.300
227	1601.400
257	1601.500
137	1601.600
237	1601.600
517	1601.600
667	1601.900
87	1602.400
447	1602.500
247	1602.600
297	1602.600
97	1602.700
177	1602.800
197	1603.000
347	1603.000
17	1603.100
37	1603.300
377	1603.300
597	1603.300
537	1603.400
637	1603.400
497	1603.500
757	1603.500
587	1603.800
387	1603.900
657	1603.900
107	1604.000
167	1604.000
77	1604.200
457	1604.200
567	1604.300
207	1604.700
617	1604.700
487	1604.800
787	1605.200
717	1605.300
317	1605.400
67	1605.600
707	1605.700
187	1605.800
367	1605.900
327	1606.000
307	1606.200
267	1606.400
767	1606.600
117	1606.700
467	1606.900
677	1607.100
697	1607.100
437	1607.300
217	1607.400
577	1607.800
57	1608.200
157	1608.200
277	1608.300
627	1608.500
357	1608.800
647	1608.800
147	1610.000
747	1610.000
287	1610.100
407	1610.100
47	1610.300
7	1610.500
127	1610.500
397	1610.500
667	1610.600
527	1610.800
417	1611.000
507	1611.100
687	1611.400
737	1611.400
477	1611.600
517	1611.600
777	1612.000
557	1612.100
27	1612.300
607	1612.300
257	1612.500
337	1612.600
547	1612.600
227	1612.700
197	1613.300
177	1613.500
247	1613.600
297	1613.600
137	1613.700
97	1614.000
347	1614.000
567	1614.200
797	1614.200
237	1614.300
447	1614.300
537	1614.300
427	1614.500
497	1614.500
597	1614.800
87	1615.000
457	1615.000
657	1615.000
387	1615.100
787	1615.200
107	1615.700
37	1615.800
167	1615.800
727	1615.800
17	1616.200
637	1616.200
757	1616.200
77	1616.400
767	1616.400
377	1616.500
487	1616.600
367	1617.000
707	1617.000
207	1617.100
717	1617.300
117	1617.400
617	1617.500
187	1618.100
577	1618.400
157	1618.500
67	1618.600
317	1618.600
327	1618.600
587	1618.600
267	1618.700
277	1618.700
467	1618.800
217	1619.200
677	1619.200
57	1619.400
307	1619.400
697	1619.400
147	1619.500
627	1619.600
407	1619.800
667	1619.800
437	1619.900
747	1619.900
647	1620.100
357	1620.500
737	1620.500
287	1620.600
397	1620.700
7	1620.800
687	1620.900
417	1621.000
517	1621.000
527	1621.200
127	1621.400
547	1621.800
47	1621.900
507	1621.900
97	1622.800
607	1622.800
477	1622.900
777	1622.900
197	1623.000
257	1623.100
27	1623.200
227	1623.200
337	1623.200
297	1623.400
557	1623.500
347	1623.800
177	1624.100
247	1624.300
447	1624.300
137	1624.500
497	1624.500
567	1624.500
597	1624.700
237	1624.800
537	1624.800
797	1624.800
757	1624.900
387	1625.100
427	1625.100
787	1625.100
637	1625.300
37	1625.500
657	1625.500
167	1625.700
87	1625.800
457	1625.800
767	1625.800
77	1625.900
377	1625.900
487	1626.000
727	1626.000
117	1626.300
107	1626.800
367	1627.300
707	1627.500
17	1627.600
207	1627.800
277	1627.800
717	1628.000
187	1628.100
267	1628.100
327	1628.200
587	1628.300
617	1628.300
217	1628.500
67	1628.700
157	1628.700
317	1628.700
57	1628.800
577	1628.800
697	1628.800
467	1629.200
627	1629.300
747	1629.300
7	1629.400
287	1629.500
357	1629.600
147	1629.700
667	1629.700
677	1629.700
737	1629.900
307	1630.000
407	1630.200
437	1630.300
527	1630.400
397	1630.600
647	1630.700
547	1630.800
417	1631.400
47	1631.500
687	1631.500
127	1631.700
477	1632.000
607	1632.000
227	1632.200
777	1632.200
557	1632.300
97	1632.500
197	1632.500
27	1632.800
337	1632.800
517	1632.800
177	1633.000
447	1633.200
507	1633.300
137	1633.500
297	1633.500
257	1633.600
497	1633.600
567	1633.600
757	1633.600
797	1633.700
347	1633.900
597	1634.100
37	1634.200
237	1634.300
387	1634.400
537	1634.400
637	1634.400
77	1634.900
427	1634.900
457	1634.900
767	1634.900
247	1635.000
657	1635.000
787	1635.000
87	1635.200
727	1635.200
107	1635.300
377	1635.600
487	1635.600
117	1635.700
187	1636.000
167	1636.200
207	1636.200
267	1636.600
277	1636.600
587	1636.800
717	1636.800
327	1636.900
17	1637.000
367	1637.000
707	1637.100
7	1637.400
57	1637.500
217	1637.600
357	1637.800
287	1637.900
577	1638.000
157	1638.300
317	1638.300
67	1638.400
467	1638.400
627	1638.400
697	1638.500
307	1638.900
407	1638.900
617	1638.900
737	1639.100
397	1639.200
677	1639.300
747	1639.400
147	1639.700
527	1639.800
667	1639.900
647	1640.000
417	1640.100
437	1640.100
127	1640.500
477	1640.500
547	1640.700
197	1640.800
607	1640.800
777	1640.800
27	1640.900
337	1640.900
687	1640.900
557	1641.000
47	1641.200
757	1641.400
517	1641.600
227	1641.700
137	1642.000
177	1642.000
347	1642.000
507	1642.000
97	1642.300
387	1642.400
297	1642.500
597	1642.500
637	1642.500
567	1642.600
797	1642.700
37	1642.800
257	1642.800
497	1642.800
447	1642.900
457	1642.900
237	1643.100
77	1643.200
537	1643.400
247	1643.500
427	1643.500
107	1643.700
657	1643.800
787	1643.800
87	1643.900
187	1644.000
377	1644.100
767	1644.300
207	1644.400
277	1644.500
727	1644.500
117	1644.700
167	1645.000
487	1645.200
587	1645.200
717	1645.300
367	1645.500
327	1645.600
357	1645.600
7	1645.800
267	1645.900
707	1646.000
57	1646.200
577	1646.200
217	1646.300
287	1646.300
157	1646.800
627	1646.800
17	1647.100
317	1647.300
397	1647.300
67	1647.400
467	1647.400
617	1647.400
697	1647.500
407	1647.700
527	1647.800
307	1647.900
647	1647.900
147	1648.000
747	1648.100
127	1648.200
677	1648.200
477	1648.400
737	1648.400
417	1648.600
667	1648.600
337	1648.700
437	1648.700
547	1649.000
557	1649.100
27	1649.200
197	1649.200
687	1649.300
777	1649.400
607	1649.500
177	1649.700
517	1649.700
757	1649.900
347	1650.100
507	1650.200
137	1650.300
37	1650.400
47	1650.400
597	1650.500
227	1650.600
387	1650.600
97	1650.800
457	1650.800
567	1650.800
637	1650.800
497	1650.900
257	1651.000
297	1651.200
107	1651.300
237	1651.300
427	1651.300
797	1651.500
77	1651.600
247	1651.600
447	1651.800
537	1651.800
657	1651.900
787	1651.900
87	1652.000
767	1652.100
207	1652.200
187	1652.300
277	1652.300
377	1652.700
117	1652.800
167	1652.800
727	1652.800
717	1653.200
357	1653.400
587	1653.400
707	1653.400
487	1653.500
7	1653.900
577	1654.000
367	1654.100
267	1654.200
327	1654.300
217	1654.400
287	1654.400
57	1654.700
627	1654.900
67	1655.300
157	1655.400
407	1655.400
527	1655.400
617	1655.400
647	1655.400
127	1655.500
317	1655.700
697	1655.800
17	1655.900
307	1655.900
747	1655.900
147	1656.000
677	1656.000
397	1656.100
467	1656.200
477	1656.300
667	1656.400
437	1656.700
687	1656.700
737	1656.700
27	1656.800
197	1656.900
557	1656.900
417	1657.000
337	1657.100
517	1657.400
777	1657.400
607	1657.500
177	1657.600
347	1657.600
757	1657.800
137	1658.100
547	1658.100
37	1658.200
507	1658.300
47	1658.400
597	1658.400
97	1658.500
637	1658.500
457	1658.700
107	1658.800
387	1658.900
497	1659.000
567	1659.000
237	1659.100
247	1659.100
257	1659.100
227	1659.200
297	1659.200
77	1659.300
447	1659.400
537	1659.500
657	1659.500
427	1659.600
767	1659.800
87	1659.900
797	1659.900
787	1660.000
277	1660.100
167	1660.600
207	1660.600
117	1660.900
187	1660.900
377	1660.900
717	1660.900
727	1661.100
357	1661.200
487	1661.300
707	1661.300
7	1661.400
287	1661.600
577	1661.600
587	1661.800
217	1662.000
267	1662.200
327	1662.400
367	1662.500
57	1662.800
157	1662.800
527	1662.800
627	1662.800
647	1662.800
617	1663.000
67	1663.200
747	1663.200
677	1663.300
317	1663.400
397	1663.400
697	1663.400
407	1663.600
307	1663.700
477	1663.700
147	1663.800
17	1663.900
667	1663.900
127	1664.000
197	1664.000
437	1664.100
737	1664.300
27	1664.500
687	1664.500
467	1664.700
417	1664.800
607	1664.800
517	1664.900
557	1664.900
337	1665.000
347	1665.000
177	1665.100
777	1665.400
137	1665.500
757	1665.700
37	1665.800
637	1665.800
97	1665.900
547	1665.900
47	1666.000
597	1666.100
107	1666.200
507	1666.300
247	1666.400
567	1666.400
387	1666.500
457	1666.700
237	1666.800
297	1666.800
257	1666.900
447	1666.900
537	1666.900
227	1667.000
77	1667.100
497	1667.100
657	1667.100
767	1667.200
797	1667.200
427	1667.300
87	1667.600
277	1667.900
787	1667.900
167	1668.000
357	1668.400
717	1668.400
187	1668.500
377	1668.500
487	1668.600
7	1668.700
117	1668.700
207	1668.700
287	1668.800
577	1668.800
727	1669.000
707	1669.100
327	1669.600
587	1669.600
217	1669.700
267	1669.900
57	1670.000
157	1670.000
647	1670.000
367	1670.100
627	1670.200
747	1670.200
617	1670.400
527	1670.500
677	1670.500
397	1670.600
477	1670.700
697	1670.700
317	1670.900
197	1671.000
67	1671.100
147	1671.200
407	1671.300
17	1671.400
307	1671.400
667	1671.600
437	1671.800
607	1671.900
127	1672.000
467	1672.000
737	1672.000
27	1672.200
177	1672.200
347	1672.200
687	1672.200
337	1672.400
417	1672.500
517	1672.600
137	1672.700
557	1672.700
757	1672.700
777	1672.700
547	1673.200
597	1673.200
47	1673.300
37	1673.400
637	1673.400
97	1673.700
567	1673.700
247	1673.800
387	1673.800
107	1673.900
257	1674.000
227	1674.100
447	1674.100
507	1674.200
77	1674.300
237	1674.300
297	1674.300
457	1674.300
537	1674.300
657	1674.300
797	1674.400
767	1674.700
497	1674.900
87	1675.000
427	1675.000
167	1675.200
277	1675.200
787	1675.200
377	1675.600
7	1675.700
187	1675.700
357	1675.800
717	1675.900
207	1676.000
117	1676.100
487	1676.300
577	1676.400
287	1676.500
327	1676.600
707	1676.700
727	1676.800
587	1676.900
57	1677.200
157	1677.200
627	1677.200
217	1677.300
267	1677.300
747	1677.300
367	1677.500
647	1677.500
677	1677.500
617	1677.600
397	1677.700
477	1677.700
317	1677.900
697	1677.900
527	1678.000
197	1678.200
67	1678.400
147	1678.400
307	1678.800
667	1678.900
347	1679.000
407	1679.000
607	1679.000
737	1679.000
17	1679.100
27	1679.200
467	1679.300
127	1679.500
437	1679.500
137	1679.600
177	1679.600
337	1679.600
417	1679.600
757	1679.600
687	1679.700
777	1679.700
557	1679.900
517	1680.100
597	1680.400
547	1680.500
637	1680.500
47	1680.600
37	1680.700
97	1680.700
567	1680.700
257	1680.900
107	1681.100
387	1681.100
447	1681.100
237	1681.200
247	1681.200
77	1681.300
227	1681.300
657	1681.300
507	1681.500
537	1681.500
797	1681.600
457	1681.700
767	1681.900
297	1682.000
167	1682.100
87	1682.200
787	1682.300
277	1682.400
377	1682.500
497	1682.500
7	1682.700
187	1682.700
427	1682.700
357	1683.000
117	1683.100
717	1683.200
207	1683.500
327	1683.600
487	1683.600
577	1683.700
287	1683.900
707	1684.000
57	1684.100
627	1684.300
157	1684.400
267	1684.400
587	1684.400
217	1684.500
727	1684.500
367	1684.700
677	1684.700
397	1684.800
477	1684.900
617	1685.000
647	1685.000
317	1685.100
197	1685.200
747	1685.200
147	1685.400
527	1685.400
697	1685.500
67	1685.600
607	1685.700
347	1686.000
407	1686.100
17	1686.200
737	1686.200
27	1686.300
467	1686.300
667	1686.300
437	1686.500
307	1686.600
757	1686.600
417	1686.700
687	1686.700
777	1686.700
127	1686.800
137	1686.800
337	1686.900
557	1686.900
177	1687.000
517	1687.400
547	1687.400
597	1687.500
37	1687.600
567	1687.600
637	1687.600
257	1687.700
47	1687.900
97	1687.900
387	1688.000
447	1688.200
77	1688.400
237	1688.400
247	1688.400
537	1688.400
107	1688.500
227	1688.600
657	1688.600
797	1688.800
87	1689.000
507	1689.000
167	1689.100
767	1689.100
277	1689.200
457	1689.300
297	1689.500
377	1689.500
787	1689.500
7	1689.600
187	1689.800
427	1689.900
497	1689.900
117	1690.100
357	1690.100
717	1690.300
207	1690.500
327	1690.700
287	1691.000
487	1691.000
627	1691.100
707	1691.100
577	1691.200
57	1691.300
157	1691.300
267	1691.500
727	1691.500
217	1691.600
367	1691.600
587	1691.700
397	1692.000
647	1692.000
317	1692.100
617	1692.100
677	1692.100
477	1692.200
147	1692.500
197	1692.500
607	1692.500
747	1692.600
527	1692.800
67	1692.900
697	1693.000
407	1693.100
27	1693.200
347	1693.200
127	1693.500
467	1693.500
667	1693.500
737	1693.500
17	1693.600
417	1693.600
437	1693.600
687	1693.700
137	1693.800
337	1693.800
757	1693.800
307	1693.900
557	1693.900
777	1693.900
177	1694.100
517	1694.400
547	1694.400
567	1694.400
597	1694.400
37	1694.500
637	1694.800
257	1694.900
387	1694.900
97	1695.000
47	1695.100
537	1695.300
107	1695.400
447	1695.400
77	1695.500
227	1695.500
247	1695.600
657	1695.600
237	1695.700
87	1695.900
277	1696.000
767	1696.000
167	1696.200
507	1696.200
7	1696.300
457	1696.300
797	1696.400
297	1696.500
787	1696.500
377	1696.600
187	1696.800
497	1696.800
117	1697.000
427	1697.000
357	1697.100
207	1697.300
717	1697.400
327	1697.700
627	1698.100
707	1698.100
157	1698.200
487	1698.200
57	1698.300
287	1698.300
577	1698.500
727	1698.600
367	1698.700
587	1698.700
267	1698.900
317	1698.900
647	1699.000
217	1699.100
617	1699.100
477	1699.200
397	1699.300
677	1699.400
197	1699.500
607	1699.600
747	1699.600
147	1699.800
527	1699.800
407	1699.900
27	1700.000
347	1700.100
67	1700.400
417	1700.400
697	1700.400
127	1700.500
687	1700.500
337	1700.600
467	1700.600
737	1700.600
17	1700.700
437	1700.700
557	1700.800
667	1700.800
137	1700.900
177	1700.900
757	1700.900
307	1701.000
547	1701.100
777	1701.100
597	1701.200
37	1701.300
567	1701.400
517	1701.500
387	1701.700
257	1702.000
107	1702.100
47	1702.200
77	1702.300
97	1702.300
537	1702.300
637	1702.300
227	1702.400
247	1702.400
447	1702.400
657	1702.600
87	1702.900
237	1702.900
277	1703.000
767	1703.000
7	1703.100
457	1703.300
167	1703.400
497	1703.500
187	1703.600
297	1703.600
507	1703.600
787	1703.700
377	1703.800
797	1703.800
117	1703.900
427	1704.000
717	1704.300
207	1704.400
357	1704.400
327	1704.900
707	1704.900
287	1705.100
627	1705.100
487	1705.200
57	1705.300
157	1705.300
727	1705.600
317	1705.700
577	1705.800
587	1705.800
367	1705.900
647	1705.900
267	1706.000
617	1706.000
477	1706.100
217	1706.200
397	1706.300
197	1706.400
677	1706.400
747	1706.400
607	1706.600
527	1706.700
27	1706.800
147	1706.800
407	1706.900
127	1707.300
347	1707.300
687	1707.300
467	1707.500
697	1707.500
737	1707.500
17	1707.600
337	1707.600
417	1707.600
667	1707.600
67	1707.700
177	1707.700
557	1707.700
757	1707.800
137	1707.900
437	1707.900
777	1707.900
597	1708.000
547	1708.100
37	1708.200
307	1708.300
517	1708.400
567	1708.400
387	1708.500
47	1709.000
107	1709.000
97	1709.100
227	1709.100
537	1709.100
77	1709.200
247	1709.300
447	1709.400
637	1709.400
257	1709.600
657	1709.600
87	1709.800
237	1709.800
277	1710.000
7	1710.100
457	1710.100
767	1710.100
167	1710.300
187	1710.300
297	1710.300
497	1710.400
787	1710.500
117	1710.700
427	1710.900
507	1710.900
377	1711.000
797	1711.100
207	1711.300
717	1711.400
357	1711.500
707	1711.500
327	1711.900
627	1712.000
287	1712.100
57	1712.200
157	1712.200
487	1712.300
317	1712.500
727	1712.500
267	1712.800
367	1712.900
577	1712.900
217	1713.000
587	1713.000
617	1713.000
477	1713.100
677	1713.200
747	1713.200
607	1713.400
27	1713.500
197	1713.500
397	1713.500
647	1713.500
147	1713.700
527	1713.700
687	1714.000
407	1714.100
127	1714.200
667	1714.200
347	1714.500
417	1714.500
467	1714.500
557	1714.500
697	1714.500
177	1714.600
17	1714.700
737	1714.700
757	1714.700
67	1714.800
37	1714.900
337	1714.900
777	1714.900
437	1715.000
547	1715.000
137	1715.100
597	1715.100
387	1715.200
307	1715.300
517	1715.300
567	1715.300
97	1715.700
107	1715.700
47	1715.800
77	1715.800
227	1715.800
247	1715.900
537	1715.900
447	1716.100
637	1716.200
87	1716.700
237	1716.700
457	1716.700
657	1716.700
257	1716.800
277	1716.800
7	1716.900
767	1716.900
167	1717.000
297	1717.200
497	1717.300
787	1717.300
187	1717.500
117	1717.600
797	1717.700
427	1717.800
507	1718.000
357	1718.300
377	1718.300
707	1718.400
717	1718.400
207	1718.500
327	1719.000
157	1719.100
287	1719.100
627	1719.100
727	1719.100
487	1719.200
57	1719.300
317	1719.400
217	1719.700
367	1719.700
577	1719.700
617	1719.700
267	1719.900
677	1719.900
27	1720.100
477	1720.100
587	1720.100
747	1720.100
197	1720.200
607	1720.200
647	1720.500
397	1720.600
147	1720.700
527	1720.800
687	1720.800
667	1721.000
127	1721.100
347	1721.200
407	1721.200
557	1721.200
177	1721.400
417	1721.400
467	1721.500
697	1721.500
67	1721.600
757	1721.600
17	1721.700
737	1721.700
37	1721.800
337	1721.800
547	1721.800
777	1721.800
137	1722.000
387	1722.000
437	1722.000
597	1722.000
307	1722.100
567	1722.100
97	1722.200
107	1722.400
227	1722.500
517	1722.500
537	1722.500
47	1722.600
77	1722.600
247	1722.600
447	1723.000
637	1723.100
457	1723.400
657	1723.400
167	1723.500
257	1723.600
767	1723.600
87	1723.700
297	1723.800
277	1723.900
237	1724.000
787	1724.000
497	1724.100
7	1724.300
187	1724.300
797	1724.400
117	1724.800
427	1724.800
357	1724.900
507	1724.900
717	1725.100
707	1725.300
207	1725.400
377	1725.400
727	1725.500
327	1725.700
157	1725.900
487	1726.000
57	1726.100
627	1726.200
317	1726.400
367	1726.400
577	1726.400
217	1726.500
287	1726.500
617	1726.500
267	1726.600
677	1726.700
27	1726.800
477	1726.800
587	1726.800
197	1726.900
747	1727.000
607	1727.300
647	1727.400
397	1727.600
687	1727.600
147	1727.700
527	1727.700
127	1727.900
347	1727.900
407	1727.900
667	1727.900
557	1728.000
177	1728.200
417	1728.200
737	1728.300
777	1728.300
17	1728.400
67	1728.400
697	1728.400
37	1728.500
337	1728.500
137	1728.600
467	1728.600
547	1728.600
97	1728.700
757	1728.700
387	1728.800
597	1728.800
307	1728.900
437	1728.900
567	1728.900
537	1729.000
107	1729.300
227	1729.300
247	1729.300
47	1729.400
77	1729.500
517	1729.600
447	1729.700
457	1729.900
637	1730.000
167	1730.200
657	1730.200
767	1730.300
87	1730.400
257	1730.400
497	1730.600
277	1730.800
297	1730.800
787	1730.800
187	1731.000
797	1731.000
237	1731.100
7	1731.400
357	1731.600
117	1731.700
507	1731.700
427	1731.900
717	1731.900
207	1732.200
377	1732.200
707	1732.200
727	1732.200
487	1732.400
157	1732.600
327	1732.600
57	1733.000
627	1733.000
367	1733.100
267	1733.200
577	1733.200
217	1733.300
27	1733.400
287	1733.400
317	1733.400
477	1733.400
587	1733.400
617	1733.500
677	1733.500
747	1733.500
197	1733.600
607	1734.000
647	1734.100
127	1734.400
397	1734.400
407	1734.400
687	1734.400
147	1734.500
347	1734.500
527	1734.500
667	1734.700
417	1734.800
737	1734.800
777	1734.800
557	1734.900
97	1735.000
17	1735.100
177	1735.100
37	1735.200
67	1735.200
137	1735.200
337	1735.200
547	1735.300
757	1735.300
467	1735.400
697	1735.400
537	1735.500
387	1735.600
567	1735.600
597	1735.600
307	1735.700
437	1735.700
47	1735.900
227	1735.900
107	1736.000
77	1736.100
247	1736.100
517	1736.200
447	1736.500
457	1736.500
657	1736.700
637	1736.800
767	1736.900
87	1737.000
167	1737.000
257	1737.100
497	1737.400
277	1737.500
787	1737.500
187	1737.600
297	1737.700
797	1737.800
237	1738.000
7	1738.100
117	1738.400
357	1738.400
507	1738.400
717	1738.700
427	1738.800
377	1738.900
727	1738.900
707	1739.000
207	1739.100
487	1739.100
157	1739.300
327	1739.300
627	1739.500
57	1739.700
367	1739.900
577	1739.900
27	1740.000
267	1740.000
217	1740.100
287	1740.100
317	1740.100
477	1740.100
617	1740.100
587	1740.200
747	1740.300
677	1740.400
197	1740.700
607	1740.700
647	1740.800
127	1741.100
407	1741.100
687	1741.100
347	1741.200
527	1741.200
147	1741.300
737	1741.300
397	1741.400
777	1741.400
557	1741.500
97	1741.600
417	1741.600
667	1741.600
17	1741.800
37	1741.800
67	1742.000
137	1742.000
177	1742.000
337	1742.000
537	1742.000
547	1742.000
757	1742.000
567	1742.200
697	1742.200
387	1742.300
597	1742.300
47	1742.400
227	1742.400
437	1742.400
467	1742.400
307	1742.600
107	1742.700
247	1742.700
77	1742.900
457	1743.000
517	1743.000
447	1743.100
657	1743.100
167	1743.500
637	1743.600
87	1743.700
257	1743.700
767	1743.800
187	1744.100
787	1744.100
497	1744.200
277	1744.400
297	1744.500
237	1744.600
797	1744.600
7	1744.700
117	1745.100
507	1745.100
717	1745.100
357	1745.400
377	1745.600
427	1745.700
727	1745.700
157	1745.800
487	1745.800
327	1745.900
707	1745.900
207	1746.100
57	1746.300
627	1746.300
577	1746.600
27	1746.700
267	1746.700
287	1746.700
367	1746.700
317	1746.800
217	1746.900
477	1746.900
587	1747.000
617	1747.000
677	1747.000
747	1747.100
607	1747.300
197	1747.400
127	1747.700
407	1747.700
647	1747.800
687	1747.800
777	1747.800
147	1747.900
347	1748.000
397	1748.000
527	1748.000
557	1748.100
737	1748.200
17	1748.400
97	1748.400
667	1748.400
37	1748.500
417	1748.500
177	1748.600
337	1748.700
757	1748.700
67	1748.800
137	1748.800
537	1748.800
547	1748.800
567	1748.800
387	1748.900
227	1749.000
597	1749.000
697	1749.000
47	1749.200
437	1749.200
467	1749.200
247	1749.300
107	1749.500
307	1749.500
77	1749.600
657	1749.600
517	1749.700
457	1749.800
167	1749.900
447	1749.900
87	1750.100
637	1750.200
257	1750.300
767	1750.400
187	1750.500
787	1750.600
497	1750.800
277	1751.000
297	1751.000
7	1751.200
237	1751.200
797	1751.200
117	1751.600
717	1751.700
507	1751.800
377	1752.000
357	1752.100
427	1752.300
327	1752.400
727	1752.400
157	1752.500
707	1752.600
57	1752.700
487	1752.700
207	1752.800
627	1753.000
577	1753.100
267	1753.300
367	1753.300
27	1753.400
287	1753.400
317	1753.500
217	1753.600
477	1753.600
677	1753.600
617	1753.800
587	1753.900
607	1753.900
197	1754.100
747	1754.100
127	1754.300
647	1754.400
147	1754.500
397	1754.500
687	1754.500
407	1754.600
527	1754.600
557	1754.600
777	1754.700
347	1754.900
737	1754.900
37	1755.100
667	1755.100
17	1755.200
97	1755.200
417	1755.200
337	1755.300
177	1755.400
387	1755.400
537	1755.400
567	1755.400
757	1755.400
67	1755.500
547	1755.600
137	1755.700
697	1755.700
227	1755.800
467	1755.800
597	1755.800
247	1755.900
47	1756.000
437	1756.000
307	1756.100
107	1756.200
657	1756.300
77	1756.400
87	1756.500
457	1756.500
167	1756.600
517	1756.600
447	1756.700
637	1756.700
187	1756.900
257	1756.900
767	1757.000
787	1757.000
497	1757.100
277	1757.400
297	1757.500
7	1757.600
797	1757.800
237	1757.900
117	1758.000
717	1758.400
377	1758.600
357	1758.700
507	1758.700
327	1759.000
427	1759.000
727	1759.000
57	1759.200
157	1759.200
207	1759.300
487	1759.400
707	1759.500
627	1759.600
577	1759.700
367	1759.900
267	1760.000
287	1760.100
27	1760.200
317	1760.200
217	1760.300
477	1760.300
677	1760.400
197	1760.500
607	1760.500
617	1760.500
747	1760.800
587	1760.900
127	1761.000
147	1761.000
647	1761.000
687	1761.100
397	1761.200
407	1761.300
527	1761.300
557	1761.300
777	1761.500
347	1761.600
37	1761.700
337	1761.800
417	1761.800
667	1761.800
737	1761.800
537	1761.900
97	1762.000
177	1762.000
387	1762.000
17	1762.100
67	1762.100
567	1762.100
697	1762.200
757	1762.200
547	1762.300
137	1762.400
597	1762.400
227	1762.500
247	1762.500
467	1762.500
47	1762.700
307	1762.700
437	1762.800
657	1762.800
107	1763.000
87	1763.100
167	1763.100
77	1763.200
457	1763.200
517	1763.200
187	1763.300
637	1763.300
787	1763.400
257	1763.500
447	1763.500
497	1763.500
767	1763.500
277	1763.900
297	1764.000
7	1764.100
117	1764.300
797	1764.500
237	1764.700
717	1764.900
377	1765.100
357	1765.400
507	1765.400
327	1765.500
727	1765.600
57	1765.700
427	1765.800
157	1766.000
207	1766.000
487	1766.000
577	1766.200
627	1766.200
707	1766.200
367	1766.600
267	1766.700
287	1766.700
27	1766.900
217	1767.000
477	1767.000
197	1767.200
317	1767.200
677	1767.200
617	1767.300
747	1767.300
607	1767.400
647	1767.500
587	1767.600
127	1767.700
147	1767.800
397	1767.800
687	1767.900
407	1768.000
527	1768.000
557	1768.000
777	1768.100
337	1768.300
417	1768.300
37	1768.400
347	1768.400
537	1768.500
667	1768.500
177	1768.600
737	1768.600
17	1768.700
387	1768.700
567	1768.700
697	1768.700
97	1768.800
757	1768.800
67	1768.900
467	1769.000
547	1769.000
137	1769.100
307	1769.100
597	1769.100
227	1769.200
247	1769.200
47	1769.300
107	1769.600
437	1769.600
657	1769.600
167	1769.700
77	1769.800
187	1769.800
457	1769.800
517	1769.800
87	1769.900
637	1769.900
787	1769.900
767	1770.000
257	1770.100
497	1770.200
447	1770.300
277	1770.500
297	1770.500
7	1770.600
117	1770.800
237	1771.200
717	1771.300
797	1771.400
377	1771.600
357	1772.000
327	1772.100
507	1772.100
727	1772.200
57	1772.300
427	1772.500
157	1772.700
207	1772.700
487	1772.700
577	1772.700
627	1772.700
287	1773.100
707	1773.100
367	1773.200
217	1773.500
267	1773.500
27	1773.600
477	1773.700
197	1773.800
617	1773.800
317	1773.900
607	1774.000
647	1774.000
677	1774.000
747	1774.000
127	1774.300
587	1774.300
397	1774.400
147	1774.500
557	1774.600
687	1774.600
407	1774.800
527	1774.800
777	1774.800
337	1774.900
567	1775.000
37	1775.100
417	1775.100
537	1775.100
17	1775.200
177	1775.200
347	1775.200
697	1775.200
467	1775.300
667	1775.300
737	1775.300
97	1775.400
757	1775.400
67	1775.500
387	1775.500
547	1775.500
307	1775.600
47	1775.800
137	1775.800
247	1775.800
227	1775.900
597	1775.900
167	1776.200
437	1776.200
657	1776.300
107	1776.400
187	1776.400
457	1776.400
517	1776.400
787	1776.400
77	1776.500
767	1776.500
87	1776.600
447	1776.600
637	1776.600
497	1776.700
257	1776.800
277	1777.000
297	1777.200
7	1777.300
117	1777.300
237	1777.800
717	1777.800
377	1778.100
797	1778.100
357	1778.500
327	1778.800
507	1778.800
727	1778.900
57	1779.100
427	1779.100
577	1779.100
157	1779.300
487	1779.400
627	1779.400
207	1779.600
287	1779.600
367	1779.700
707	1780.000
217	1780.100
267	1780.300
27	1780.400
197	1780.400
477	1780.400
617	1780.400
607	1780.600
647	1780.600
677	1780.600
747	1780.700
317	1780.800
587	1780.800
127	1781.000
147	1781.100
397	1781.200
557	1781.200
687	1781.300
777	1781.300
337	1781.600
407	1781.600
527	1781.600
567	1781.600
537	1781.700
697	1781.700
17	1781.800
37	1781.800
417	1781.900
97	1782.000
177	1782.000
547	1782.000
737	1782.000
347	1782.100
467	1782.100
667	1782.100
757	1782.100
67	1782.200
247	1782.300
307	1782.300
47	1782.400
387	1782.400
227	1782.500
137	1782.600
167	1782.700
597	1782.700
187	1782.900
437	1782.900
457	1782.900
657	1782.900
767	1782.900
787	1782.900
107	1783.000
497	1783.100
517	1783.200
447	1783.300
637	1783.300
77	1783.400
87	1783.400
257	1783.500
277	1783.700
7	1783.800
117	1783.900
297	1784.100
237	1784.500
717	1784.500
377	1784.700
797	1784.700
357	1785.100
727	1785.300
327	1785.500
507	1785.500
57	1785.700
427	1785.700
577	1785.700
157	1785.800
487	1786.100
207	1786.200
367	1786.300
627	1786.300
287	1786.500
217	1786.700
707	1786.700
27	1787.000
267	1787.000
617	1787.100
197	1787.200
477	1787.200
677	1787.200
647	1787.300
747	1787.300
317	1787.400
607	1787.400
587	1787.500
127	1787.600
147	1787.800
557	1787.800
687	1787.800
397	1787.900
777	1788.100
567	1788.200
697	1788.200
37	1788.300
337	1788.300
537	1788.300
17	1788.400
407	1788.400
97	1788.500
527	1788.500
177	1788.600
417	1788.600
547	1788.700
737	1788.700
347	1788.800
467	1788.800
667	1788.800
47	1788.900
247	1788.900
307	1788.900
67	1789.100
227	1789.100
757	1789.100
167	1789.200
137	1789.300
387	1789.300
187	1789.400
597	1789.400
457	1789.500
787	1789.500
437	1789.600
657	1789.600
767	1789.600
107	1789.700
497	1789.700
447	1789.800
637	1789.900
77	1790.000
257	1790.000
517	1790.000
7	1790.300
87	1790.300
277	1790.300
297	1790.700
117	1790.800
717	1791.000
797	1791.200
237	1791.500
357	1791.500
377	1791.500
727	1791.600
507	1792.000
327	1792.200
427	1792.300
577	1792.300
157	1792.400
57	1792.500
487	1792.800
207	1792.900
367	1792.900
627	1793.100
707	1793.200
27	1793.400
217	1793.500
287	1793.500
267	1793.700
477	1793.800
617	1793.800
677	1793.800
747	1793.800
197	1793.900
317	1794.000
647	1794.100
587	1794.200
147	1794.300
607	1794.300
687	1794.300
127	1794.400
397	1794.500
557	1794.800
567	1794.800
37	1794.900
337	1794.900
777	1794.900
407	1795.000
537	1795.000
697	1795.000
17	1795.100
97	1795.100
737	1795.100
527	1795.200
177	1795.300
247	1795.300
417	1795.300
347	1795.400
667	1795.500
47	1795.600
307	1795.600
467	1795.600
227	1795.700
547	1795.700
67	1795.900
387	1795.900
757	1795.900
167	1796.000
187	1796.000
457	1796.100
657	1796.100
137	1796.200
497	1796.200
437	1796.300
447	1796.300
597	1796.300
787	1796.300
767	1796.400
77	1796.500
257	1796.500
637	1796.500
107	1796.800
517	1796.800
7	1796.900
277	1797.000
87	1797.100
297	1797.400
117	1797.500
717	1797.700
797	1797.700
237	1798.100
357	1798.100
377	1798.200
727	1798.400
507	1798.500
577	1798.800
327	1799.000
57	1799.100
157	1799.200
427	1799.200
487	1799.500
207	1799.600
367	1799.600
627	1799.600
707	1799.900
287	1800.100
27	1800.200
217	1800.200
477	1800.400
617	1800.400
677	1800.400
747	1800.400
197	1800.500
317	1800.500
267	1800.600
587	1800.800
647	1800.800
147	1800.900
687	1800.900
607	1801.100
127	1801.200
397	1801.200
37	1801.600
537	1801.600
567	1801.600
777	1801.600
247	1801.700
557	1801.700
17	1801.800
97	1801.800
337	1801.800
737	1801.800
407	1801.900
527	1802.000
697	1802.000
177	1802.100
347	1802.100
417	1802.100
47	1802.200
667	1802.200
227	1802.300
307	1802.300
467	1802.500
657	1802.500
67	1802.600
167	1802.600
387	1802.600
497	1802.700
547	1802.700
757	1802.700
187	1802.800
447	1802.800
457	1802.800
257	1802.900
597	1802.900
767	1802.900
787	1802.900
437	1803.000
137	1803.100
77	1803.200
637	1803.300
7	1803.500
107	1803.500
517	1803.500
277	1803.600
87	1803.900
297	1804.100
117	1804.200
797	1804.300
717	1804.500
237	1804.700
357	1804.800
377	1804.900
507	1804.900
727	1805.000
577	1805.400
327	1805.600
57	1805.700
427	1805.700
157	1806.000
487	1806.100
207	1806.200
367	1806.200
627	1806.200
287	1806.700
707	1806.700
27	1806.900
617	1806.900
317	1807.100
477	1807.100
677	1807.100
747	1807.100
197	1807.200
217	1807.200
587	1807.200
647	1807.400
147	1807.600
267	1807.600
607	1807.800
687	1807.800
127	1807.900
397	1808.000
557	1808.200
37	1808.300
567	1808.300
17	1808.400
537	1808.400
737	1808.400
97	1808.600
247	1808.600
527	1808.600
337	1808.700
407	1808.700
47	1808.900
227	1808.900
347	1808.900
697	1808.900
777	1808.900
417	1809.000
667	1809.000
167	1809.100
307	1809.100
177	1809.200
457	1809.200
657	1809.200
67	1809.300
387	1809.300
497	1809.300
547	1809.300
447	1809.400
467	1809.400
187	1809.500
597	1809.500
787	1809.500
137	1809.600
257	1809.600
757	1809.600
767	1809.600
77	1809.700
437	1809.800
517	1810.000
7	1810.100
637	1810.100
107	1810.200
277	1810.200
87	1810.600
797	1810.800
117	1810.900
297	1810.900
717	1811.100
237	1811.200
357	1811.500
377	1811.500
507	1811.500
727	1811.500
577	1812.000
327	1812.200
57	1812.300
427	1812.300
157	1812.700
367	1812.900
207	1813.000
627	1813.000
487	1813.200
287	1813.400
27	1813.600
617	1813.600
707	1813.600
477	1813.700
747	1813.700
317	1813.800
197	1813.900
587	1813.900
217	1814.000
647	1814.000
677	1814.000
267	1814.300
607	1814.500
147	1814.600
397	1814.600
687	1814.600
127	1814.800
557	1814.900
17	1815.000
37	1815.000
567	1815.000
737	1815.000
537	1815.300
227	1815.400
97	1815.500
247	1815.500
527	1815.500
47	1815.600
337	1815.600
347	1815.600
697	1815.700
777	1815.700
417	1815.800
447	1815.800
497	1815.800
167	1815.900
177	1815.900
307	1815.900
407	1815.900
457	1816.000
657	1816.000
667	1816.000
67	1816.100
387	1816.100
547	1816.100
597	1816.100
187	1816.200
257	1816.200
467	1816.200
767	1816.300
787	1816.300
77	1816.400
137	1816.400
437	1816.500
757	1816.600
277	1816.700
637	1816.700
107	1816.800
517	1816.800
7	1817.000
87	1817.200
117	1817.500
797	1817.500
297	1817.600
237	1817.700
717	1817.800
357	1818.200
727	1818.300
377	1818.400
507	1818.400
327	1818.800
577	1818.800
427	1818.900
57	1819.200
157	1819.400
367	1819.500
207	1819.800
627	1819.800
487	1820.100
477	1820.200
617	1820.200
747	1820.200
27	1820.300
287	1820.300
707	1820.300
317	1820.400
587	1820.500
647	1820.600
197	1820.700
217	1820.900
677	1820.900
267	1821.100
687	1821.200
127	1821.400
397	1821.400
557	1821.500
607	1821.500
17	1821.700
147	1821.700
37	1821.900
567	1821.900
737	1821.900
227	1822.000
537	1822.200
247	1822.300
417	1822.300
527	1822.300
777	1822.300
47	1822.400
337	1822.400
97	1822.500
177	1822.500
347	1822.500
447	1822.500
667	1822.500
167	1822.600
497	1822.600
597	1822.600
657	1822.600
697	1822.600
407	1822.700
67	1822.800
307	1822.800
387	1822.800
257	1822.900
457	1822.900
547	1822.900
77	1823.000
187	1823.000
467	1823.000
437	1823.200
767	1823.200
787	1823.200
137	1823.300
277	1823.300
637	1823.400
757	1823.400
107	1823.500
517	1823.500
7	1823.700
87	1823.800
117	1824.000
237	1824.200
297	1824.200
797	1824.200
717	1824.300
727	1824.900
357	1825.000
377	1825.000
507	1825.000
427	1825.400
327	1825.500
577	1825.500
57	1825.700
157	1826.100
367	1826.400
207	1826.500
627	1826.500
617	1826.800
287	1826.900
477	1826.900
487	1826.900
747	1826.900
27	1827.100
587	1827.200
317	1827.300
647	1827.300
197	1827.400
707	1827.400
217	1827.600
677	1827.700
687	1827.800
267	1828.100
557	1828.100
127	1828.200
607	1828.300
17	1828.400
397	1828.400
37	1828.700
147	1828.700
417	1828.900
567	1828.900
177	1829.000
227	1829.000
537	1829.000
737	1829.000
777	1829.000
667	1829.100
47	1829.200
247	1829.200
337	1829.200
447	1829.200
657	1829.200
347	1829.300
597	1829.300
697	1829.300
407	1829.400
497	1829.400
527	1829.400
307	1829.500
387	1829.500
547	1829.500
67	1829.600
77	1829.600
97	1829.600
167	1829.600
187	1829.700
257	1829.700
467	1829.800
437	1829.900
767	1829.900
107	1830.000
277	1830.000
637	1830.000
787	1830.000
137	1830.100
457	1830.100
517	1830.100
7	1830.200
757	1830.300
87	1830.400
117	1830.500
297	1830.700
717	1830.700
237	1830.800
797	1830.800
727	1831.400
357	1831.500
377	1831.500
507	1831.500
327	1831.900
427	1832.000
577	1832.200
57	1832.400
157	1832.600
207	1833.000
367	1833.000
627	1833.200
477	1833.600
747	1833.600
27	1833.700
287	1833.700
617	1833.700
487	1833.800
197	1834.100
317	1834.100
647	1834.100
587	1834.200
677	1834.200
687	1834.500
217	1834.600
707	1834.600
557	1834.800
127	1835.000
267	1835.100
607	1835.100
17	1835.200
147	1835.300
397	1835.400
37	1835.600
227	1835.700
417	1835.700
177	1835.800
567	1835.800
667	1835.800
247	1835.900
337	1835.900
777	1835.900
47	1836.000
537	1836.000
737	1836.000
597	1836.100
657	1836.100
697	1836.100
347	1836.200
447	1836.200
497	1836.200
527	1836.200
547	1836.200
67	1836.300
307	1836.300
407	1836.300
77	1836.400
167	1836.400
187	1836.400
257	1836.400
387	1836.400
437	1836.400
97	1836.500
767	1836.500
517	1836.600
107	1836.700
467	1836.700
637	1836.700
787	1836.700
277	1836.800
457	1836.800
7	1837.000
87	1837.000
137	1837.000
757	1837.000
117	1837.100
237	1837.300
717	1837.300
297	1837.400
797	1837.500
727	1837.900
507	1838.000
377	1838.100
357	1838.200
327	1838.500
427	1838.700
157	1839.100
577	1839.100
57	1839.200
207	1839.600
627	1839.700
367	1839.900
27	1840.300
477	1840.300
617	1840.300
287	1840.500
487	1840.500
747	1840.600
317	1840.800
647	1840.800
677	1840.800
197	1841.000
217	1841.200
587	1841.200
687	1841.400
557	1841.500
707	1841.500
17	1841.800
127	1841.800
147	1842.000
267	1842.000
607	1842.100
37	1842.500
177	1842.500
417	1842.500
567	1842.500
227	1842.600
397	1842.600
667	1842.600
337	1842.700
777	1842.700
247	1842.800
497	1842.800
527	1842.800
537	1842.800
737	1842.800
187	1842.900
547	1842.900
597	1842.900
47	1843.000
67	1843.000
77	1843.000
257	1843.000
347	1843.000
657	1843.000
697	1843.000
407	1843.100
437	1843.100
97	1843.200
167	1843.200
307	1843.200
387	1843.200
447	1843.200
457	1843.300
517	1843.300
767	1843.300
787	1843.300
107	1843.400
467	1843.400
637	1843.400
87	1843.600
277	1843.700
7	1843.800
117	1843.800
137	1843.800
237	1843.900
757	1843.900
717	1844.100
297	1844.200
797	1844.200
727	1844.500
507	1844.700
357	1844.800
377	1844.800
327	1845.300
427	1845.400
157	1845.600
577	1845.600
57	1846.000
627	1846.300
207	1846.400
367	1846.800
617	1846.800
477	1847.000
27	1847.200
287	1847.300
487	1847.300
647	1847.400
747	1847.400
317	1847.600
677	1847.600
197	1847.700
217	1847.700
687	1848.000
587	1848.100
557	1848.300
17	1848.400
127	1848.400
707	1848.500
147	1848.800
267	1848.800
607	1849.000
177	1849.100
37	1849.300
397	1849.300
417	1849.300
527	1849.300
247	1849.400
337	1849.500
497	1849.500
537	1849.500
777	1849.500
47	1849.600
77	1849.600
227	1849.600
737	1849.600
67	1849.700
187	1849.700
347	1849.700
547	1849.700
567	1849.700
657	1849.700
667	1849.700
597	1849.800
167	1849.900
407	1849.900
437	1849.900
767	1849.900
97	1850.000
107	1850.000
257	1850.000
447	1850.000
697	1850.000
787	1850.000
307	1850.100
387	1850.100
637	1850.100
87	1850.200
457	1850.200
467	1850.200
517	1850.300
7	1850.400
117	1850.400
137	1850.600
237	1850.600
297	1850.700
277	1850.800
757	1850.800
797	1850.900
717	1851.000
727	1851.000
507	1851.200
357	1851.600
377	1851.600
577	1852.000
427	1852.100
157	1852.200
327	1852.200
57	1852.800
207	1853.000
367	1853.200
627	1853.200
617	1853.300
477	1853.800
27	1853.900
487	1853.900
647	1854.000
287	1854.200
747	1854.200
317	1854.300
677	1854.300
197	1854.400
217	1854.400
687	1854.600
587	1854.800
17	1854.900
127	1855.000
557	1855.000
707	1855.400
147	1855.600
607	1855.800
177	1855.900
267	1855.900
37	1856.100
397	1856.100
497	1856.100
777	1856.100
247	1856.200
337	1856.200
417	1856.200
527	1856.200
47	1856.300
227	1856.300
537	1856.300
547	1856.300
737	1856.300
67	1856.400
347	1856.500
657	1856.500
77	1856.600
407	1856.600
437	1856.600
567	1856.600
667	1856.600
167	1856.700
187	1856.700
107	1856.800
447	1856.800
637	1856.800
787	1856.800
87	1856.900
97	1856.900
257	1856.900
307	1856.900
597	1856.900
697	1856.900
767	1856.900
387	1857.000
7	1857.100
117	1857.100
137	1857.100
237	1857.100
467	1857.100
517	1857.200
457	1857.400
757	1857.400
727	1857.500
797	1857.500
297	1857.600
717	1857.700
507	1857.900
277	1858.000
357	1858.100
377	1858.300
427	1858.600
157	1858.700
577	1858.700
327	1859.000
57	1859.400
207	1859.700
367	1859.800
617	1859.900
627	1859.900
477	1860.400
27	1860.500
487	1860.500
647	1860.700
747	1860.800
677	1860.900
287	1861.000
197	1861.100
217	1861.100
317	1861.100
687	1861.300
587	1861.400
17	1861.700
557	1861.800
127	1861.900
147	1862.300
707	1862.300
607	1862.600
177	1862.800
247	1862.800
497	1862.800
527	1862.800
37	1862.900
227	1862.900
267	1862.900
777	1862.900
47	1863.000
737	1863.000
417	1863.100
537	1863.100
397	1863.200
407	1863.200
567	1863.200
167	1863.300
337	1863.300
547	1863.300
67	1863.400
657	1863.400
77	1863.500
347	1863.500
437	1863.500
447	1863.500
637	1863.500
697	1863.500
787	1863.500
117	1863.600
257	1863.600
597	1863.600
667	1863.600
107	1863.700
137	1863.700
237	1863.700
307	1863.700
387	1863.700
87	1863.800
97	1863.800
187	1863.800
767	1863.800
7	1863.900
467	1864.000
517	1864.000
727	1864.000
757	1864.000
797	1864.000
457	1864.100
297	1864.200
357	1864.700
507	1864.700
717	1864.700
277	1864.900
377	1865.000
427	1865.100
157	1865.200
577	1865.500
327	1865.700
57	1866.100
207	1866.400
367	1866.400
617	1866.500
627	1866.500
27	1866.900
477	1867.000
747	1867.200
487	1867.300
647	1867.400
677	1867.600
197	1867.700
217	1867.800
287	1867.800
317	1867.800
687	1867.900
587	1868.100
17	1868.400
557	1868.600
707	1868.900
127	1869.000
147	1869.200
607	1869.300
737	1869.500
37	1869.600
497	1869.600
777	1869.600
227	1869.700
567	1869.700
47	1869.800
247	1869.800
267	1869.800
177	1869.900
537	1869.900
547	1869.900
397	1870.000
527	1870.000
77	1870.100
167	1870.100
337	1870.100
407	1870.100
417	1870.100
787	1870.100
657	1870.200
667	1870.200
67	1870.300
137	1870.300
237	1870.300
437	1870.300
117	1870.400
257	1870.400
347	1870.400
387	1870.400
447	1870.400
7	1870.500
87	1870.500
697	1870.500
757	1870.500
107	1870.600
307	1870.600
597	1870.600
637	1870.600
187	1870.700
467	1870.700
727	1870.700
797	1870.700
767	1870.800
97	1870.900
517	1870.900
297	1871.000
457	1871.200
277	1871.500
507	1871.500
357	1871.600
377	1871.600
717	1871.800
157	1871.900
427	1871.900
577	1872.200
327	1872.600
207	1872.900
367	1872.900
57	1873.000
627	1873.000
617	1873.100
27	1873.400
747	1873.700
477	1873.800
487	1873.800
197	1874.100
677	1874.100
647	1874.200
287	1874.500
217	1874.600
317	1874.600
587	1874.800
17	1874.900
687	1874.900
557	1875.500
707	1875.500
127	1875.900
147	1876.100
607	1876.100
737	1876.200
227	1876.300
567	1876.300
777	1876.300
47	1876.500
497	1876.500
37	1876.600
77	1876.600
177	1876.600
537	1876.600
247	1876.700
337	1876.700
547	1876.700
267	1876.800
397	1876.800
787	1876.800
167	1876.900
237	1876.900
137	1877.000
527	1877.000
667	1877.000
257	1877.100
417	1877.100
437	1877.100
7	1877.200
67	1877.200
87	1877.200
407	1877.200
447	1877.200
657	1877.200
757	1877.200
117	1877.300
387	1877.300
107	1877.400
467	1877.400
697	1877.400
727	1877.400
187	1877.500
307	1877.500
347	1877.500
597	1877.500
637	1877.500
767	1877.500
797	1877.500
517	1877.700
297	1877.800
97	1877.900
457	1877.900
377	1878.200
507	1878.200
277	1878.300
157	1878.400
717	1878.500
357	1878.600
427	1878.700
577	1879.000
327	1879.100
207	1879.400
367	1879.600
617	1879.600
627	1879.600
57	1879.800
27	1880.000
747	1880.100
197	1880.600
677	1880.600
477	1880.700
487	1880.800
647	1881.000
287	1881.100
217	1881.300
317	1881.400
587	1881.400
17	1881.500
687	1881.600
557	1882.200
707	1882.300
127	1882.600
607	1882.800
567	1882.900
227	1883.100
47	1883.200
147	1883.200
77	1883.300
737	1883.300
777	1883.300
177	1883.400
37	1883.500
237	1883.500
337	1883.500
537	1883.500
547	1883.500
787	1883.600
167	1883.700
247	1883.700
497	1883.700
257	1883.800
397	1883.800
667	1883.800
87	1883.900
137	1883.900
267	1883.900
527	1883.900
7	1884.000
67	1884.000
437	1884.000
187	1884.100
387	1884.100
407	1884.100
757	1884.100
767	1884.100
447	1884.200
467	1884.200
657	1884.200
797	1884.200
307	1884.300
697	1884.300
107	1884.400
117	1884.400
417	1884.400
457	1884.400
637	1884.400
727	1884.400
347	1884.500
517	1884.500
597	1884.500
297	1884.700
97	1884.900
377	1884.900
157	1885.000
277	1885.000
507	1885.000
427	1885.400
717	1885.400
357	1885.500
327	1885.600
577	1885.900
207	1886.000
617	1886.200
367	1886.400
627	1886.400
57	1886.500
747	1886.600
27	1886.700
197	1887.100
677	1887.300
477	1887.400
287	1887.600
487	1887.600
647	1887.800
17	1888.000
587	1888.000
217	1888.100
687	1888.200
317	1888.300
557	1889.000
127	1889.300
707	1889.300
567	1889.500
607	1889.700
227	1889.800
177	1889.900
47	1890.000
77	1890.100
337	1890.100
537	1890.100
777	1890.100
147	1890.200
737	1890.200
237	1890.300
787	1890.400
167	1890.500
257	1890.500
547	1890.500
37	1890.600
667	1890.600
67	1890.700
497	1890.700
767	1890.700
7	1890.800
87	1890.800
137	1890.800
247	1890.800
387	1890.800
757	1890.800
397	1890.900
187	1891.000
267	1891.000
407	1891.000
437	1891.000
527	1891.000
657	1891.000
797	1891.000
307	1891.100
417	1891.100
467	1891.100
697	1891.100
347	1891.200
447	1891.200
457	1891.200
637	1891.200
597	1891.300
107	1891.400
117	1891.400
297	1891.400
517	1891.500
377	1891.600
157	1891.700
277	1891.700
507	1891.700
727	1891.700
97	1891.800
427	1892.000
327	1892.200
717	1892.200
357	1892.400
577	1892.600
207	1892.700
367	1892.900
617	1892.900
57	1893.100
627	1893.100
747	1893.200
27	1893.300
197	1893.800
677	1893.900
287	1894.000
477	1894.000
487	1894.300
647	1894.500
17	1894.800
217	1894.800
587	1894.800
687	1894.800
317	1895.200
557	1895.600
567	1895.900
127	1896.000
707	1896.100
177	1896.400
607	1896.500
337	1896.600
47	1896.700
227	1896.800
237	1896.800
537	1896.800
777	1896.900
147	1897.000
77	1897.100
737	1897.100
787	1897.100
257	1897.200
547	1897.300
667	1897.300
7	1897.400
67	1897.400
37	1897.500
167	1897.500
387	1897.500
767	1897.500
527	1897.600
757	1897.600
407	1897.700
417	1897.700
497	1897.700
637	1897.700
797	1897.700
87	1897.800
187	1897.800
247	1897.800
307	1897.800
467	1897.800
697	1897.800
397	1897.900
437	1897.900
657	1897.900
267	1898.000
347	1898.000
457	1898.000
597	1898.000
107	1898.100
137	1898.100
117	1898.200
297	1898.200
377	1898.300
447	1898.300
97	1898.400
517	1898.400
157	1898.500
277	1898.600
507	1898.600
727	1898.600
327	1898.800
427	1898.900
717	1898.900
207	1899.200
357	1899.300
577	1899.400
367	1899.500
617	1899.600
57	1899.700
747	1899.700
27	1899.800
627	1899.800
197	1900.400
287	1900.400
477	1900.600
677	1900.600
487	1901.000
647	1901.000
217	1901.300
687	1901.400
587	1901.600
17	1901.800
317	1902.100
557	1902.100
567	1902.500
127	1902.700
707	1902.800
337	1903.000
177	1903.200
47	1903.300
607	1903.300
237	1903.400
227	1903.600
537	1903.600
147	1903.700
777	1903.700
737	1903.800
77	1903.900
257	1903.900
787	1903.900
7	1904.000
547	1904.100
167	1904.200
667	1904.200
187	1904.300
387	1904.300
407	1904.300
497	1904.300
527	1904.300
767	1904.300
37	1904.400
67	1904.400
397	1904.400
417	1904.400
637	1904.400
757	1904.500
247	1904.600
307	1904.600
437	1904.600
457	1904.600
597	1904.600
107	1904.700
467	1904.700
697	1904.700
797	1904.700
87	1904.800
97	1904.800
347	1904.800
657	1904.800
117	1904.900
267	1905.000
297	1905.000
377	1905.000
137	1905.200
157	1905.200
277	1905.200
327	1905.300
507	1905.300
517	1905.300
727	1905.300
447	1905.400
717	1905.500
207	1905.600
427	1905.800
357	1906.000
577	1906.000
367	1906.100
617	1906.100
627	1906.300
747	1906.300
27	1906.500
57	1906.500
197	1906.900
287	1906.900
477	1907.100
677	1907.200
647	1907.500
487	1907.700
217	1907.900
687	1907.900
17	1908.500
587	1908.500
557	1908.600
317	1908.700
567	1908.900
127	1909.100
707	1909.200
337	1909.600
47	1909.800
237	1909.900
177	1910.000
607	1910.000
537	1910.100
147	1910.200
777	1910.200
227	1910.300
737	1910.400
787	1910.500
77	1910.600
257	1910.600
167	1910.700
547	1910.700
187	1910.800
767	1910.800
7	1910.900
407	1910.900
497	1910.900
527	1910.900
667	1910.900
37	1911.000
387	1911.000
397	1911.000
637	1911.000
67	1911.100
97	1911.100
247	1911.100
307	1911.100
417	1911.100
347	1911.200
437	1911.200
457	1911.200
107	1911.300
467	1911.300
597	1911.300
87	1911.400
117	1911.400
657	1911.400
297	1911.500
757	1911.500
697	1911.600
797	1911.600
137	1911.700
267	1911.700
327	1911.800
377	1911.800
447	1911.800
727	1911.800
157	1911.900
507	1912.000
517	1912.000
207	1912.100
277	1912.100
717	1912.100
427	1912.300
577	1912.300
357	1912.400
617	1912.600
747	1912.600
367	1912.700
627	1912.700
27	1912.900
57	1913.000
287	1913.300
197	1913.400
677	1913.500
477	1913.600
647	1913.900
217	1914.200
487	1914.200
687	1914.400
17	1914.900
557	1915.000
587	1915.000
317	1915.200
567	1915.200
127	1915.600
707	1915.600
47	1916.100
337	1916.100
237	1916.400
147	1916.500
177	1916.500
777	1916.500
537	1916.600
607	1916.700
227	1916.800
737	1916.800
787	1917.000
77	1917.100
547	1917.100
187	1917.200
257	1917.200
767	1917.200
167	1917.300
397	1917.300
407	1917.300
667	1917.300
7	1917.400
37	1917.400
97	1917.400
497	1917.400
527	1917.400
637	1917.400
247	1917.500
347	1917.500
117	1917.600
387	1917.600
417	1917.600
67	1917.700
307	1917.700
437	1917.700
467	1917.700
107	1917.800
297	1917.800
457	1917.800
597	1917.800
87	1917.900
657	1917.900
757	1917.900
697	1918.100
797	1918.100
137	1918.200
267	1918.200
327	1918.200
447	1918.200
727	1918.300
157	1918.400
377	1918.400
507	1918.400
207	1918.500
277	1918.600
427	1918.600
517	1918.600
717	1918.600
577	1918.700
357	1918.900
747	1918.900
627	1919.000
367	1919.100
617	1919.100
57	1919.200
27	1919.300
287	1919.400
197	1919.700
677	1919.700
477	1919.800
647	1920.100
217	1920.400
487	1920.500
687	1920.700
17	1921.100
557	1921.300
587	1921.300
317	1921.500
567	1921.500
707	1921.900
127	1922.200
47	1922.500
337	1922.500
537	1922.800
777	1922.800
147	1922.900
237	1922.900
607	1922.900
177	1923.000
227	1923.000
737	1923.100
547	1923.400
787	1923.400
77	1923.600
187	1923.600
407	1923.600
767	1923.600
167	1923.700
637	1923.700
247	1923.800
347	1923.800
397	1923.800
417	1923.800
497	1923.800
527	1923.800
37	1923.900
97	1923.900
117	1923.900
257	1923.900
667	1923.900
7	1924.000
387	1924.000
467	1924.000
297	1924.100
597	1924.100
87	1924.200
107	1924.200
307	1924.200
437	1924.200
67	1924.300
137	1924.400
457	1924.400
657	1924.400
757	1924.400
797	1924.400
447	1924.500
697	1924.500
727	1924.600
267	1924.700
327	1924.700
377	1924.700
427	1924.800
507	1924.800
157	1924.900
207	1924.900
277	1924.900
517	1924.900
577	1924.900
717	1925.000
357	1925.200
627	1925.200
747	1925.200
57	1925.400
617	1925.400
27	1925.500
287	1925.500
367	1925.500
197	1925.800
677	1925.900
477	1926.100
647	1926.400
217	1926.600
487	1926.700
687	1927.000
17	1927.400
317	1927.600
557	1927.600
587	1927.600
567	1927.700
707	1928.100
47	1928.600
337	1928.600
127	1928.700
777	1929.000
147	1929.100
237	1929.100
537	1929.100
227	1929.200
607	1929.200
737	1929.200
177	1929.300
787	1929.500
547	1929.600
77	1929.700
187	1929.900
397	1929.900
767	1929.900
407	1930.000
417	1930.000
637	1930.000
167	1930.100
247	1930.100
347	1930.100
497	1930.100
527	1930.100
37	1930.200
117	1930.200
257	1930.200
467	1930.200
97	1930.300
387	1930.300
667	1930.300
7	1930.400
87	1930.400
597	1930.400
297	1930.500
67	1930.600
107	1930.600
137	1930.600
437	1930.600
657	1930.600
307	1930.700
457	1930.700
697	1930.700
757	1930.700
797	1930.700
447	1930.800
727	1930.800
377	1930.900
267	1931.000
207	1931.100
427	1931.100
507	1931.100
517	1931.100
577	1931.100
157	1931.200
277	1931.200
327	1931.200
717	1931.200
357	1931.300
627	1931.400
57	1931.500
747	1931.500
287	1931.600
617	1931.700
27	1931.800
197	1931.900
367	1931.900
677	1932.000
477	1932.200
647	1932.600
217	1932.700
487	1932.800
687	1933.100
17	1933.500
317	1933.700
557	1933.700
567	1933.800
587	1933.800
707	1934.100
47	1934.700
337	1934.700
127	1934.800
537	1935.200
777	1935.200
237	1935.300
607	1935.300
737	1935.300
147	1935.400
227	1935.400
177	1935.500
787	1935.600
547	1935.700
77	1935.900
767	1935.900
397	1936.000
417	1936.100
497	1936.100
637	1936.100
187	1936.200
347	1936.200
407	1936.200
117	1936.300
167	1936.300
247	1936.300
467	1936.300
527	1936.300
37	1936.400
387	1936.400
87	1936.500
257	1936.500
97	1936.600
597	1936.600
667	1936.600
7	1936.700
137	1936.700
437	1936.700
67	1936.800
297	1936.800
657	1936.800
697	1936.800
757	1936.800
107	1936.900
447	1936.900
457	1936.900
797	1936.900
307	1937.000
727	1937.000
267	1937.100
377	1937.100
427	1937.100
517	1937.100
157	1937.200
207	1937.200
507	1937.200
277	1937.300
577	1937.300
717	1937.300
327	1937.400
357	1937.400
627	1937.400
57	1937.500
287	1937.600
747	1937.600
197	1937.900
617	1937.900
677	1937.900
27	1938.000
367	1938.000
477	1938.200
217	1938.700
487	1938.700
647	1938.700
687	1939.100
17	1939.500
317	1939.700
557	1939.700
567	1939.800
587	1939.900
707	1940.200
47	1940.700
337	1940.800
127	1940.900
537	1941.300
777	1941.300
237	1941.400
607	1941.400
737	1941.400
177	1941.500
147	1941.600
227	1941.600
787	1941.600
547	1941.800
397	1941.900
767	1941.900
77	1942.100
417	1942.100
117	1942.200
347	1942.200
407	1942.200
497	1942.200
637	1942.200
187	1942.300
167	1942.400
247	1942.400
387	1942.400
467	1942.400
37	1942.500
87	1942.500
257	1942.500
527	1942.500
597	1942.600
7	1942.700
97	1942.700
137	1942.700
667	1942.700
697	1942.800
67	1942.900
437	1942.900
447	1942.900
457	1942.900
757	1942.900
797	1942.900
107	1943.000
297	1943.000
657	1943.000
727	1943.000
157	1943.100
307	1943.100
427	1943.100
517	1943.100
207	1943.200
267	1943.200
377	1943.200
507	1943.200
577	1943.200
277	1943.300
327	1943.400
357	1943.400
627	1943.400
717	1943.400
57	1943.500
747	1943.500
287	1943.600
197	1943.800
677	1943.800
617	1943.900
27	1944.000
367	1944.000
477	1944.100
217	1944.600
487	1944.700
647	1944.700
687	1945.000
17	1945.500
317	1945.600
557	1945.600
567	1945.700
587	1946.000
707	1946.100
47	1946.500
127	1946.800
337	1946.900
537	1947.300
607	1947.300
737	1947.300
777	1947.300
177	1947.400
237	1947.400
787	1947.500
147	1947.600
227	1947.600
397	1947.800
547	1947.800
767	1947.900
417	1948.000
77	1948.100
117	1948.100
347	1948.100
407	1948.200
497	1948.200
637	1948.200
187	1948.300
87	1948.400
167	1948.400
247	1948.400
387	1948.400
467	1948.400
37	1948.500
257	1948.500
527	1948.500
137	1948.600
667	1948.600
7	1948.700
97	1948.700
597	1948.700
447	1948.800
697	1948.800
797	1948.800
67	1948.900
107	1948.900
437	1948.900
457	1948.900
757	1948.900
157	1949.000
297	1949.000
517	1949.000
727	1949.000
207	1949.100
267	1949.100
307	1949.100
427	1949.100
577	1949.100
657	1949.100
277	1949.200
377	1949.200
507	1949.200
327	1949.300
627	1949.300
57	1949.400
357	1949.400
747	1949.400
287	1949.500
717	1949.500
197	1949.600
677	1949.600
27	1949.900
477	1949.900
617	1949.900
367	1950.000
217	1950.400
487	1950.600
647	1950.600
687	1950.900
17	1951.400
317	1951.500
557	1951.500
567	1951.600
707	1951.900
587	1952.000
47	1952.300
127	1952.700
337	1952.800
607	1953.200
777	1953.200
177	1953.300
237	1953.300
537	1953.300
737	1953.300
787	1953.400
147	1953.500
227	1953.600
397	1953.700
547	1953.800
767	1953.800
347	1953.900
417	1953.900
77	1954.000
117	1954.000
407	1954.100
497	1954.100
637	1954.100
187	1954.200
87	1954.300
387	1954.300
467	1954.300
37	1954.400
167	1954.400
247	1954.400
257	1954.400
527	1954.400
667	1954.400
137	1954.500
7	1954.600
597	1954.600
697	1954.600
97	1954.700
797	1954.700
107	1954.800
447	1954.800
457	1954.800
757	1954.800
67	1954.900
157	1954.900
297	1954.900
437	1954.900
517	1954.900
577	1954.900
727	1954.900
207	1955.000
267	1955.000
427	1955.000
277	1955.100
307	1955.100
327	1955.100
377	1955.100
507	1955.100
657	1955.100
357	1955.200
627	1955.200
57	1955.300
747	1955.300
197	1955.400
287	1955.400
677	1955.400
717	1955.500
27	1955.800
477	1955.800
617	1955.900
367	1956.000
217	1956.200
487	1956.500
647	1956.500
687	1956.700
17	1957.200
317	1957.300
557	1957.400
567	1957.400
707	1957.800
587	1957.900
47	1958.100
127	1958.600
337	1958.700
177	1959.100
607	1959.100
777	1959.100
237	1959.200
737	1959.200
787	1959.200
537	1959.300
147	1959.400
227	1959.500
397	1959.500
767	1959.600
347	1959.700
547	1959.700
417	1959.800
77	1959.900
117	1959.900
187	1960.000
407	1960.000
497	1960.000
637	1960.000
87	1960.200
387	1960.200
467	1960.200
527	1960.200
667	1960.200
37	1960.300
167	1960.300
247	1960.300
7	1960.400
137	1960.400
257	1960.400
597	1960.400
697	1960.400
97	1960.600
797	1960.600
107	1960.700
447	1960.700
577	1960.700
67	1960.800
157	1960.800
297	1960.800
437	1960.800
457	1960.800
517	1960.800
757	1960.800
207	1960.900
267	1960.900
327	1960.900
377	1960.900
427	1960.900
727	1960.900
277	1961.000
357	1961.000
507	1961.000
627	1961.000
57	1961.100
197	1961.100
307	1961.100
657	1961.100
747	1961.200
287	1961.300
677	1961.300
717	1961.400
477	1961.600
27	1961.700
367	1961.900
617	1961.900
217	1962.000
487	1962.300
647	1962.400
687	1962.500
17	1963.100
317	1963.100
557	1963.200
567	1963.200
707	1963.700
587	1963.800
47	1963.900
127	1964.400
337	1964.500
177	1964.900
607	1964.900
737	1965.000
777	1965.000
787	1965.000
237	1965.100
147	1965.200
537	1965.200
397	1965.300
227	1965.400
767	1965.400
347	1965.500
547	1965.500
417	1965.600
117	1965.700
77	1965.800
187	1965.800
407	1965.800
497	1965.900
637	1965.900
87	1966.000
467	1966.000
667	1966.000
37	1966.100
387	1966.100
527	1966.100
7	1966.200
167	1966.200
247	1966.200
597	1966.200
697	1966.200
137	1966.300
257	1966.300
797	1966.400
97	1966.500
107	1966.500
577	1966.500
447	1966.600
517	1966.600
67	1966.700
157	1966.700
267	1966.700
297	1966.700
327	1966.700
377	1966.700
457	1966.700
757	1966.700
197	1966.800
207	1966.800
277	1966.800
357	1966.800
427	1966.800
437	1966.800
627	1966.800
727	1966.800
57	1966.900
507	1966.900
307	1967.000
657	1967.000
747	1967.000
287	1967.100
677	1967.100
717	1967.300
477	1967.400
27	1967.600
617	1967.700
217	1967.800
367	1967.800
487	1968.100
647	1968.300
687	1968.300
317	1968.900
17	1969.000
557	1969.000
567	1969.000
707	1969.500
47	1969.600
587	1969.700
127	1970.200
337	1970.300
177	1970.700
607	1970.800
737	1970.800
787	1970.800
237	1970.900
777	1970.900
147	1971.000
397	1971.100
537	1971.100
347	1971.200
227	1971.300
547	1971.300
767	1971.300
417	1971.400
117	1971.500
187	1971.600
407	1971.600
77	1971.700
497	1971.700
87	1971.800
637	1971.800
387	1971.900
467	1971.900
667	1971.900
7	1972.000
37	1972.000
247	1972.000
527	1972.000
697	1972.000
137	1972.100
167	1972.100
597	1972.100
257	1972.200
797	1972.200
97	1972.300
107	1972.300
577	1972.300
447	1972.400
517	1972.400
197	1972.500
267	1972.500
297	1972.500
327	1972.500
377	1972.500
457	1972.500
757	1972.500
67	1972.600
157	1972.600
277	1972.600
357	1972.600
427	1972.600
627	1972.600
727	1972.600
57	1972.700
207	1972.700
437	1972.700
507	1972.700
307	1972.800
747	1972.800
287	1972.900
657	1972.900
677	1972.900
477	1973.200
717	1973.200
27	1973.400
617	1973.500
217	1973.600
367	1973.700
487	1973.800
687	1974.100
647	1974.200
317	1974.700
567	1974.700
557	1974.800
17	1974.900
47	1975.300
707	1975.300
587	1975.600
127	1976.000
337	1976.100
177	1976.500
607	1976.600
737	1976.600
787	1976.600
237	1976.700
147	1976.800
777	1976.800
397	1976.900
347	1977.000
537	1977.000
547	1977.100
767	1977.100
227	1977.200
417	1977.200
117	1977.300
187	1977.400
407	1977.400
77	1977.600
87	1977.600
497	1977.600
637	1977.600
7	1977.700
467	1977.700
37	1977.800
247	1977.800
387	1977.800
667	1977.800
697	1977.800
137	1977.900
527	1977.900
167	1978.000
257	1978.000
597	1978.000
797	1978.000
97	1978.100
107	1978.100
577	1978.100
197	1978.200
447	1978.200
517	1978.200
267	1978.300
327	1978.300
377	1978.300
457	1978.300
757	1978.300
67	1978.400
157	1978.400
277	1978.400
297	1978.400
357	1978.400
427	1978.400
627	1978.400
727	1978.400
57	1978.500
207	1978.500
507	1978.500
287	1978.600
307	1978.600
437	1978.600
747	1978.600
677	1978.700
657	1978.800
477	1979.000
717	1979.000
27	1979.200
617	1979.300
217	1979.400
367	1979.600
487	1979.600
687	1979.900
647	1980.000
317	1980.400
567	1980.400
557	1980.500
17	1980.800
47	1981.000
707	1981.000
587	1981.500
127	1981.800
337	1981.900
177	1982.300
607	1982.400
737	1982.400
787	1982.400
147	1982.600
237	1982.600
347	1982.700
397	1982.700
777	1982.700
537	1982.900
767	1982.900
417	1983.000
547	1983.000
117	1983.100
227	1983.100
187	1983.200
407	1983.200
87	1983.400
497	1983.400
7	1983.500
77	1983.500
467	1983.500
637	1983.500
247	1983.600
667	1983.600
697	1983.600
37	1983.700
137	1983.700
387	1983.700
527	1983.700
167	1983.800
257	1983.800
797	1983.800
97	1983.900
107	1983.900
197	1983.900
577	1983.900
597	1983.900
517	1984.000
267	1984.100
327	1984.100
377	1984.100
447	1984.100
457	1984.100
757	1984.100
157	1984.200
277	1984.200
297	1984.200
357	1984.200
427	1984.200
627	1984.200
727	1984.200
57	1984.300
67	1984.300
207	1984.300
287	1984.300
507	1984.300
747	1984.300
307	1984.400
437	1984.400
677	1984.500
657	1984.700
477	1984.800
717	1984.800
27	1985.000
217	1985.200
617	1985.200
487	1985.300
367	1985.400
687	1985.600
647	1985.800
567	1986.100
317	1986.200
557	1986.200
17	1986.600
47	1986.700
707	1986.800
587	1987.300
127	1987.500
337	1987.700
177	1988.100
607	1988.200
737	1988.200
787	1988.200
147	1988.400
237	1988.400
347	1988.400
397	1988.500
777	1988.600
767	1988.700
417	1988.800
537	1988.800
547	1988.800
117	1988.900
187	1988.900
227	1989.000
407	1989.000
7	1989.200
87	1989.200
497	1989.200
77	1989.300
467	1989.300
247	1989.400
637	1989.400
667	1989.400
697	1989.400
137	1989.500
527	1989.500
37	1989.600
167	1989.600
257	1989.600
387	1989.600
797	1989.600
97	1989.700
107	1989.700
197	1989.700
577	1989.700
597	1989.700
517	1989.800
267	1989.900
277	1989.900
327	1989.900
357	1989.900
377	1989.900
447	1989.900
457	1989.900
757	1989.900
297	1990.000
627	1990.000
727	1990.000
57	1990.100
157	1990.100
207	1990.100
287	1990.100
427	1990.100
507	1990.100
747	1990.100
67	1990.200
437	1990.200
307	1990.300
677	1990.300
477	1990.600
657	1990.600
717	1990.600
27	1990.800
217	1990.900
487	1991.000
617	1991.100
367	1991.200
687	1991.300
647	1991.600
567	1991.800
317	1991.900
557	1991.900
17	1992.400
47	1992.400
707	1992.500
587	1993.100
127	1993.200
337	1993.500
177	1993.900
737	1993.900
607	1994.000
787	1994.000
347	1994.100
147	1994.200
237	1994.200
397	1994.300
777	1994.400
417	1994.500
767	1994.500
537	1994.600
547	1994.600
117	1994.700
187	1994.700
407	1994.700
227	1994.800
7	1994.900
87	1994.900
497	1995.000
77	1995.100
247	1995.100
467	1995.100
637	1995.200
697	1995.200
137	1995.300
527	1995.300
667	1995.300
37	1995.400
167	1995.400
197	1995.400
387	1995.400
577	1995.400
797	1995.400
97	1995.500
107	1995.500
257	1995.500
517	1995.600
597	1995.600
267	1995.700
277	1995.700
327	1995.700
357	1995.700
377	1995.700
457	1995.700
757	1995.700
297	1995.800
447	1995.800
507	1995.800
627	1995.800
727	1995.800
57	1995.900
157	1995.900
207	1995.900
287	1995.900
747	1995.900
427	1996.000
437	1996.000
67	1996.100
677	1996.100
307	1996.200
477	1996.400
657	1996.400
717	1996.400
27	1996.600
217	1996.700
487	1996.700
617	1997.000
687	1997.000
367	1997.100
647	1997.400
567	1997.500
557	1997.600
317	1997.700
17	1998.200
47	1998.200
707	1998.200
127	1998.900
587	1998.900
337	1999.300
737	1999.600
787	1999.700
177	1999.800
347	1999.800
607	1999.800
147	2000.000
237	2000.000
