# NEST version: UNKNOWN
# RecordingBackendASCII version: 2
sender	time_ms	w
10	1.000	24.129
10	2.000	24.081
10	3.000	24.033
10	4.000	23.985
10	5.000	23.937
10	6.000	23.889
10	7.000	23.841
10	8.000	23.793
10	9.000	23.746
10	10.000	23.698
10	11.000	23.651
10	12.000	23.604
10	13.000	23.557
10	14.000	23.510
10	15.000	23.463
10	16.000	23.416
10	17.000	23.369
10	18.000	23.322
10	19.000	23.276
10	20.000	23.229
10	21.000	23.183
10	22.000	23.136
10	23.000	23.090
10	24.000	23.044
10	25.000	22.998
10	26.000	22.952
10	27.000	22.906
10	28.000	22.861
10	29.000	22.815
10	30.000	22.769
10	31.000	22.724
10	32.000	22.678
10	33.000	22.633
10	34.000	22.588
10	35.000	22.543
10	36.000	22.498
10	37.000	22.453
10	38.000	22.408
10	39.000	22.363
10	40.000	22.318
10	41.000	22.274
10	42.000	22.229
10	43.000	22.185
10	44.000	22.141
10	45.000	22.096
10	46.000	22.052
10	47.000	22.008
10	48.000	21.964
10	49.000	21.920
10	50.000	21.876
10	51.000	21.833
10	52.000	21.789
10	53.000	21.746
10	54.000	21.702
10	55.000	21.659
10	56.000	21.615
10	57.000	21.572
10	58.000	21.529
10	59.000	21.486
10	60.000	21.443
10	61.000	21.400
10	62.000	21.358
10	63.000	21.315
10	64.000	21.272
10	65.000	21.230
10	66.000	21.187
10	67.000	21.145
10	68.000	21.103
10	69.000	21.061
10	70.000	21.019
10	71.000	20.977
10	72.000	20.935
10	73.000	20.893
10	74.000	20.851
10	75.000	20.810
10	76.000	20.768
10	77.000	20.726
10	78.000	20.685
10	79.000	20.644
10	80.000	20.602
10	81.000	20.561
10	82.000	20.520
10	83.000	20.479
10	84.000	20.438
10	85.000	20.397
10	86.000	20.357
10	87.000	20.316
10	88.000	20.275
10	89.000	20.235
10	90.000	20.195
10	91.000	20.154
10	92.000	20.114
10	93.000	20.074
10	94.000	20.034
10	95.000	19.994
10	96.000	19.954
10	97.000	19.914
10	98.000	19.874
10	99.000	19.834
10	100.000	19.795
10	101.000	19.755
10	102.000	19.716
10	103.000	19.676
10	104.000	19.637
10	105.000	19.598
10	106.000	19.559
10	107.000	19.519
10	108.000	19.480
10	109.000	19.442
10	110.000	19.403
10	111.000	19.364
10	112.000	19.325
10	113.000	19.287
10	114.000	19.248
10	115.000	19.210
10	116.000	19.171
10	117.000	19.133
10	118.000	19.095
10	119.000	19.057
10	120.000	19.018
10	121.000	18.980
10	122.000	18.943
10	123.000	18.905
10	124.000	18.867
10	125.000	18.829
10	126.000	18.792
10	127.000	18.754
10	128.000	18.717
10	129.000	18.679
10	130.000	18.642
10	131.000	18.605
10	132.000	18.567
10	133.000	18.530
10	134.000	18.493
10	135.000	18.456
10	136.000	18.420
10	137.000	18.383
10	138.000	18.346
10	139.000	18.309
10	140.000	18.273
10	141.000	18.236
10	142.000	18.200
10	143.000	18.163
10	144.000	18.127
10	145.000	18.091
10	146.000	18.055
10	147.000	18.019
10	148.000	17.983
10	149.000	17.947
10	150.000	17.911
10	151.000	17.875
10	152.000	17.839
10	153.000	17.804
10	154.000	17.768
10	155.000	17.733
10	156.000	17.697
10	157.000	17.662
10	158.000	17.627
10	159.000	17.591
10	160.000	17.556
10	161.000	17.521
10	162.000	17.486
10	163.000	17.451
10	164.000	17.416
10	165.000	17.382
10	166.000	17.347
10	167.000	17.312
10	168.000	17.278
10	169.000	17.243
10	170.000	17.209
10	171.000	17.174
10	172.000	17.140
10	173.000	17.106
10	174.000	17.072
10	175.000	17.037
10	176.000	17.003
10	177.000	16.969
10	178.000	16.935
10	179.000	16.902
10	180.000	16.868
10	181.000	16.834
10	182.000	16.801
10	183.000	16.767
10	184.000	16.733
10	185.000	16.700
10	186.000	16.667
10	187.000	16.633
10	188.000	16.600
10	189.000	16.567
10	190.000	16.534
10	191.000	16.501
10	192.000	16.468
10	193.000	16.435
10	194.000	16.402
10	195.000	16.369
10	196.000	16.337
10	197.000	16.304
10	198.000	16.271
10	199.000	16.239
10	200.000	16.206
10	201.000	16.174
10	202.000	16.142
10	203.000	16.110
10	204.000	16.077
10	205.000	16.045
10	206.000	16.013
10	207.000	15.981
10	208.000	15.949
10	209.000	15.917
10	210.000	15.886
10	211.000	15.854
10	212.000	15.822
10	213.000	15.791
10	214.000	15.759
10	215.000	15.727
10	216.000	15.696
10	217.000	15.665
10	218.000	15.633
10	219.000	15.602
10	220.000	15.571
10	221.000	15.540
10	222.000	15.509
10	223.000	15.478
10	224.000	15.447
10	225.000	15.416
10	226.000	15.385
10	227.000	15.355
10	228.000	15.324
10	229.000	15.293
10	230.000	15.263
10	231.000	15.232
10	232.000	15.202
10	233.000	15.171
10	234.000	15.141
10	235.000	15.111
10	236.000	15.081
10	237.000	15.050
10	238.000	15.020
10	239.000	14.990
10	240.000	14.960
10	241.000	14.931
10	242.000	14.901
10	243.000	14.871
10	244.000	14.841
10	245.000	14.812
10	246.000	14.782
10	247.000	14.752
10	248.000	14.723
10	249.000	14.694
10	250.000	14.664
10	251.000	14.635
10	252.000	14.606
10	253.000	14.576
10	254.000	14.547
10	255.000	14.518
10	256.000	14.489
10	257.000	14.460
10	258.000	14.431
10	259.000	14.403
10	260.000	14.374
10	261.000	14.345
10	262.000	14.316
10	263.000	14.288
10	264.000	14.259
10	265.000	14.231
10	266.000	14.202
10	267.000	14.174
10	268.000	14.146
10	269.000	14.117
10	270.000	14.089
10	271.000	14.061
10	272.000	14.033
10	273.000	14.005
10	274.000	13.977
10	275.000	13.949
10	276.000	13.921
10	277.000	13.893
10	278.000	13.866
10	279.000	13.838
10	280.000	13.810
10	281.000	13.783
10	282.000	13.755
10	283.000	13.728
10	284.000	13.700
10	285.000	13.673
10	286.000	13.646
10	287.000	13.618
10	288.000	13.591
10	289.000	13.564
10	290.000	13.537
10	291.000	13.510
10	292.000	13.483
10	293.000	13.456
10	294.000	13.429
10	295.000	13.402
10	296.000	13.375
10	297.000	13.349
10	298.000	13.322
10	299.000	13.295
10	300.000	13.269
10	301.000	13.242
10	302.000	13.216
10	303.000	13.189
10	304.000	13.163
10	305.000	13.137
10	306.000	13.110
10	307.000	13.084
10	308.000	13.058
10	309.000	13.032
10	310.000	13.006
10	311.000	12.980
10	312.000	12.954
10	313.000	12.928
10	314.000	12.902
10	315.000	12.877
10	316.000	12.851
10	317.000	12.825
10	318.000	12.800
10	319.000	12.774
10	320.000	12.748
10	321.000	12.723
10	322.000	12.698
10	323.000	12.672
10	324.000	12.647
10	325.000	12.622
10	326.000	12.596
10	327.000	12.571
10	328.000	12.546
10	329.000	12.521
10	330.000	12.496
10	331.000	12.471
10	332.000	12.446
10	333.000	12.421
10	334.000	12.396
10	335.000	12.372
10	336.000	12.347
10	337.000	12.322
10	338.000	12.298
10	339.000	12.273
10	340.000	12.249
10	341.000	12.224
10	342.000	12.200
10	343.000	12.175
10	344.000	12.151
10	345.000	12.127
10	346.000	12.102
10	347.000	12.078
10	348.000	12.054
10	349.000	12.030
10	350.000	12.006
10	351.000	11.982
10	352.000	11.958
10	353.000	11.934
10	354.000	11.910
10	355.000	11.887
10	356.000	11.863
10	357.000	11.839
10	358.000	11.815
10	359.000	11.792
10	360.000	11.768
10	361.000	11.745
10	362.000	11.721
10	363.000	11.698
10	364.000	11.675
10	365.000	11.651
10	366.000	11.628
10	367.000	11.605
10	368.000	11.582
10	369.000	11.558
10	370.000	11.535
10	371.000	11.512
10	372.000	11.489
10	373.000	11.466
10	374.000	11.443
10	375.000	11.421
10	376.000	11.398
10	377.000	11.375
10	378.000	11.352
10	379.000	11.330
10	380.000	11.307
10	381.000	11.284
10	382.000	11.262
10	383.000	11.239
10	384.000	11.217
10	385.000	11.194
10	386.000	11.172
10	387.000	11.150
10	388.000	11.127
10	389.000	11.105
10	390.000	11.083
10	391.000	11.061
10	392.000	11.039
10	393.000	11.017
10	394.000	10.995
10	395.000	10.973
10	396.000	10.951
10	397.000	10.929
10	398.000	10.907
10	399.000	10.885
10	400.000	10.864
10	401.000	10.842
10	402.000	10.820
10	403.000	10.799
10	404.000	10.777
10	405.000	10.755
10	406.000	10.734
10	407.000	10.712
10	408.000	10.691
10	409.000	10.670
10	410.000	10.648
10	411.000	10.627
10	412.000	10.606
10	413.000	10.585
10	414.000	10.564
10	415.000	10.542
10	416.000	10.521
10	417.000	10.500
10	418.000	10.479
10	419.000	10.458
10	420.000	10.438
10	421.000	10.417
10	422.000	10.396
10	423.000	10.375
10	424.000	10.354
10	425.000	10.334
10	426.000	10.313
10	427.000	10.292
10	428.000	10.272
10	429.000	10.251
10	430.000	10.231
10	431.000	10.210
10	432.000	10.190
10	433.000	10.170
10	434.000	10.149
10	435.000	10.129
10	436.000	10.109
10	437.000	10.089
10	438.000	10.068
10	439.000	10.048
10	440.000	10.028
10	441.000	10.008
10	442.000	9.988
10	443.000	9.968
10	444.000	9.948
10	445.000	9.929
10	446.000	9.909
10	447.000	9.889
10	448.000	9.869
10	449.000	9.849
10	450.000	9.830
10	451.000	9.810
10	452.000	9.790
10	453.000	9.771
10	454.000	9.751
10	455.000	9.732
10	456.000	9.712
10	457.000	9.693
10	458.000	9.674
10	459.000	9.654
10	460.000	9.635
10	461.000	9.616
10	462.000	9.597
10	463.000	9.577
10	464.000	9.558
10	465.000	9.539
10	466.000	9.520
10	467.000	9.501
10	468.000	9.482
10	469.000	9.463
10	470.000	9.444
10	471.000	9.425
10	472.000	9.407
10	473.000	9.388
10	474.000	9.369
10	475.000	9.350
10	476.000	9.332
10	477.000	9.313
10	478.000	9.294
10	479.000	9.276
10	480.000	9.257
10	481.000	9.239
10	482.000	9.220
10	483.000	9.202
10	484.000	9.184
10	485.000	9.165
10	486.000	9.147
10	487.000	9.129
10	488.000	9.110
10	489.000	9.092
10	490.000	9.074
10	491.000	9.056
10	492.000	9.038
10	493.000	9.020
10	494.000	9.002
10	495.000	8.984
10	496.000	8.966
10	497.000	8.948
10	498.000	8.930
10	499.000	8.912
10	500.000	8.894
10	501.000	8.877
10	502.000	8.859
10	503.000	8.841
10	504.000	8.823
10	505.000	8.806
10	506.000	8.788
10	507.000	8.771
10	508.000	8.753
10	509.000	8.736
10	510.000	8.718
10	511.000	8.701
10	512.000	8.683
10	513.000	8.666
10	514.000	8.649
10	515.000	8.631
10	516.000	8.614
10	517.000	8.597
10	518.000	8.580
10	519.000	8.563
10	520.000	8.546
10	521.000	8.528
10	522.000	8.511
10	523.000	8.494
10	524.000	8.477
10	525.000	8.461
10	526.000	8.444
10	527.000	8.427
10	528.000	8.410
10	529.000	8.393
10	530.000	8.376
10	531.000	8.360
10	532.000	8.343
10	533.000	8.326
10	534.000	8.310
10	535.000	8.293
10	536.000	8.276
10	537.000	8.260
10	538.000	8.243
10	539.000	8.227
10	540.000	8.210
10	541.000	8.194
10	542.000	8.178
10	543.000	8.161
10	544.000	8.145
10	545.000	8.129
10	546.000	8.113
10	547.000	8.096
10	548.000	8.080
10	549.000	8.064
10	550.000	8.048
10	551.000	8.032
10	552.000	8.016
10	553.000	8.000
10	554.000	7.984
10	555.000	7.968
10	556.000	7.952
10	557.000	7.936
10	558.000	7.920
10	559.000	7.904
10	560.000	7.889
10	561.000	7.873
10	562.000	7.857
10	563.000	7.841
10	564.000	7.826
10	565.000	7.810
10	566.000	7.794
10	567.000	7.779
10	568.000	7.763
10	569.000	7.748
10	570.000	7.732
10	571.000	7.717
10	572.000	7.701
10	573.000	7.686
10	574.000	7.671
10	575.000	7.655
10	576.000	7.640
10	577.000	7.625
10	578.000	7.610
10	579.000	7.594
10	580.000	7.579
10	581.000	7.564
10	582.000	7.549
10	583.000	7.534
10	584.000	7.519
10	585.000	7.504
10	586.000	7.489
10	587.000	7.474
10	588.000	7.459
10	589.000	7.444
10	590.000	7.429
10	591.000	7.414
10	592.000	7.399
10	593.000	7.385
10	594.000	7.370
10	595.000	7.355
10	596.000	7.341
10	597.000	7.326
10	598.000	7.311
10	599.000	7.297
10	600.000	7.282
10	601.000	7.267
10	602.000	7.253
10	603.000	7.238
10	604.000	7.224
10	605.000	7.210
10	606.000	7.195
10	607.000	7.181
10	608.000	7.166
10	609.000	7.152
10	610.000	7.138
10	611.000	7.124
10	612.000	7.109
10	613.000	7.095
10	614.000	7.081
10	615.000	7.067
10	616.000	7.053
10	617.000	7.039
10	618.000	7.025
10	619.000	7.011
10	620.000	6.997
10	621.000	6.983
10	622.000	6.969
10	623.000	6.955
10	624.000	6.941
10	625.000	6.927
10	626.000	6.913
10	627.000	6.899
10	628.000	6.885
10	629.000	6.872
10	630.000	6.858
10	631.000	6.844
10	632.000	6.831
10	633.000	6.817
10	634.000	6.803
10	635.000	6.790
10	636.000	6.776
10	637.000	6.763
10	638.000	6.749
10	639.000	6.736
10	640.000	6.722
10	641.000	6.709
10	642.000	6.695
10	643.000	6.682
10	644.000	6.669
10	645.000	6.655
10	646.000	6.642
10	647.000	6.629
10	648.000	6.615
10	649.000	6.602
10	650.000	6.589
10	651.000	6.576
10	652.000	6.563
10	653.000	6.550
10	654.000	6.537
10	655.000	6.523
10	656.000	6.510
10	657.000	6.497
10	658.000	6.484
10	659.000	6.472
10	660.000	6.459
10	661.000	6.446
10	662.000	6.433
10	663.000	6.420
10	664.000	6.407
10	665.000	6.394
10	666.000	6.382
10	667.000	6.369
10	668.000	6.356
10	669.000	6.343
10	670.000	6.331
10	671.000	6.318
10	672.000	6.305
10	673.000	6.293
10	674.000	6.280
10	675.000	6.268
10	676.000	6.255
10	677.000	6.243
10	678.000	6.230
10	679.000	6.218
10	680.000	6.205
10	681.000	6.193
10	682.000	6.181
10	683.000	6.168
10	684.000	6.156
10	685.000	6.144
10	686.000	6.131
10	687.000	6.119
10	688.000	6.107
10	689.000	6.095
10	690.000	6.082
10	691.000	6.070
10	692.000	6.058
10	693.000	6.046
10	694.000	6.034
10	695.000	6.022
10	696.000	6.010
10	697.000	5.998
10	698.000	5.986
10	699.000	5.974
10	700.000	5.962
10	701.000	5.950
10	702.000	5.938
10	703.000	5.926
10	704.000	5.915
10	705.000	5.903
10	706.000	5.891
10	707.000	5.879
10	708.000	5.867
10	709.000	5.856
10	710.000	5.844
10	711.000	5.832
10	712.000	5.821
10	713.000	5.809
10	714.000	5.797
10	715.000	5.786
10	716.000	5.774
10	717.000	5.763
10	718.000	5.751
10	719.000	5.740
10	720.000	5.728
10	721.000	5.717
10	722.000	5.705
10	723.000	5.694
10	724.000	5.683
10	725.000	5.671
10	726.000	5.660
10	727.000	5.649
10	728.000	5.637
10	729.000	5.626
10	730.000	5.615
10	731.000	5.604
10	732.000	5.592
10	733.000	5.581
10	734.000	5.570
10	735.000	5.559
10	736.000	5.548
10	737.000	5.537
10	738.000	5.526
10	739.000	5.515
10	740.000	5.504
10	741.000	5.493
10	742.000	5.482
10	743.000	5.471
10	744.000	5.460
10	745.000	5.449
10	746.000	5.438
10	747.000	5.427
10	748.000	5.416
10	749.000	5.405
10	750.000	5.395
10	751.000	5.384
10	752.000	5.373
10	753.000	5.362
10	754.000	5.352
10	755.000	5.341
10	756.000	5.330
10	757.000	5.320
10	758.000	5.309
10	759.000	5.298
10	760.000	5.288
10	761.000	5.277
10	762.000	5.267
10	763.000	5.256
10	764.000	5.246
10	765.000	5.235
10	766.000	5.225
10	767.000	5.214
10	768.000	5.204
10	769.000	5.194
10	770.000	5.183
10	771.000	5.173
10	772.000	5.162
10	773.000	5.152
10	774.000	5.142
10	775.000	5.132
10	776.000	5.121
10	777.000	5.111
10	778.000	5.101
10	779.000	5.091
10	780.000	5.081
10	781.000	5.070
10	782.000	5.060
10	783.000	5.050
10	784.000	5.040
10	785.000	5.030
10	786.000	5.020
10	787.000	5.010
10	788.000	5.000
10	789.000	4.990
10	790.000	4.980
10	791.000	4.970
10	792.000	4.960
10	793.000	4.950
10	794.000	4.940
10	795.000	4.930
10	796.000	4.921
10	797.000	4.911
10	798.000	4.901
10	799.000	4.891
10	800.000	4.881
10	801.000	4.872
10	802.000	4.862
10	803.000	4.852
10	804.000	4.842
10	805.000	4.833
10	806.000	4.823
10	807.000	4.813
10	808.000	4.804
10	809.000	4.794
10	810.000	4.785
10	811.000	4.775
10	812.000	4.766
10	813.000	4.756
10	814.000	4.747
10	815.000	4.737
10	816.000	4.728
10	817.000	4.718
10	818.000	4.709
10	819.000	4.699
10	820.000	4.690
10	821.000	4.681
10	822.000	4.671
10	823.000	4.662
10	824.000	4.653
10	825.000	4.643
10	826.000	4.634
10	827.000	4.625
10	828.000	4.615
10	829.000	4.606
10	830.000	4.597
10	831.000	4.588
10	832.000	4.579
10	833.000	4.570
10	834.000	4.560
10	835.000	4.551
10	836.000	4.542
10	837.000	4.533
10	838.000	4.524
10	839.000	4.515
10	840.000	4.506
10	841.000	4.497
10	842.000	4.488
10	843.000	4.479
10	844.000	4.470
10	845.000	4.461
10	846.000	4.452
10	847.000	4.443
10	848.000	4.434
10	849.000	4.426
10	850.000	4.417
10	851.000	4.408
10	852.000	4.399
10	853.000	4.390
10	854.000	4.382
10	855.000	4.373
10	856.000	4.364
10	857.000	4.355
10	858.000	4.347
10	859.000	4.338
10	860.000	4.329
10	861.000	4.321
10	862.000	4.312
10	863.000	4.303
10	864.000	4.295
10	865.000	4.286
10	866.000	4.278
10	867.000	4.269
10	868.000	4.261
10	869.000	4.252
10	870.000	4.244
10	871.000	4.235
10	872.000	4.227
10	873.000	4.218
10	874.000	4.210
10	875.000	4.201
10	876.000	4.193
10	877.000	4.185
10	878.000	4.176
10	879.000	4.168
10	880.000	4.160
10	881.000	4.151
10	882.000	4.143
10	883.000	4.135
10	884.000	4.126
10	885.000	4.118
10	886.000	4.110
10	887.000	4.102
10	888.000	4.094
10	889.000	4.085
10	890.000	4.077
10	891.000	4.069
10	892.000	4.061
10	893.000	4.053
10	894.000	4.045
10	895.000	4.037
10	896.000	4.029
10	897.000	4.021
10	898.000	4.012
10	899.000	4.004
10	900.000	3.996
10	901.000	3.988
10	902.000	3.981
10	903.000	3.973
10	904.000	3.965
10	905.000	3.957
10	906.000	3.949
10	907.000	3.941
10	908.000	3.933
10	909.000	3.925
10	910.000	3.917
10	911.000	3.910
10	912.000	3.902
10	913.000	3.894
10	914.000	3.886
10	915.000	3.878
10	916.000	3.871
10	917.000	3.863
10	918.000	3.855
10	919.000	3.847
10	920.000	3.840
10	921.000	3.832
10	922.000	3.824
10	923.000	3.817
10	924.000	3.809
10	925.000	3.802
10	926.000	3.794
10	927.000	3.786
10	928.000	3.779
10	929.000	3.771
10	930.000	3.764
10	931.000	3.756
10	932.000	3.749
10	933.000	3.741
10	934.000	3.734
10	935.000	3.726
10	936.000	3.719
10	937.000	3.711
10	938.000	3.704
10	939.000	3.697
10	940.000	3.689
10	941.000	3.682
10	942.000	3.674
10	943.000	3.667
10	944.000	3.660
10	945.000	3.652
10	946.000	3.645
10	947.000	3.638
10	948.000	3.631
10	949.000	3.623
10	950.000	3.616
10	951.000	3.609
10	952.000	3.602
10	953.000	3.595
10	954.000	3.587
10	955.000	3.580
10	956.000	3.573
10	957.000	3.566
10	958.000	3.559
10	959.000	3.552
10	960.000	3.545
10	961.000	3.537
10	962.000	3.530
10	963.000	3.523
10	964.000	3.516
10	965.000	3.509
10	966.000	3.502
10	967.000	3.495
10	968.000	3.488
10	969.000	3.481
10	970.000	3.474
10	971.000	3.467
10	972.000	3.460
10	973.000	3.454
10	974.000	3.447
10	975.000	3.440
10	976.000	3.433
10	977.000	3.426
10	978.000	3.419
10	979.000	3.412
10	980.000	3.406
10	981.000	3.399
10	982.000	3.392
10	983.000	3.385
10	984.000	3.378
10	985.000	3.372
10	986.000	3.365
10	987.000	3.358
10	988.000	3.352
10	989.000	3.345
10	990.000	3.338
10	991.000	3.331
10	992.000	3.325
10	993.000	3.318
10	994.000	3.312
10	995.000	3.305
10	996.000	3.298
10	997.000	3.292
10	998.000	3.285
10	999.000	3.279
10	1000.000	3.272
10	1001.000	3.265
10	1002.000	3.259
10	1003.000	3.252
10	1004.000	3.246
10	1005.000	3.239
10	1006.000	3.233
10	1007.000	3.227
10	1008.000	3.220
10	1009.000	3.214
10	1010.000	3.207
10	1011.000	3.201
10	1012.000	3.194
10	1013.000	3.188
10	1014.000	3.182
10	1015.000	3.175
10	1016.000	3.169
10	1017.000	3.163
10	1018.000	3.156
10	1019.000	3.150
10	1020.000	3.144
10	1021.000	3.137
10	1022.000	3.131
10	1023.000	3.125
10	1024.000	3.119
10	1025.000	3.112
10	1026.000	3.106
10	1027.000	3.100
10	1028.000	3.094
10	1029.000	3.088
10	1030.000	3.081
10	1031.000	3.075
10	1032.000	3.069
10	1033.000	3.063
10	1034.000	3.057
10	1035.000	3.051
10	1036.000	3.045
10	1037.000	3.039
10	1038.000	3.033
10	1039.000	3.027
10	1040.000	3.020
10	1041.000	3.014
10	1042.000	3.008
10	1043.000	3.002
10	1044.000	2.996
10	1045.000	2.990
10	1046.000	2.984
10	1047.000	2.978
10	1048.000	2.973
10	1049.000	2.967
10	1050.000	2.961
10	1051.000	2.955
10	1052.000	2.949
10	1053.000	2.943
10	1054.000	2.937
10	1055.000	2.931
10	1056.000	2.925
10	1057.000	2.919
10	1058.000	2.914
10	1059.000	2.908
10	1060.000	2.902
10	1061.000	2.896
10	1062.000	2.890
10	1063.000	2.885
10	1064.000	2.879
10	1065.000	2.873
10	1066.000	2.867
10	1067.000	2.862
10	1068.000	2.856
10	1069.000	2.850
10	1070.000	2.845
10	1071.000	2.839
10	1072.000	2.833
10	1073.000	2.828
10	1074.000	2.822
10	1075.000	2.816
10	1076.000	2.811
10	1077.000	2.805
10	1078.000	2.799
10	1079.000	2.794
10	1080.000	2.788
10	1081.000	2.783
10	1082.000	2.777
10	1083.000	2.772
10	1084.000	2.766
10	1085.000	2.760
10	1086.000	2.755
10	1087.000	2.749
10	1088.000	2.744
10	1089.000	2.739
10	1090.000	2.733
10	1091.000	2.728
10	1092.000	2.722
10	1093.000	2.717
10	1094.000	2.711
10	1095.000	2.706
10	1096.000	2.700
10	1097.000	2.695
10	1098.000	2.690
10	1099.000	2.684
10	1100.000	2.679
10	1101.000	2.674
10	1102.000	2.668
10	1103.000	2.663
10	1104.000	2.658
10	1105.000	2.652
10	1106.000	2.647
10	1107.000	2.642
10	1108.000	2.636
10	1109.000	2.631
10	1110.000	2.626
10	1111.000	2.621
10	1112.000	2.615
10	1113.000	2.610
10	1114.000	2.605
10	1115.000	2.600
10	1116.000	2.595
10	1117.000	2.589
10	1118.000	2.584
10	1119.000	2.579
10	1120.000	2.574
10	1121.000	2.569
10	1122.000	2.564
10	1123.000	2.558
10	1124.000	2.553
10	1125.000	2.548
10	1126.000	2.543
10	1127.000	2.538
10	1128.000	2.533
10	1129.000	2.528
10	1130.000	2.523
10	1131.000	2.518
10	1132.000	2.513
10	1133.000	2.508
10	1134.000	2.503
10	1135.000	2.498
10	1136.000	2.493
10	1137.000	2.488
10	1138.000	2.483
10	1139.000	2.478
10	1140.000	2.473
10	1141.000	2.468
10	1142.000	2.463
10	1143.000	2.458
10	1144.000	2.453
10	1145.000	2.448
10	1146.000	2.443
10	1147.000	2.439
10	1148.000	2.434
10	1149.000	2.429
10	1150.000	2.424
10	1151.000	2.419
10	1152.000	2.414
10	1153.000	2.409
10	1154.000	2.405
10	1155.000	2.400
10	1156.000	2.395
10	1157.000	2.390
10	1158.000	2.386
10	1159.000	2.381
10	1160.000	2.376
10	1161.000	2.371
10	1162.000	2.366
10	1163.000	2.362
10	1164.000	2.357
10	1165.000	2.352
10	1166.000	2.348
10	1167.000	2.343
10	1168.000	2.338
10	1169.000	2.334
10	1170.000	2.329
10	1171.000	2.324
10	1172.000	2.320
10	1173.000	2.315
10	1174.000	2.310
10	1175.000	2.306
10	1176.000	2.301
10	1177.000	2.297
10	1178.000	2.292
10	1179.000	2.287
10	1180.000	2.283
10	1181.000	2.278
10	1182.000	2.274
10	1183.000	2.269
10	1184.000	2.265
10	1185.000	2.260
10	1186.000	2.256
10	1187.000	2.251
10	1188.000	2.247
10	1189.000	2.242
10	1190.000	2.238
10	1191.000	2.233
10	1192.000	2.229
10	1193.000	2.224
10	1194.000	2.220
10	1195.000	2.215
10	1196.000	2.211
10	1197.000	2.207
10	1198.000	2.202
10	1199.000	2.198
10	1200.000	2.193
10	1201.000	2.189
10	1202.000	2.185
10	1203.000	2.180
10	1204.000	2.176
10	1205.000	2.171
10	1206.000	2.167
10	1207.000	2.163
10	1208.000	2.158
10	1209.000	2.154
10	1210.000	2.150
10	1211.000	2.146
10	1212.000	2.141
10	1213.000	2.137
10	1214.000	2.133
10	1215.000	2.128
10	1216.000	2.124
10	1217.000	2.120
10	1218.000	2.116
10	1219.000	2.112
10	1220.000	2.107
10	1221.000	2.103
10	1222.000	2.099
10	1223.000	2.095
10	1224.000	2.091
10	1225.000	2.086
10	1226.000	2.082
10	1227.000	2.078
10	1228.000	2.074
10	1229.000	2.070
10	1230.000	2.066
10	1231.000	2.061
10	1232.000	2.057
10	1233.000	2.053
10	1234.000	2.049
10	1235.000	2.045
10	1236.000	2.041
10	1237.000	2.037
10	1238.000	2.033
10	1239.000	2.029
10	1240.000	2.025
10	1241.000	2.021
10	1242.000	2.017
10	1243.000	2.013
10	1244.000	2.009
10	1245.000	2.005
10	1246.000	2.001
10	1247.000	1.997
10	1248.000	1.993
10	1249.000	1.989
10	1250.000	1.985
10	1251.000	1.981
10	1252.000	1.977
10	1253.000	1.973
10	1254.000	1.969
10	1255.000	1.965
10	1256.000	1.961
10	1257.000	1.957
10	1258.000	1.953
10	1259.000	1.949
10	1260.000	1.945
10	1261.000	1.941
10	1262.000	1.938
10	1263.000	1.934
10	1264.000	1.930
10	1265.000	1.926
10	1266.000	1.922
10	1267.000	1.918
10	1268.000	1.914
10	1269.000	1.911
10	1270.000	1.907
10	1271.000	1.903
10	1272.000	1.899
10	1273.000	1.895
10	1274.000	1.892
10	1275.000	1.888
10	1276.000	1.884
10	1277.000	1.880
10	1278.000	1.877
10	1279.000	1.873
10	1280.000	1.869
10	1281.000	1.865
10	1282.000	1.862
10	1283.000	1.858
10	1284.000	1.854
10	1285.000	1.850
10	1286.000	1.847
10	1287.000	1.843
10	1288.000	1.839
10	1289.000	1.836
10	1290.000	1.832
10	1291.000	1.828
10	1292.000	1.825
10	1293.000	1.821
10	1294.000	1.817
10	1295.000	1.814
10	1296.000	1.810
10	1297.000	1.807
10	1298.000	1.803
10	1299.000	1.799
10	1300.000	1.796
10	1301.000	1.792
10	1302.000	1.789
10	1303.000	1.785
10	1304.000	1.781
10	1305.000	1.778
10	1306.000	1.774
10	1307.000	1.771
10	1308.000	1.767
10	1309.000	1.764
10	1310.000	1.760
10	1311.000	1.757
10	1312.000	1.753
10	1313.000	1.750
10	1314.000	1.746
10	1315.000	1.743
10	1316.000	1.739
10	1317.000	1.736
10	1318.000	1.732
10	1319.000	1.729
10	1320.000	1.725
10	1321.000	1.722
10	1322.000	1.718
10	1323.000	1.715
10	1324.000	1.712
10	1325.000	1.708
10	1326.000	1.705
10	1327.000	1.701
10	1328.000	1.698
10	1329.000	1.695
10	1330.000	1.691
10	1331.000	1.688
10	1332.000	1.684
10	1333.000	1.681
10	1334.000	1.678
10	1335.000	1.674
10	1336.000	1.671
10	1337.000	1.668
10	1338.000	1.664
10	1339.000	1.661
10	1340.000	1.658
10	1341.000	1.654
10	1342.000	1.651
10	1343.000	1.648
10	1344.000	1.644
10	1345.000	1.641
10	1346.000	1.638
10	1347.000	1.635
10	1348.000	1.631
10	1349.000	1.628
10	1350.000	1.625
10	1351.000	1.622
10	1352.000	1.618
10	1353.000	1.615
10	1354.000	1.612
10	1355.000	1.609
10	1356.000	1.605
10	1357.000	1.602
10	1358.000	1.599
10	1359.000	1.596
10	1360.000	1.593
10	1361.000	1.589
10	1362.000	1.586
10	1363.000	1.583
10	1364.000	1.580
10	1365.000	1.577
10	1366.000	1.574
10	1367.000	1.571
10	1368.000	1.567
10	1369.000	1.564
10	1370.000	1.561
10	1371.000	1.558
10	1372.000	1.555
10	1373.000	1.552
10	1374.000	1.549
10	1375.000	1.546
10	1376.000	1.543
10	1377.000	1.539
10	1378.000	1.536
10	1379.000	1.533
10	1380.000	1.530
10	1381.000	1.527
10	1382.000	1.524
10	1383.000	1.521
10	1384.000	1.518
10	1385.000	1.515
10	1386.000	1.512
10	1387.000	1.509
10	1388.000	1.506
10	1389.000	1.503
10	1390.000	1.500
10	1391.000	1.497
10	1392.000	1.494
10	1393.000	1.491
10	1394.000	1.488
10	1395.000	1.485
10	1396.000	1.482
10	1397.000	1.479
10	1398.000	1.476
10	1399.000	1.473
10	1400.000	1.470
10	1401.000	1.467
10	1402.000	1.464
10	1403.000	1.461
10	1404.000	1.459
10	1405.000	1.456
10	1406.000	1.453
10	1407.000	1.450
10	1408.000	1.447
10	1409.000	1.444
10	1410.000	1.441
10	1411.000	1.438
10	1412.000	1.435
10	1413.000	1.432
10	1414.000	1.430
10	1415.000	1.427
10	1416.000	1.424
10	1417.000	1.421
10	1418.000	1.418
10	1419.000	1.415
10	1420.000	1.413
10	1421.000	1.410
10	1422.000	1.407
10	1423.000	1.404
10	1424.000	1.401
10	1425.000	1.399
10	1426.000	1.396
10	1427.000	1.393
10	1428.000	1.390
10	1429.000	1.387
10	1430.000	1.385
10	1431.000	1.382
10	1432.000	1.379
10	1433.000	1.376
10	1434.000	1.374
10	1435.000	1.371
10	1436.000	1.368
10	1437.000	1.365
10	1438.000	1.363
10	1439.000	1.360
10	1440.000	1.357
10	1441.000	1.354
10	1442.000	1.352
10	1443.000	1.349
10	1444.000	1.346
10	1445.000	1.344
10	1446.000	1.341
10	1447.000	1.338
10	1448.000	1.336
10	1449.000	1.333
10	1450.000	1.330
10	1451.000	1.328
10	1452.000	1.325
10	1453.000	1.322
10	1454.000	1.320
10	1455.000	1.317
10	1456.000	1.314
10	1457.000	1.312
10	1458.000	1.309
10	1459.000	1.307
10	1460.000	1.304
10	1461.000	1.301
10	1462.000	1.299
10	1463.000	1.296
10	1464.000	1.294
10	1465.000	1.291
10	1466.000	1.288
10	1467.000	1.286
10	1468.000	1.283
10	1469.000	1.281
10	1470.000	1.278
10	1471.000	1.276
10	1472.000	1.273
10	1473.000	1.271
10	1474.000	1.268
10	1475.000	1.265
10	1476.000	1.263
10	1477.000	1.260
10	1478.000	1.258
10	1479.000	1.255
10	1480.000	1.253
10	1481.000	1.250
10	1482.000	1.248
10	1483.000	1.245
10	1484.000	1.243
10	1485.000	1.240
10	1486.000	1.238
10	1487.000	1.235
10	1488.000	1.233
10	1489.000	1.230
10	1490.000	1.228
10	1491.000	1.226
10	1492.000	1.223
10	1493.000	1.221
10	1494.000	1.218
10	1495.000	1.216
10	1496.000	1.213
10	1497.000	1.211
10	1498.000	1.209
10	1499.000	1.206
10	1500.000	1.204
10	1501.000	1.201
10	1502.000	1.199
10	1503.000	1.197
10	1504.000	1.194
10	1505.000	1.192
10	1506.000	1.189
10	1507.000	1.187
10	1508.000	1.185
10	1509.000	1.182
10	1510.000	1.180
10	1511.000	1.178
10	1512.000	1.175
10	1513.000	1.173
10	1514.000	1.170
10	1515.000	1.168
10	1516.000	1.166
10	1517.000	1.163
10	1518.000	1.161
10	1519.000	1.159
10	1520.000	1.157
10	1521.000	1.154
10	1522.000	1.152
10	1523.000	1.150
10	1524.000	1.147
10	1525.000	1.145
10	1526.000	1.143
10	1527.000	1.140
10	1528.000	1.138
10	1529.000	1.136
10	1530.000	1.134
10	1531.000	1.131
10	1532.000	1.129
10	1533.000	1.127
10	1534.000	1.125
10	1535.000	1.122
10	1536.000	1.120
10	1537.000	1.118
10	1538.000	1.116
10	1539.000	1.113
10	1540.000	1.111
10	1541.000	1.109
10	1542.000	1.107
10	1543.000	1.105
10	1544.000	1.102
10	1545.000	1.100
10	1546.000	1.098
10	1547.000	1.096
10	1548.000	1.094
10	1549.000	1.091
10	1550.000	1.089
10	1551.000	1.087
10	1552.000	1.085
10	1553.000	1.083
10	1554.000	1.080
10	1555.000	1.078
10	1556.000	1.076
10	1557.000	1.074
10	1558.000	1.072
10	1559.000	1.070
10	1560.000	1.068
10	1561.000	1.065
10	1562.000	1.063
10	1563.000	1.061
10	1564.000	2.058
10	1565.000	2.054
10	1566.000	2.050
10	1567.000	2.046
10	1568.000	2.042
10	1569.000	2.038
10	1570.000	2.034
10	1571.000	2.029
10	1572.000	3.025
10	1573.000	3.019
10	1574.000	3.013
10	1575.000	3.007
10	1576.000	3.001
10	1577.000	2.995
10	1578.000	2.989
10	1579.000	2.983
10	1580.000	2.977
10	1581.000	2.971
10	1582.000	3.964
10	1583.000	3.956
10	1584.000	3.948
10	1585.000	3.940
10	1586.000	3.933
10	1587.000	3.925
10	1588.000	3.917
10	1589.000	3.909
10	1590.000	3.901
10	1591.000	3.893
10	1592.000	3.886
10	1593.000	3.878
10	1594.000	4.869
10	1595.000	4.860
10	1596.000	4.850
10	1597.000	4.840
10	1598.000	4.830
10	1599.000	4.821
10	1600.000	4.811
10	1601.000	4.802
10	1602.000	4.792
10	1603.000	4.782
10	1604.000	4.773
10	1605.000	5.763
10	1606.000	5.752
10	1607.000	5.740
10	1608.000	5.729
10	1609.000	5.717
10	1610.000	5.706
10	1611.000	5.694
10	1612.000	5.683
10	1613.000	5.672
10	1614.000	5.660
10	1615.000	5.649
10	1616.000	5.638
10	1617.000	5.626
10	1618.000	6.613
10	1619.000	6.600
10	1620.000	6.587
10	1621.000	6.574
10	1622.000	6.561
10	1623.000	6.548
10	1624.000	6.534
10	1625.000	6.521
10	1626.000	6.508
10	1627.000	6.495
10	1628.000	7.481
10	1629.000	7.466
10	1630.000	7.451
10	1631.000	7.436
10	1632.000	7.421
10	1633.000	7.407
10	1634.000	7.392
10	1635.000	7.377
10	1636.000	7.362
10	1637.000	8.346
10	1638.000	8.329
10	1639.000	8.312
10	1640.000	8.296
10	1641.000	8.279
10	1642.000	8.263
10	1643.000	8.246
10	1644.000	8.230
10	1645.000	9.212
10	1646.000	9.194
10	1647.000	9.176
10	1648.000	9.157
10	1649.000	9.139
10	1650.000	9.121
10	1651.000	9.103
10	1652.000	9.084
10	1653.000	10.065
10	1654.000	10.045
10	1655.000	10.025
10	1656.000	10.005
10	1657.000	9.985
10	1658.000	9.965
10	1659.000	9.945
10	1660.000	9.925
10	1661.000	10.905
10	1662.000	10.883
10	1663.000	10.861
10	1664.000	10.839
10	1665.000	10.818
10	1666.000	10.796
10	1667.000	10.775
10	1668.000	10.753
10	1669.000	11.731
10	1670.000	11.707
10	1671.000	11.684
10	1672.000	11.660
10	1673.000	11.637
10	1674.000	11.614
10	1675.000	11.591
10	1676.000	11.568
10	1677.000	12.543
10	1678.000	12.518
10	1679.000	12.493
10	1680.000	12.468
10	1681.000	12.443
10	1682.000	12.418
10	1683.000	12.393
10	1684.000	13.368
10	1685.000	13.341
10	1686.000	13.315
10	1687.000	13.288
10	1688.000	13.261
10	1689.000	13.235
10	1690.000	13.209
10	1691.000	14.181
10	1692.000	14.153
10	1693.000	14.125
10	1694.000	14.097
10	1695.000	14.068
10	1696.000	14.040
10	1697.000	14.012
10	1698.000	14.984
10	1699.000	14.954
10	1700.000	14.924
10	1701.000	14.894
10	1702.000	14.864
10	1703.000	14.834
10	1704.000	14.805
10	1705.000	15.775
10	1706.000	15.743
10	1707.000	15.712
10	1708.000	15.680
10	1709.000	15.649
10	1710.000	15.618
10	1711.000	15.586
10	1712.000	16.554
10	1713.000	16.521
10	1714.000	16.488
10	1715.000	16.455
10	1716.000	16.422
10	1717.000	16.390
10	1718.000	16.357
10	1719.000	17.323
10	1720.000	17.288
10	1721.000	17.254
10	1722.000	17.219
10	1723.000	17.185
10	1724.000	17.150
10	1725.000	17.116
10	1726.000	18.081
10	1727.000	18.045
10	1728.000	18.009
10	1729.000	17.973
10	1730.000	17.937
10	1731.000	17.901
10	1732.000	17.865
10	1733.000	18.828
10	1734.000	18.790
10	1735.000	18.753
10	1736.000	18.715
10	1737.000	18.678
10	1738.000	18.641
10	1739.000	18.603
10	1740.000	19.565
10	1741.000	19.525
10	1742.000	19.486
10	1743.000	19.447
10	1744.000	19.409
10	1745.000	19.370
10	1746.000	20.331
10	1747.000	20.290
10	1748.000	20.250
10	1749.000	20.209
10	1750.000	20.169
10	1751.000	20.129
10	1752.000	20.088
10	1753.000	21.047
10	1754.000	21.005
10	1755.000	20.963
10	1756.000	20.921
10	1757.000	20.879
10	1758.000	20.838
10	1759.000	20.796
10	1760.000	21.753
10	1761.000	21.710
10	1762.000	21.666
10	1763.000	21.623
10	1764.000	21.580
10	1765.000	21.537
10	1766.000	22.493
10	1767.000	22.448
10	1768.000	22.404
10	1769.000	22.359
10	1770.000	22.314
10	1771.000	22.270
10	1772.000	22.225
10	1773.000	23.180
10	1774.000	23.133
10	1775.000	23.087
10	1776.000	23.041
10	1777.000	22.995
10	1778.000	22.949
10	1779.000	23.903
10	1780.000	23.855
10	1781.000	23.808
10	1782.000	23.760
10	1783.000	23.713
10	1784.000	23.665
10	1785.000	23.618
10	1786.000	24.569
10	1787.000	24.520
10	1788.000	24.471
10	1789.000	24.422
10	1790.000	24.374
10	1791.000	24.325
10	1792.000	25.276
10	1793.000	25.225
10	1794.000	25.175
10	1795.000	25.125
10	1796.000	25.075
10	1797.000	25.024
10	1798.000	24.974
10	1799.000	25.923
10	1800.000	25.872
10	1801.000	25.820
10	1802.000	25.768
10	1803.000	25.717
10	1804.000	25.665
10	1805.000	25.614
10	1806.000	26.561
10	1807.000	26.508
10	1808.000	26.455
10	1809.000	26.402
10	1810.000	26.349
10	1811.000	26.297
10	1812.000	27.243
10	1813.000	27.189
10	1814.000	27.135
10	1815.000	27.080
10	1816.000	27.026
10	1817.000	26.972
10	1818.000	26.918
10	1819.000	27.863
10	1820.000	27.807
10	1821.000	27.752
10	1822.000	27.696
10	1823.000	27.641
10	1824.000	27.586
10	1825.000	28.530
10	1826.000	28.473
10	1827.000	28.417
10	1828.000	28.360
10	1829.000	28.303
10	1830.000	28.247
10	1831.000	28.190
10	1832.000	29.133
10	1833.000	29.075
10	1834.000	29.017
10	1835.000	28.959
10	1836.000	28.901
10	1837.000	28.843
10	1838.000	28.785
10	1839.000	29.726
10	1840.000	29.667
10	1841.000	29.608
10	1842.000	29.549
10	1843.000	29.490
10	1844.000	29.431
10	1845.000	30.372
10	1846.000	30.311
10	1847.000	30.250
10	1848.000	30.190
10	1849.000	30.130
10	1850.000	30.069
10	1851.000	30.009
10	1852.000	30.948
10	1853.000	30.886
10	1854.000	30.825
10	1855.000	30.763
10	1856.000	30.702
10	1857.000	30.640
10	1858.000	31.579
10	1859.000	31.516
10	1860.000	31.453
10	1861.000	31.390
10	1862.000	31.327
10	1863.000	31.265
10	1864.000	31.202
10	1865.000	32.139
10	1866.000	32.075
10	1867.000	32.011
10	1868.000	31.947
10	1869.000	31.883
10	1870.000	31.819
10	1871.000	31.756
10	1872.000	32.691
10	1873.000	32.625
10	1874.000	32.560
10	1875.000	32.495
10	1876.000	32.430
10	1877.000	32.365
10	1878.000	32.301
10	1879.000	33.235
10	1880.000	33.168
10	1881.000	33.102
10	1882.000	33.036
10	1883.000	32.970
10	1884.000	32.904
10	1885.000	32.838
10	1886.000	33.771
10	1887.000	33.703
10	1888.000	33.636
10	1889.000	33.569
10	1890.000	33.502
10	1891.000	33.435
10	1892.000	34.368
10	1893.000	34.299
10	1894.000	34.230
10	1895.000	34.162
10	1896.000	34.094
10	1897.000	34.026
10	1898.000	33.958
10	1899.000	34.889
10	1900.000	34.819
10	1901.000	34.750
10	1902.000	34.680
10	1903.000	34.611
10	1904.000	34.542
10	1905.000	34.473
10	1906.000	35.403
10	1907.000	35.332
10	1908.000	35.261
10	1909.000	35.191
10	1910.000	35.121
10	1911.000	35.050
10	1912.000	35.980
10	1913.000	35.908
10	1914.000	35.836
10	1915.000	35.765
10	1916.000	35.693
10	1917.000	35.622
10	1918.000	35.551
10	1919.000	36.478
10	1920.000	36.405
10	1921.000	36.333
10	1922.000	36.260
10	1923.000	36.188
10	1924.000	36.115
10	1925.000	37.042
10	1926.000	36.968
10	1927.000	36.894
10	1928.000	36.821
10	1929.000	36.747
10	1930.000	36.674
10	1931.000	37.600
10	1932.000	37.525
10	1933.000	37.450
10	1934.000	37.375
10	1935.000	37.300
10	1936.000	37.226
10	1937.000	37.152
10	1938.000	38.075
10	1939.000	37.999
10	1940.000	37.923
10	1941.000	37.848
10	1942.000	37.772
10	1943.000	37.697
10	1944.000	38.619
10	1945.000	38.542
10	1946.000	38.465
10	1947.000	38.388
10	1948.000	38.312
10	1949.000	38.235
10	1950.000	39.157
10	1951.000	39.079
10	1952.000	39.001
10	1953.000	38.923
10	1954.000	38.845
10	1955.000	38.767
10	1956.000	39.688
10	1957.000	39.609
10	1958.000	39.530
10	1959.000	39.451
10	1960.000	39.372
10	1961.000	40.293
10	1962.000	40.213
10	1963.000	40.132
10	1964.000	40.052
10	1965.000	39.972
10	1966.000	39.892
10	1967.000	40.812
10	1968.000	40.731
10	1969.000	40.649
10	1970.000	40.568
10	1971.000	40.487
10	1972.000	40.406
10	1973.000	41.325
10	1974.000	41.242
10	1975.000	41.160
10	1976.000	41.078
10	1977.000	40.995
10	1978.000	40.914
10	1979.000	41.831
10	1980.000	41.747
10	1981.000	41.664
10	1982.000	41.581
10	1983.000	41.498
10	1984.000	41.415
10	1985.000	42.331
10	1986.000	42.247
10	1987.000	42.162
10	1988.000	42.078
10	1989.000	41.994
10	1990.000	41.910
10	1991.000	42.825
10	1992.000	42.739
10	1993.000	42.654
10	1994.000	42.569
10	1995.000	42.484
10	1996.000	42.399
10	1997.000	43.312
10	1998.000	43.226
10	1999.000	43.140
10	2000.000	43.053
