# NEST version: UNKNOWN
# RecordingBackendASCII version: 2
sender	time_ms
1159	0.700
1049	0.800
1669	2.100
1199	3.200
1429	456.900
1399	733.800
1089	761.400
1259	766.900
1459	773.800
1749	774.200
1379	781.200
1719	1174.700
1109	1218.100
1079	1262.900
1399	1302.200
1449	1305.600
1169	1306.800
1069	1307.200
1709	1308.400
1119	1310.000
1149	1310.400
1489	1310.700
1319	1311.600
1419	1311.600
1779	1311.900
1099	1312.300
1379	1313.000
1389	1313.200
1439	1313.400
1509	1313.700
1679	1313.900
1609	1314.200
1079	1314.600
1769	1315.200
1189	1315.400
1499	1315.500
1589	1315.500
1019	1315.600
1519	1315.800
1729	1316.800
1479	1316.900
1299	1317.400
1039	1318.000
1719	1318.200
1309	1318.800
1559	1318.800
1269	1319.400
1129	1320.100
1569	1320.500
1649	1320.800
1139	1320.900
1429	1321.500
1659	1321.700
1799	1322.200
1449	1322.700
1239	1324.900
1279	1324.900
1289	1325.100
1159	1325.300
1699	1325.400
1339	1326.000
1219	1326.200
1409	1326.900
1059	1327.000
1459	1327.300
1619	1327.400
1209	1327.500
1539	1327.600
1349	1327.700
1469	1327.900
1169	1328.500
1639	1328.700
1389	1330.200
1089	1331.200
1329	1331.900
1439	1331.900
1519	1332.100
1109	1332.400
1629	1333.300
1069	1334.100
1009	1336.400
1709	1336.400
1199	1337.200
1739	1340.000
1689	1340.700
1369	1340.800
1549	1341.200
1359	1341.600
1119	1341.900
1019	1343.600
1729	1343.700
1049	1344.100
1579	1345.700
1319	1346.100
1779	1347.100
1489	1347.200
1509	1347.500
1409	1348.200
1259	1348.700
1569	1348.900
1129	1349.200
1539	1349.300
1589	1350.700
1099	1351.600
1769	1352.100
1789	1353.700
1669	1354.300
1529	1355.100
1209	1356.800
1269	1356.900
1719	1358.600
1649	1360.000
1599	1361.100
1199	1362.100
1639	1362.500
1479	1363.400
1349	1367.000
1619	1367.000
1759	1368.600
1279	1369.000
1179	1369.500
1309	1376.000
1469	1376.000
1709	1377.400
1059	1378.800
1299	1379.200
1249	1380.000
1779	1380.700
1559	1383.100
1339	1383.800
1379	1385.100
1329	1385.200
1079	1387.000
1069	1387.200
1539	1388.300
1319	1389.500
1569	1391.900
1159	1392.300
1219	1392.300
1749	1392.400
1629	1396.400
1359	1396.900
1649	1397.200
1349	1397.500
1449	1400.000
1199	1400.600
1769	1402.900
1739	1407.000
1509	1412.000
1269	1412.400
1149	1415.000
1609	1415.900
1669	1415.900
1039	1416.900
1019	1417.100
1049	1417.900
1659	1419.200
1059	1422.400
1119	1423.200
1189	1423.800
1169	1426.300
1219	1427.700
1109	1429.600
1379	1430.600
1399	1434.700
1229	1438.400
1689	1440.200
1179	1443.500
1339	1444.100
1199	1444.300
1139	1444.400
1429	1454.900
1579	1456.700
1609	1462.000
1009	1462.500
1059	1621.600
1749	1646.100
1079	1650.100
1559	1650.700
1099	1650.900
1709	1651.700
1579	1654.000
1419	1654.500
1159	1655.000
1059	1655.400
1119	1657.000
1609	1657.100
1179	1657.300
1049	1657.600
1019	1658.600
1769	1659.100
1319	1659.200
1469	1659.400
1359	1659.500
1309	1660.300
1289	1660.700
1519	1660.700
1279	1661.700
1139	1662.100
1249	1662.100
1669	1662.300
1629	1663.000
1299	1663.200
1039	1663.500
1549	1664.200
1339	1664.500
1739	1664.600
1069	1665.000
1349	1665.400
1209	1665.500
1219	1667.200
1799	1667.200
1509	1667.800
1479	1668.100
1489	1669.700
1009	1669.900
1679	1670.100
1429	1670.700
1749	1670.700
1789	1670.700
1689	1670.800
1439	1670.900
1379	1671.100
1759	1671.200
1229	1671.800
1699	1672.000
1499	1672.100
1539	1672.100
1529	1672.200
1719	1673.200
1619	1673.400
1659	1674.100
1449	1674.300
1769	1674.500
1649	1675.100
1259	1675.200
1239	1675.900
1779	1676.400
1389	1676.600
1369	1676.700
1599	1676.700
1609	1676.900
1639	1677.100
1579	1677.200
1559	1677.300
1079	1677.500
1189	1677.600
1049	1677.900
1149	1677.900
1249	1678.000
1169	1678.100
1279	1678.300
1329	1678.400
1029	1678.600
1549	1678.600
1729	1678.700
1289	1678.800
1219	1678.900
1089	1679.200
1039	1679.300
1109	1679.700
1139	1679.900
1129	1680.100
1269	1680.100
1319	1680.800
1399	1680.900
1069	1681.200
1709	1681.600
1199	1681.700
1799	1681.700
1299	1681.800
1419	1681.800
1159	1681.900
1359	1681.900
1099	1682.100
1119	1682.300
1459	1682.500
1629	1682.500
1589	1682.600
1059	1683.100
1009	1683.200
1509	1683.300
1749	1683.500
1409	1683.800
1019	1684.100
1699	1684.200
1179	1684.300
1309	1684.400
1339	1684.600
1209	1684.800
1619	1684.800
1789	1685.000
1669	1685.100
1429	1685.200
1439	1685.200
1519	1685.200
1719	1685.200
1349	1685.400
1529	1685.500
1539	1685.800
1759	1685.800
1229	1685.900
1449	1686.400
1469	1686.600
1679	1686.800
1689	1686.900
1609	1687.500
1379	1687.600
1659	1687.600
1259	1687.700
1479	1687.800
1499	1687.800
1389	1688.300
1739	1688.300
1249	1688.400
1559	1688.400
1489	1689.100
1549	1689.100
1029	1689.200
1569	1689.300
1149	1689.400
1189	1689.400
1579	1689.500
1649	1689.500
1049	1689.600
1329	1689.600
1599	1689.700
1729	1689.800
1239	1689.900
1369	1689.900
1779	1690.000
1219	1690.300
1279	1690.300
1079	1690.700
1289	1690.900
1109	1691.000
1769	1691.100
1129	1691.300
1069	1691.400
1089	1691.500
1169	1691.500
1319	1691.500
1399	1691.500
1199	1691.600
1139	1691.700
1419	1691.700
1639	1691.700
1799	1691.700
1269	1692.200
1459	1692.400
1119	1692.700
1709	1692.700
1099	1692.800
1039	1693.000
1009	1693.500
1629	1693.500
1159	1693.700
1699	1693.700
1359	1694.000
1179	1694.200
1589	1694.200
1669	1694.200
1299	1694.300
1339	1694.300
1719	1694.300
1519	1694.500
1409	1694.700
1509	1694.800
1059	1695.000
1229	1695.000
1429	1695.000
1209	1695.100
1439	1695.200
1689	1695.500
1789	1695.500
1309	1695.700
1529	1695.800
1539	1695.800
1619	1695.800
1019	1695.900
1749	1696.300
1349	1696.400
1469	1696.500
1249	1696.700
1609	1696.700
1679	1696.700
1659	1696.900
1759	1697.200
1379	1697.300
1499	1697.400
1449	1697.500
1559	1697.500
1739	1697.500
1029	1698.000
1259	1698.000
1549	1698.100
1389	1698.200
1189	1698.300
1729	1698.400
1279	1698.500
1489	1698.500
1569	1698.500
1779	1698.500
1149	1698.700
1329	1698.700
1479	1698.700
1649	1698.700
1239	1698.800
1599	1698.800
1109	1699.000
1049	1699.300
1199	1699.600
1219	1699.600
1369	1699.700
1579	1699.700
1419	1699.800
1129	1699.900
1289	1700.100
1399	1700.100
1069	1700.200
1139	1700.500
1639	1700.500
1769	1700.500
1079	1700.600
1799	1700.600
1039	1701.000
1089	1701.100
1269	1701.100
1119	1701.200
1169	1701.200
1099	1701.300
1319	1701.300
1459	1701.500
1709	1701.700
1629	1701.900
1009	1702.400
1159	1702.400
1589	1702.500
1669	1702.500
1719	1702.600
1699	1702.700
1519	1702.900
1299	1703.000
1429	1703.000
1439	1703.000
1339	1703.100
1359	1703.100
1509	1703.100
1409	1703.200
1179	1703.400
1689	1703.500
1539	1703.800
1209	1704.000
1229	1704.000
1789	1704.000
1309	1704.200
1619	1704.200
1019	1704.300
1529	1704.300
1749	1704.300
1249	1704.400
1059	1704.500
1659	1704.700
1349	1704.800
1469	1704.900
1609	1705.300
1449	1705.500
1739	1705.500
1379	1705.800
1679	1705.800
1499	1705.900
1029	1706.100
1279	1706.100
1489	1706.100
1759	1706.100
1189	1706.300
1549	1706.400
1559	1706.600
1649	1706.600
1479	1706.700
1109	1706.800
1239	1706.800
1259	1706.800
1329	1706.800
1389	1706.800
1569	1706.800
1599	1706.800
1729	1706.800
1149	1706.900
1779	1706.900
1369	1707.300
1219	1707.400
1199	1707.500
1399	1707.600
1419	1707.600
1049	1707.700
1579	1707.900
1069	1708.300
1769	1708.300
1139	1708.400
1639	1708.600
1039	1708.700
1289	1708.700
1799	1708.700
1269	1708.900
1129	1709.000
1089	1709.100
1099	1709.100
1119	1709.300
1079	1709.400
1169	1709.500
1319	1709.500
1459	1709.600
1709	1709.800
1629	1710.000
1009	1710.100
1589	1710.100
1669	1710.100
1719	1710.200
1519	1710.300
1159	1710.400
1429	1710.400
1439	1710.400
1699	1710.500
1339	1710.700
1299	1710.800
1689	1710.900
1179	1711.200
1409	1711.300
1509	1711.300
1229	1711.500
1019	1711.600
1359	1711.600
1619	1711.600
1749	1711.600
1789	1711.700
1539	1711.800
1209	1712.000
1349	1712.100
1309	1712.200
1529	1712.200
1659	1712.200
1469	1712.300
1059	1712.400
1249	1712.400
1449	1712.800
1739	1712.800
1609	1713.100
1279	1713.300
1379	1713.300
1489	1713.500
1029	1713.600
1679	1713.600
1759	1713.600
1499	1713.700
1649	1713.900
1729	1714.100
1189	1714.200
1329	1714.200
1549	1714.200
1599	1714.200
1389	1714.300
1149	1714.400
1239	1714.400
1559	1714.500
1569	1714.500
1109	1714.600
1259	1714.600
1369	1714.700
1779	1714.700
1219	1714.800
1399	1714.800
1479	1714.800
1049	1715.000
1199	1715.100
1579	1715.300
1419	1715.400
1769	1715.400
1069	1715.700
1139	1715.700
1039	1715.900
1269	1716.400
1639	1716.400
1099	1716.500
1089	1716.600
1289	1716.600
1799	1716.600
1079	1716.800
1119	1716.800
1319	1716.800
1129	1717.100
1169	1717.100
1009	1717.200
1159	1717.300
1519	1717.300
1439	1717.400
1459	1717.400
1589	1717.400
1669	1717.600
1699	1717.700
1719	1717.700
1429	1717.800
1709	1717.800
1629	1718.000
1339	1718.200
1299	1718.300
1409	1718.400
1229	1718.500
1689	1718.500
1019	1718.600
1179	1718.600
1619	1718.700
1749	1718.700
1509	1718.800
1349	1718.900
1359	1719.100
1209	1719.300
1309	1719.300
1539	1719.300
1659	1719.300
1469	1719.400
1789	1719.400
1059	1719.700
1529	1719.700
1249	1719.800
1449	1719.900
1739	1720.100
1279	1720.500
1029	1720.600
1609	1720.600
1759	1720.700
1379	1720.800
1489	1720.800
1649	1720.800
1499	1720.900
1679	1721.000
1329	1721.200
1599	1721.200
1729	1721.300
1569	1721.400
1189	1721.500
1219	1721.500
1369	1721.500
1389	1721.500
1549	1721.600
1239	1721.700
1779	1721.700
1109	1721.800
1259	1721.800
1559	1721.800
1149	1721.900
1399	1721.900
1479	1722.300
1049	1722.400
1769	1722.400
1039	1722.600
1419	1722.600
1579	1722.700
1069	1722.800
1139	1723.000
1199	1723.000
1089	1723.500
1269	1723.500
1099	1723.600
1639	1723.600
1289	1723.800
1319	1723.800
1079	1723.900
1119	1724.000
1159	1724.100
1009	1724.200
1439	1724.200
1519	1724.200
1799	1724.300
1129	1724.500
1589	1724.500
1169	1724.600
1699	1724.600
1459	1724.800
1719	1724.800
1709	1724.900
1429	1725.000
1669	1725.000
1339	1725.300
1629	1725.300
1019	1725.400
1179	1725.400
1409	1725.400
1299	1725.500
1689	1725.500
1349	1725.600
1229	1725.700
1619	1725.700
1749	1725.700
1359	1726.300
1659	1726.300
1209	1726.400
1309	1726.400
1469	1726.400
1509	1726.400
1539	1726.400
1449	1726.800
1059	1726.900
1529	1726.900
1739	1726.900
1249	1727.000
1789	1727.000
1029	1727.500
1279	1727.500
1759	1727.500
1379	1727.700
1499	1727.700
1489	1727.800
1609	1727.800
1649	1727.800
1599	1728.000
1729	1728.000
1329	1728.100
1189	1728.300
1369	1728.300
1389	1728.300
1569	1728.300
1679	1728.300
1259	1728.400
1549	1728.400
1219	1728.600
1239	1728.600
1779	1728.600
1109	1728.800
1149	1728.900
1399	1728.900
1559	1728.900
1049	1729.300
1769	1729.400
1039	1729.500
1479	1729.500
1419	1729.600
1579	1729.600
1069	1729.800
1199	1730.000
1139	1730.100
1099	1730.300
1089	1730.500
1319	1730.500
1079	1730.600
1269	1730.600
1289	1730.700
1639	1730.700
1119	1730.800
1159	1730.800
1009	1731.000
1439	1731.000
1519	1731.200
1699	1731.300
1799	1731.300
1589	1731.400
1129	1731.500
1719	1731.700
1429	1731.900
1669	1731.900
1169	1732.000
1179	1732.000
1459	1732.000
1709	1732.000
1629	1732.100
1339	1732.200
1019	1732.300
1229	1732.400
1299	1732.400
1409	1732.400
1349	1732.500
1689	1732.500
1749	1732.500
1619	1732.700
1359	1733.200
1539	1733.200
1659	1733.200
1309	1733.300
1509	1733.300
1469	1733.400
1449	1733.600
1249	1733.700
1209	1733.800
1529	1733.800
1739	1733.800
1789	1734.000
1059	1734.100
1279	1734.200
1029	1734.400
1609	1734.400
1759	1734.400
1379	1734.500
1599	1734.500
1499	1734.600
1489	1734.700
1729	1734.700
1189	1734.900
1329	1734.900
1389	1734.900
1649	1735.000
1259	1735.100
1549	1735.100
1679	1735.100
1369	1735.300
1569	1735.400
1239	1735.500
1559	1735.500
1779	1735.500
1109	1735.600
1219	1735.700
1399	1735.700
1049	1735.900
1149	1735.900
1769	1736.100
1039	1736.200
1579	1736.200
1069	1736.500
1419	1736.500
1479	1736.700
1139	1737.000
1199	1737.000
1099	1737.200
1319	1737.200
1079	1737.300
1089	1737.300
1289	1737.400
1159	1737.500
1269	1737.500
1119	1737.600
1439	1737.700
1639	1737.700
1009	1737.900
1699	1737.900
1519	1738.000
1589	1738.100
1129	1738.200
1799	1738.200
1719	1738.500
1429	1738.600
1179	1738.800
1629	1738.800
1669	1738.800
1709	1738.800
1019	1739.000
1169	1739.000
1339	1739.000
1459	1739.000
1299	1739.100
1229	1739.200
1349	1739.200
1409	1739.200
1689	1739.200
1619	1739.400
1749	1739.500
1539	1739.800
1359	1739.900
1309	1740.000
1449	1740.100
1469	1740.100
1509	1740.100
1659	1740.100
1249	1740.200
1529	1740.400
1739	1740.600
1059	1740.800
1209	1740.900
1029	1741.000
1279	1741.100
1609	1741.200
1759	1741.200
1499	1741.300
1789	1741.300
1489	1741.400
1329	1741.500
1379	1741.500
1189	1741.600
1729	1741.600
1389	1741.700
1549	1741.700
1599	1741.700
1259	1741.900
1649	1742.000
1679	1742.000
1369	1742.100
1109	1742.200
1569	1742.200
1399	1742.300
1559	1742.300
1149	1742.400
1239	1742.400
1779	1742.400
1049	1742.600
1219	1742.600
1039	1742.800
1579	1742.800
1769	1743.000
1069	1743.200
1419	1743.300
1479	1743.500
1319	1743.900
1079	1744.000
1089	1744.000
1099	1744.000
1139	1744.100
1159	1744.100
1199	1744.100
1289	1744.100
1269	1744.300
1439	1744.400
1639	1744.500
1119	1744.600
1519	1744.600
1699	1744.600
1589	1744.700
1009	1744.800
1129	1744.800
1799	1744.800
1719	1744.900
1429	1745.300
1669	1745.300
1629	1745.400
1179	1745.500
1339	1745.500
1019	1745.700
1459	1745.700
1689	1745.700
1709	1745.700
1169	1745.800
1299	1745.800
1349	1745.800
1619	1745.900
1409	1746.100
1229	1746.200
1749	1746.300
1359	1746.400
1539	1746.500
1449	1746.600
1249	1746.700
1309	1746.700
1509	1746.800
1469	1747.000
1659	1747.000
1529	1747.100
1739	1747.300
1059	1747.500
1209	1747.700
1029	1747.800
1499	1747.800
1279	1747.900
1329	1748.000
1609	1748.000
1759	1748.000
1789	1748.000
1189	1748.100
1489	1748.100
1549	1748.100
1389	1748.300
1379	1748.400
1599	1748.400
1109	1748.500
1259	1748.500
1729	1748.500
1649	1748.600
1369	1748.700
1679	1748.800
1569	1748.900
1149	1749.000
1399	1749.000
1559	1749.000
1049	1749.100
1239	1749.200
1219	1749.300
1779	1749.300
1039	1749.600
1579	1749.600
1419	1749.700
1769	1749.800
1069	1749.900
1479	1750.200
1079	1750.600
1089	1750.600
1139	1750.600
1199	1750.700
1099	1750.800
1269	1750.800
1319	1750.800
1289	1750.900
1159	1751.000
1439	1751.000
1119	1751.200
1639	1751.200
1129	1751.300
1519	1751.300
1699	1751.300
1589	1751.400
1719	1751.400
1799	1751.400
1009	1751.700
1339	1752.000
1429	1752.000
1629	1752.000
1669	1752.000
1179	1752.300
1689	1752.300
1619	1752.400
1019	1752.500
1459	1752.500
1709	1752.500
1169	1752.600
1299	1752.600
1349	1752.700
1229	1752.900
1359	1752.900
1409	1752.900
1539	1753.000
1449	1753.100
1309	1753.200
1749	1753.400
1509	1753.500
1249	1753.600
1529	1753.600
1659	1753.600
1469	1753.800
1739	1754.000
1059	1754.100
1499	1754.300
1209	1754.400
1549	1754.400
1609	1754.500
1789	1754.500
1029	1754.600
1189	1754.600
1279	1754.700
1759	1754.700
1109	1754.800
1329	1754.800
1489	1754.800
1379	1754.900
1599	1755.100
1649	1755.100
1259	1755.200
1389	1755.200
1729	1755.200
1369	1755.300
1569	1755.400
1049	1755.500
1149	1755.600
1559	1755.600
1679	1755.600
1399	1755.700
1219	1756.000
1239	1756.000
1779	1756.000
1039	1756.100
1419	1756.200
1579	1756.200
1069	1756.700
1479	1756.700
1769	1756.700
1089	1757.100
1079	1757.300
1139	1757.300
1199	1757.300
1269	1757.300
1319	1757.500
1099	1757.600
1119	1757.600
1439	1757.600
1129	1757.700
1159	1757.800
1289	1757.800
1699	1757.900
1799	1757.900
1589	1758.000
1639	1758.000
1719	1758.100
1519	1758.200
1009	1758.300
1339	1758.500
1429	1758.500
1669	1758.500
1629	1758.600
1619	1758.800
1689	1758.900
1179	1759.000
1019	1759.100
1299	1759.100
1459	1759.100
1169	1759.300
1709	1759.300
1229	1759.400
1349	1759.400
1359	1759.500
1409	1759.500
1539	1759.600
1309	1759.800
1449	1759.900
1529	1760.200
1749	1760.200
1249	1760.300
1509	1760.300
1659	1760.400
1469	1760.500
1739	1760.600
1059	1760.700
1499	1760.800
1549	1760.900
1209	1761.000
1789	1761.100
1189	1761.200
1279	1761.200
1609	1761.200
1029	1761.300
1109	1761.300
1329	1761.300
1489	1761.300
1379	1761.400
1759	1761.500
1649	1761.600
1729	1761.800
1569	1761.900
1599	1761.900
1259	1762.000
1369	1762.000
1049	1762.100
1389	1762.100
1149	1762.200
1559	1762.200
1399	1762.300
1679	1762.400
1219	1762.500
1419	1762.500
1779	1762.600
1239	1762.700
1579	1762.700
1039	1762.800
1069	1763.200
1479	1763.300
1769	1763.500
1089	1763.700
1199	1763.800
1269	1763.800
1139	1763.900
1079	1764.000
1319	1764.000
1439	1764.100
1099	1764.200
1119	1764.200
1129	1764.300
1159	1764.300
1289	1764.300
1589	1764.500
1639	1764.500
1799	1764.500
1699	1764.700
1009	1764.800
1519	1764.800
1719	1764.800
1669	1764.900
1429	1765.100
1339	1765.200
1619	1765.200
1629	1765.200
1689	1765.200
1299	1765.600
1019	1765.700
1179	1765.700
1169	1765.800
1229	1765.800
1459	1765.800
1349	1766.000
1359	1766.000
1409	1766.000
1709	1766.000
1309	1766.400
1449	1766.400
1539	1766.400
1749	1766.700
1509	1766.800
1249	1766.900
1469	1767.000
1529	1767.000
1659	1767.200
1739	1767.200
1549	1767.400
1059	1767.600
1499	1767.600
1209	1767.700
1279	1767.700
1789	1767.700
1109	1767.800
1489	1767.800
1029	1767.900
1189	1767.900
1609	1767.900
1329	1768.000
1379	1768.000
1649	1768.100
1759	1768.200
1369	1768.500
1569	1768.500
1599	1768.500
1729	1768.500
1149	1768.600
1049	1768.700
1259	1768.800
1559	1768.800
1219	1769.000
1419	1769.000
1389	1769.100
1399	1769.100
1579	1769.200
1239	1769.300
1679	1769.300
1039	1769.400
1779	1769.400
1069	1769.600
1479	1769.700
1089	1770.300
1269	1770.300
1199	1770.400
1769	1770.400
1139	1770.500
1319	1770.600
1099	1770.700
1439	1770.700
1079	1770.800
1119	1770.800
1129	1770.900
1289	1771.000
1589	1771.000
1639	1771.000
1799	1771.000
1159	1771.100
1719	1771.200
1009	1771.300
1699	1771.400
1429	1771.500
1669	1771.500
1689	1771.500
1519	1771.600
1629	1771.800
1339	1771.900
1619	1771.900
1299	1772.100
1019	1772.200
1179	1772.300
1229	1772.400
1409	1772.400
1169	1772.500
1709	1772.600
1359	1772.700
1459	1772.700
1349	1772.800
1449	1772.900
1309	1773.000
1539	1773.000
1749	1773.100
1509	1773.300
1249	1773.400
1469	1773.400
1529	1773.700
1659	1773.800
1739	1773.900
1209	1774.200
1549	1774.200
1279	1774.300
1059	1774.400
1109	1774.400
1489	1774.400
1789	1774.400
1029	1774.500
1609	1774.500
1649	1774.500
1379	1774.600
1759	1774.600
1189	1774.700
1329	1774.700
1499	1774.700
1369	1775.000
1599	1775.000
1049	1775.100
1569	1775.100
1729	1775.200
1149	1775.300
1219	1775.400
1259	1775.400
1559	1775.400
1399	1775.600
1419	1775.600
1579	1775.700
1679	1775.700
1239	1775.800
1039	1775.900
1389	1776.000
1779	1776.000
1069	1776.300
1479	1776.300
1269	1776.800
1769	1777.000
1089	1777.100
1199	1777.200
1439	1777.200
1319	1777.300
1079	1777.400
1099	1777.400
1589	1777.400
1119	1777.500
1129	1777.600
1639	1777.600
1719	1777.600
1799	1777.600
1139	1777.700
1159	1777.800
1289	1777.900
1669	1777.900
1699	1777.900
1009	1778.000
1429	1778.000
1689	1778.200
1519	1778.300
1619	1778.300
1339	1778.500
1629	1778.600
1019	1778.700
1299	1778.800
1229	1778.900
1409	1778.900
1169	1779.000
1179	1779.000
1359	1779.200
1709	1779.200
1349	1779.500
1449	1779.500
1459	1779.500
1539	1779.500
1309	1779.600
1749	1779.600
1469	1779.800
1509	1779.800
1249	1780.100
1659	1780.300
1529	1780.500
1209	1780.600
1739	1780.600
1789	1780.900
1109	1781.000
1489	1781.000
1759	1781.000
1029	1781.100
1059	1781.100
1279	1781.100
1379	1781.100
1549	1781.100
1649	1781.100
1609	1781.200
1329	1781.300
1189	1781.400
1369	1781.400
1599	1781.400
1499	1781.500
1569	1781.600
1729	1781.600
1049	1781.800
1149	1781.900
1259	1781.900
1219	1782.000
1419	1782.000
1559	1782.100
1679	1782.100
1039	1782.300
1399	1782.300
1579	1782.300
1779	1782.400
1239	1782.500
1389	1782.600
1069	1783.100
1479	1783.100
1269	1783.300
1769	1783.500
1089	1783.700
1439	1783.700
1199	1783.900
1079	1784.000
1099	1784.000
1119	1784.000
1319	1784.000
1719	1784.200
1159	1784.300
1589	1784.300
1639	1784.300
1799	1784.300
1129	1784.400
1429	1784.400
1009	1784.500
1289	1784.500
1669	1784.500
1139	1784.600
1699	1784.600
1519	1784.800
1619	1784.800
1689	1784.800
1019	1785.100
1339	1785.100
1229	1785.400
1299	1785.400
1629	1785.400
1179	1785.500
1409	1785.600
1169	1785.700
1359	1785.800
1349	1786.100
1449	1786.100
1539	1786.100
1709	1786.100
1749	1786.100
1459	1786.300
1469	1786.300
1509	1786.300
1309	1786.400
1249	1786.700
1659	1786.800
1209	1786.900
1739	1787.200
1529	1787.300
1109	1787.400
1789	1787.400
1489	1787.500
1059	1787.600
1379	1787.600
1549	1787.600
1759	1787.600
1029	1787.700
1329	1787.700
1649	1787.700
1369	1787.800
1599	1787.800
1609	1787.800
1279	1787.900
1189	1788.000
1569	1788.100
1499	1788.200
1259	1788.400
1729	1788.400
1219	1788.500
1419	1788.500
1149	1788.600
1559	1788.700
1679	1788.700
1039	1788.800
1049	1788.800
1399	1788.800
1779	1788.800
1239	1788.900
1579	1789.000
1389	1789.200
1479	1789.800
1069	1789.900
1769	1790.000
1269	1790.100
1439	1790.200
1089	1790.300
1079	1790.400
1099	1790.500
1319	1790.500
1119	1790.600
1199	1790.700
1159	1790.800
1009	1790.900
1129	1790.900
1639	1790.900
1429	1791.000
1669	1791.000
1799	1791.000
1289	1791.100
1589	1791.100
1719	1791.100
1519	1791.300
1139	1791.400
1689	1791.400
1699	1791.400
1619	1791.500
1019	1791.600
1339	1791.700
1229	1791.900
1179	1792.000
1299	1792.100
1629	1792.100
1409	1792.300
1169	1792.400
1449	1792.600
1749	1792.600
1459	1792.700
1349	1792.800
1359	1792.800
1509	1792.800
1469	1792.900
1309	1793.000
1539	1793.000
1709	1793.000
1209	1793.300
1249	1793.300
1659	1793.300
1529	1793.700
1739	1793.800
1489	1794.000
1029	1794.100
1059	1794.100
1599	1794.100
1789	1794.100
1109	1794.200
1549	1794.200
1379	1794.300
1329	1794.400
1369	1794.400
1649	1794.400
1759	1794.400
1569	1794.500
1609	1794.500
1279	1794.600
1189	1794.700
1259	1794.700
1149	1795.000
1219	1795.000
1419	1795.000
1499	1795.000
1729	1795.200
1779	1795.200
1039	1795.300
1559	1795.300
1679	1795.300
1239	1795.500
1399	1795.500
1579	1795.500
1049	1795.700
1389	1796.000
1069	1796.400
1769	1796.400
1479	1796.600
1269	1796.700
1079	1796.900
1089	1796.900
1439	1796.900
1119	1797.000
1319	1797.000
1099	1797.300
1159	1797.400
1009	1797.500
1129	1797.500
1199	1797.500
1639	1797.500
1799	1797.500
1429	1797.600
1589	1797.600
1669	1797.600
1289	1797.700
1519	1797.700
1699	1797.900
1139	1798.000
1689	1798.000
1719	1798.000
1619	1798.100
1339	1798.200
1019	1798.300
1229	1798.500
1179	1798.600
1629	1798.600
1299	1798.800
1169	1799.100
1459	1799.100
1409	1799.200
1449	1799.200
1749	1799.200
1359	1799.400
1509	1799.400
1349	1799.500
1469	1799.500
1709	1799.500
1539	1799.700
1209	1799.900
1309	1799.900
1249	1800.000
1659	1800.000
1529	1800.300
1739	1800.400
1029	1800.600
1059	1800.600
1599	1800.600
1109	1800.700
1549	1800.700
1329	1800.800
1379	1800.800
1489	1800.800
1789	1800.800
1609	1801.000
1369	1801.100
1569	1801.100
1189	1801.200
1649	1801.200
1259	1801.300
1759	1801.300
1149	1801.400
1279	1801.400
1419	1801.500
1499	1801.500
1219	1801.700
1039	1801.800
1559	1801.900
1729	1801.900
1779	1801.900
1679	1802.000
1239	1802.100
1399	1802.200
1579	1802.300
1049	1802.400
1389	1802.600
1769	1802.600
1069	1803.200
1089	1803.400
1269	1803.400
1079	1803.500
1319	1803.500
1479	1803.500
1119	1803.700
1439	1803.800
1099	1803.900
1159	1803.900
1129	1804.100
1429	1804.100
1009	1804.200
1199	1804.200
1519	1804.200
1589	1804.200
1639	1804.200
1669	1804.200
1799	1804.200
1289	1804.300
1699	1804.500
1139	1804.600
1689	1804.600
1719	1804.600
1619	1804.700
1019	1804.900
1229	1804.900
1339	1804.900
1179	1805.200
1629	1805.200
1299	1805.300
1449	1805.600
1459	1805.600
1169	1805.700
1749	1805.800
1409	1806.100
1469	1806.100
1509	1806.100
1709	1806.100
1349	1806.200
1359	1806.200
1209	1806.400
1539	1806.500
1659	1806.500
1249	1806.600
1309	1806.700
1529	1806.900
1599	1807.100
1739	1807.100
1029	1807.200
1059	1807.200
1549	1807.300
1609	1807.300
1329	1807.400
1789	1807.400
1109	1807.600
1379	1807.600
1189	1807.700
1489	1807.700
1259	1807.800
1569	1807.800
1149	1807.900
1369	1807.900
1759	1807.900
1419	1808.000
1279	1808.100
1499	1808.100
1649	1808.100
1219	1808.400
1039	1808.500
1239	1808.500
1559	1808.500
1679	1808.600
1729	1808.600
1779	1808.700
1399	1808.900
1579	1808.900
1049	1809.100
1769	1809.100
1389	1809.300
1069	1809.900
1089	1810.000
1269	1810.000
1479	1810.100
1079	1810.200
1119	1810.200
1099	1810.300
1319	1810.300
1159	1810.400
1439	1810.500
1199	1810.700
1669	1810.700
1009	1810.800
1129	1810.800
1429	1810.800
1519	1810.800
1639	1810.800
1799	1810.800
1289	1810.900
1589	1810.900
1699	1811.100
1139	1811.200
1689	1811.200
1719	1811.200
1229	1811.400
1619	1811.400
1339	1811.700
1629	1811.700
1019	1811.800
1179	1811.800
1299	1811.900
1449	1812.100
1169	1812.200
1459	1812.200
1749	1812.400
1469	1812.700
1349	1812.800
1409	1812.900
1539	1812.900
1709	1812.900
1209	1813.000
1359	1813.000
1509	1813.000
1309	1813.200
1249	1813.300
1659	1813.300
1529	1813.600
1739	1813.600
1029	1813.800
1599	1813.800
1059	1813.900
1549	1813.900
1609	1813.900
1789	1813.900
1329	1814.100
1109	1814.200
1189	1814.200
1379	1814.400
1489	1814.400
1569	1814.400
1149	1814.500
1259	1814.500
1369	1814.500
1419	1814.600
1499	1814.600
1759	1814.600
1279	1814.800
1649	1814.800
1239	1814.900
1219	1815.000
1559	1815.000
1039	1815.100
1679	1815.200
1729	1815.300
1579	1815.400
1779	1815.400
1049	1815.500
1399	1815.500
1769	1815.500
1389	1816.000
1069	1816.400
1089	1816.600
1479	1816.600
1099	1816.700
1119	1816.700
1269	1816.700
1079	1816.800
1159	1817.000
1319	1817.000
1199	1817.100
1439	1817.100
1129	1817.200
1519	1817.200
1669	1817.200
1009	1817.300
1289	1817.300
1429	1817.300
1639	1817.400
1799	1817.400
1589	1817.500
1689	1817.500
1699	1817.500
1139	1817.600
1619	1817.800
1719	1817.800
1229	1817.900
1339	1818.000
1019	1818.100
1629	1818.100
1179	1818.200
1299	1818.200
1169	1818.500
1449	1818.500
1459	1818.700
1749	1818.700
1349	1819.000
1469	1819.000
1539	1819.100
1709	1819.100
1209	1819.200
1359	1819.200
1409	1819.200
1509	1819.200
1309	1819.300
1659	1819.500
1249	1819.600
1739	1819.800
1529	1819.900
1789	1819.900
1029	1820.000
1549	1820.000
1059	1820.100
1599	1820.100
1609	1820.100
1189	1820.200
1109	1820.300
1329	1820.300
1259	1820.500
1379	1820.500
1489	1820.500
1569	1820.500
1149	1820.600
1499	1820.600
1759	1820.600
1279	1820.700
1369	1820.700
1419	1820.700
1649	1820.800
1239	1821.000
1559	1821.000
1219	1821.100
1039	1821.200
1679	1821.200
1579	1821.300
1729	1821.300
1049	1821.400
1399	1821.400
1779	1821.400
1769	1821.500
1389	1821.900
1069	1822.200
1089	1822.400
1099	1822.500
1119	1822.500
1479	1822.500
1079	1822.600
1269	1822.600
1159	1822.800
1199	1822.900
1319	1822.900
1129	1823.000
1669	1823.000
1009	1823.100
1289	1823.100
1429	1823.100
1439	1823.100
1519	1823.100
1689	1823.300
1699	1823.300
1799	1823.300
1589	1823.400
1639	1823.400
1139	1823.500
1619	1823.700
1719	1823.700
1229	1823.800
1339	1823.800
1629	1823.900
1019	1824.000
1179	1824.100
1299	1824.100
1169	1824.400
1449	1824.500
1749	1824.700
1459	1824.800
1349	1824.900
1469	1825.000
1709	1825.000
1209	1825.200
1359	1825.200
1409	1825.200
1509	1825.200
1539	1825.200
1309	1825.300
1659	1825.500
1249	1825.600
1739	1825.700
1529	1825.900
1549	1825.900
1789	1825.900
1059	1826.000
1029	1826.100
1599	1826.100
1609	1826.100
1109	1826.200
1189	1826.200
1329	1826.300
1379	1826.400
1489	1826.400
1569	1826.400
1259	1826.500
1499	1826.500
1759	1826.500
1279	1826.600
1369	1826.600
1149	1826.700
1419	1826.700
1649	1826.700
1239	1826.900
1219	1827.100
1559	1827.100
1679	1827.100
1039	1827.200
1729	1827.300
1399	1827.400
1579	1827.400
1779	1827.400
1049	1827.500
1769	1827.500
1389	1827.900
1069	1828.100
1089	1828.400
1119	1828.400
1079	1828.500
1099	1828.500
1269	1828.500
1479	1828.500
1159	1828.700
1199	1828.800
1319	1828.900
1009	1829.000
1129	1829.000
1289	1829.000
1429	1829.000
1519	1829.000
1669	1829.000
1699	1829.200
1439	1829.300
1689	1829.300
1799	1829.300
1139	1829.400
1589	1829.400
1639	1829.400
1619	1829.600
1719	1829.600
1229	1829.700
1339	1829.700
1629	1829.800
1019	1829.900
1299	1830.000
1179	1830.100
1169	1830.300
1449	1830.500
1749	1830.600
1349	1830.700
1459	1830.900
1409	1831.000
1469	1831.000
1709	1831.000
1209	1831.100
1359	1831.100
1509	1831.100
1539	1831.100
1309	1831.200
1249	1831.400
1659	1831.400
1739	1831.500
1549	1831.700
1789	1831.700
1059	1831.800
1529	1831.800
1029	1831.900
1609	1831.900
1189	1832.000
1599	1832.000
1109	1832.100
1329	1832.200
1379	1832.200
1489	1832.200
1569	1832.200
1259	1832.300
1499	1832.300
1759	1832.300
1279	1832.400
1369	1832.500
1649	1832.500
1149	1832.600
1419	1832.600
1239	1832.700
1219	1832.900
1679	1832.900
1559	1833.000
1039	1833.100
1399	1833.200
1729	1833.200
1779	1833.200
1049	1833.300
1579	1833.300
1769	1833.400
1389	1833.800
1069	1833.900
1119	1834.200
1079	1834.300
1089	1834.300
1099	1834.400
1269	1834.400
1479	1834.400
1159	1834.600
1199	1834.600
1319	1834.800
1519	1834.800
1009	1834.900
1129	1834.900
1289	1834.900
1429	1834.900
1669	1834.900
1689	1835.100
1699	1835.100
1799	1835.100
1439	1835.300
1589	1835.300
1639	1835.300
1139	1835.400
1619	1835.500
1719	1835.500
1229	1835.600
1339	1835.600
1629	1835.700
1019	1835.900
1299	1835.900
1179	1836.100
1169	1836.200
1749	1836.500
1349	1836.600
1449	1836.600
1409	1837.000
1469	1837.000
1709	1837.000
1209	1837.100
1359	1837.100
1459	1837.100
1509	1837.100
1539	1837.100
1309	1837.200
1249	1837.400
1659	1837.400
1739	1837.500
1549	1837.700
1029	1837.800
1059	1837.800
1789	1837.800
1529	1837.900
1609	1838.000
1109	1838.100
1189	1838.100
1599	1838.100
1329	1838.200
1379	1838.200
1489	1838.200
1499	1838.200
1569	1838.200
1259	1838.300
1279	1838.300
1759	1838.400
1369	1838.500
1649	1838.500
1419	1838.600
1149	1838.700
1239	1838.800
1219	1838.900
1679	1838.900
1559	1839.000
1399	1839.100
1039	1839.200
1779	1839.200
1049	1839.300
1579	1839.300
1729	1839.300
1769	1839.500
1389	1839.800
1069	1839.900
1119	1840.100
1089	1840.200
1079	1840.300
1099	1840.400
1269	1840.400
1479	1840.400
1159	1840.500
1199	1840.500
1009	1840.800
1289	1840.800
1319	1840.800
1429	1840.800
1519	1840.800
1129	1840.900
1669	1840.900
1699	1841.000
1799	1841.000
1689	1841.100
1439	1841.300
1589	1841.300
1639	1841.300
1139	1841.400
1719	1841.400
1229	1841.500
1339	1841.500
1619	1841.500
1629	1841.600
1019	1841.800
1299	1841.800
1179	1842.100
1169	1842.200
1749	1842.400
1349	1842.500
1449	1842.600
1409	1842.900
1709	1842.900
1469	1843.000
1509	1843.000
1209	1843.100
1359	1843.100
1539	1843.100
1309	1843.200
1459	1843.200
1249	1843.300
1659	1843.400
1739	1843.400
1549	1843.600
1029	1843.700
1059	1843.700
1789	1843.800
1529	1843.900
1609	1843.900
1109	1844.000
1379	1844.000
1599	1844.000
1189	1844.100
1279	1844.100
1329	1844.100
1489	1844.100
1499	1844.100
1569	1844.100
1259	1844.200
1759	1844.300
1369	1844.400
1419	1844.400
1649	1844.400
1149	1844.600
1239	1844.700
1679	1844.800
1219	1844.900
1399	1844.900
1559	1844.900
1779	1845.100
1039	1845.200
1049	1845.200
1579	1845.200
1729	1845.300
1769	1845.400
1389	1845.700
1069	1845.800
1119	1846.000
1089	1846.100
1079	1846.200
1099	1846.300
1199	1846.300
1269	1846.300
1479	1846.300
1159	1846.400
1009	1846.700
1289	1846.700
1429	1846.700
1519	1846.700
1319	1846.800
1669	1846.800
1129	1846.900
1699	1846.900
1799	1846.900
1689	1847.000
1589	1847.200
1229	1847.300
1439	1847.300
1639	1847.300
1719	1847.300
1139	1847.400
1339	1847.500
1619	1847.500
1629	1847.500
1019	1847.700
1299	1847.700
1179	1848.100
1169	1848.200
1749	1848.300
1349	1848.400
1449	1848.700
1409	1848.900
1709	1848.900
1469	1849.000
1509	1849.000
1209	1849.100
1309	1849.200
1359	1849.200
1539	1849.200
1249	1849.300
1459	1849.300
1739	1849.400
1659	1849.500
1029	1849.700
1549	1849.700
1059	1849.800
1789	1849.800
1109	1850.000
1379	1850.000
1499	1850.000
1609	1850.000
1279	1850.100
1329	1850.100
1529	1850.100
1569	1850.100
1599	1850.100
1189	1850.200
1489	1850.200
1259	1850.300
1649	1850.300
1369	1850.400
1419	1850.400
1759	1850.400
1149	1850.600
1239	1850.700
1679	1850.800
1219	1850.900
1399	1850.900
1559	1851.000
1779	1851.100
1049	1851.200
1579	1851.200
1729	1851.300
1039	1851.400
1769	1851.500
1389	1851.700
1069	1851.900
1119	1851.900
1089	1852.000
1079	1852.200
1099	1852.300
1199	1852.300
1159	1852.400
1269	1852.400
1479	1852.400
1289	1852.600
1429	1852.600
1519	1852.600
1009	1852.700
1669	1852.700
1319	1852.800
1699	1852.800
1129	1852.900
1689	1853.000
1799	1853.000
1229	1853.200
1589	1853.200
1439	1853.300
1639	1853.300
1719	1853.300
1139	1853.400
1629	1853.400
1619	1853.500
1299	1853.600
1339	1853.600
1019	1853.700
1179	1854.100
1169	1854.200
1749	1854.200
1349	1854.300
1449	1854.700
1409	1854.800
1509	1854.900
1709	1854.900
1469	1855.000
1209	1855.100
1309	1855.100
1359	1855.200
1539	1855.200
1249	1855.300
1739	1855.300
1459	1855.400
1659	1855.400
1029	1855.700
1549	1855.700
1059	1855.800
1499	1855.800
1789	1855.800
1379	1855.900
1569	1855.900
1609	1855.900
1109	1856.000
1279	1856.000
1329	1856.000
1599	1856.000
1489	1856.100
1529	1856.100
1189	1856.200
1259	1856.200
1649	1856.200
1369	1856.300
1419	1856.300
1759	1856.300
1149	1856.500
1239	1856.600
1679	1856.700
1219	1856.800
1399	1856.800
1559	1856.900
1779	1857.000
1049	1857.100
1579	1857.100
1729	1857.200
1039	1857.500
1769	1857.500
1389	1857.600
1069	1857.800
1119	1857.800
1089	1857.900
1079	1858.200
1159	1858.200
1199	1858.200
1099	1858.300
1269	1858.300
1479	1858.400
1289	1858.500
1429	1858.500
1519	1858.500
1009	1858.600
1669	1858.600
1699	1858.600
1319	1858.800
1689	1858.800
1129	1858.900
1799	1858.900
1229	1859.100
1589	1859.100
1439	1859.200
1719	1859.200
1629	1859.300
1639	1859.300
1139	1859.400
1299	1859.500
1619	1859.500
1019	1859.700
1339	1859.700
1179	1860.100
1749	1860.100
1169	1860.200
1349	1860.200
1449	1860.700
1409	1860.800
1509	1860.900
1709	1860.900
1309	1861.000
1469	1861.000
1209	1861.100
1359	1861.200
1539	1861.200
1249	1861.300
1739	1861.300
1659	1861.400
1459	1861.500
1499	1861.700
1029	1861.800
1059	1861.800
1549	1861.800
1569	1861.800
1279	1861.900
1379	1861.900
1609	1861.900
1789	1861.900
1109	1862.000
1329	1862.000
1489	1862.100
1599	1862.100
1529	1862.200
1649	1862.200
1189	1862.300
1259	1862.300
1369	1862.300
1759	1862.300
1419	1862.400
1149	1862.600
1239	1862.600
1679	1862.700
1219	1862.800
1399	1862.800
1559	1862.900
1779	1863.000
1579	1863.100
1049	1863.200
1729	1863.200
1389	1863.600
1769	1863.600
1039	1863.700
1069	1863.800
1119	1863.800
1089	1863.900
1079	1864.200
1199	1864.200
1159	1864.300
1269	1864.300
1099	1864.400
1429	1864.400
1519	1864.400
1289	1864.500
1479	1864.500
1009	1864.600
1669	1864.600
1699	1864.600
1689	1864.700
1319	1864.800
1799	1864.900
1129	1865.000
1589	1865.100
1229	1865.200
1439	1865.200
1629	1865.200
1719	1865.200
1299	1865.400
1639	1865.400
1139	1865.500
1019	1865.600
1619	1865.600
1339	1865.700
1749	1866.000
1179	1866.100
1349	1866.100
1169	1866.300
1449	1866.700
1409	1866.800
1509	1866.800
1709	1866.900
1309	1867.000
1469	1867.000
1209	1867.100
1539	1867.200
1249	1867.300
1359	1867.300
1659	1867.400
1739	1867.400
1459	1867.600
1499	1867.700
1569	1867.700
1029	1867.800
1059	1867.800
1379	1867.800
1549	1867.800
1109	1867.900
1279	1867.900
1609	1867.900
1789	1867.900
1329	1868.000
1489	1868.100
1599	1868.100
1649	1868.100
1529	1868.200
1189	1868.300
1259	1868.300
1369	1868.300
1419	1868.300
1759	1868.300
1149	1868.600
1239	1868.600
1219	1868.700
1399	1868.700
1679	1868.700
1559	1868.900
1779	1868.900
1579	1869.000
1729	1869.100
1049	1869.200
1389	1869.500
1069	1869.700
1119	1869.700
1769	1869.700
1039	1869.800
1089	1869.800
1079	1870.100
1159	1870.200
1199	1870.200
1269	1870.200
1429	1870.300
1099	1870.400
1289	1870.400
1479	1870.400
1519	1870.400
1009	1870.500
1699	1870.500
1669	1870.600
1689	1870.600
1319	1870.700
1799	1870.800
1129	1871.000
1589	1871.100
1629	1871.100
1719	1871.100
1229	1871.200
1439	1871.200
1299	1871.300
1639	1871.300
1139	1871.500
1019	1871.600
1339	1871.600
1619	1871.600
1749	1871.800
1349	1872.000
1179	1872.100
1169	1872.300
1449	1872.700
1509	1872.700
1409	1872.800
1309	1872.900
1709	1872.900
1469	1873.000
1209	1873.100
1539	1873.200
1249	1873.300
1659	1873.300
1739	1873.300
1359	1873.400
1569	1873.600
1379	1873.700
1459	1873.700
1499	1873.700
1029	1873.800
1059	1873.800
1109	1873.900
1279	1873.900
1329	1873.900
1609	1873.900
1789	1873.900
1549	1874.000
1649	1874.000
1489	1874.100
1599	1874.100
1189	1874.200
1529	1874.200
1759	1874.200
1259	1874.300
1369	1874.300
1419	1874.400
1149	1874.600
1219	1874.600
1399	1874.600
1679	1874.600
1239	1874.700
1779	1874.900
1559	1875.000
1579	1875.000
1729	1875.100
1049	1875.300
1389	1875.500
1119	1875.600
1069	1875.700
1769	1875.700
1039	1875.800
1089	1875.800
1079	1876.000
1159	1876.100
1269	1876.100
1199	1876.200
1429	1876.200
1289	1876.300
1519	1876.300
1099	1876.400
1479	1876.400
1699	1876.400
1009	1876.500
1669	1876.500
1689	1876.500
1319	1876.600
1799	1876.800
1129	1877.000
1629	1877.000
1719	1877.000
1229	1877.100
1299	1877.200
1589	1877.200
1439	1877.300
1639	1877.300
1139	1877.500
1339	1877.500
1019	1877.600
1619	1877.600
1749	1877.700
1349	1877.900
1179	1878.000
1169	1878.300
1509	1878.600
1409	1878.700
1449	1878.700
1709	1878.800
1309	1878.900
1469	1878.900
1209	1879.000
1539	1879.200
1659	1879.200
1249	1879.300
1739	1879.300
1359	1879.400
1569	1879.400
1379	1879.600
1499	1879.600
1059	1879.700
1459	1879.700
1029	1879.800
1109	1879.800
1279	1879.800
1609	1879.800
1789	1879.800
1329	1879.900
1649	1879.900
1549	1880.000
1599	1880.000
1189	1880.100
1489	1880.100
1529	1880.100
1759	1880.100
1259	1880.200
1369	1880.200
1419	1880.300
1149	1880.500
1219	1880.500
1399	1880.500
1239	1880.600
1679	1880.600
1779	1880.900
1559	1881.000
1579	1881.000
1729	1881.100
1049	1881.300
1389	1881.400
1069	1881.500
1119	1881.500
1039	1881.700
1089	1881.700
1769	1881.700
1079	1881.900
1159	1882.000
1199	1882.100
1269	1882.100
1429	1882.100
1099	1882.200
1289	1882.200
1699	1882.200
1479	1882.300
1519	1882.300
1669	1882.400
1689	1882.400
1009	1882.500
1319	1882.500
1799	1882.700
1129	1882.900
1629	1882.900
1719	1882.900
1299	1883.000
1229	1883.100
1589	1883.100
1639	1883.300
1339	1883.400
1439	1883.400
1139	1883.500
1619	1883.500
1749	1883.500
1019	1883.600
1349	1883.800
1179	1884.000
1169	1884.100
1409	1884.600
1509	1884.600
1449	1884.700
1709	1884.700
1309	1884.800
1469	1884.900
1209	1885.000
1659	1885.100
1539	1885.200
1249	1885.300
1739	1885.300
1359	1885.400
1569	1885.400
1379	1885.500
1499	1885.500
1059	1885.700
1279	1885.700
1459	1885.700
1609	1885.700
1649	1885.700
1029	1885.800
1109	1885.800
1789	1885.800
1329	1885.900
1549	1885.900
1599	1885.900
1189	1886.000
1529	1886.000
1759	1886.000
1259	1886.100
1489	1886.100
1369	1886.200
1419	1886.300
1219	1886.400
1399	1886.400
1149	1886.500
1679	1886.500
1239	1886.600
1779	1886.800
1559	1886.900
1579	1886.900
1729	1887.100
1049	1887.300
1389	1887.300
1069	1887.400
1119	1887.400
1039	1887.600
1089	1887.600
1769	1887.600
1079	1887.700
1159	1887.800
1199	1888.000
1269	1888.000
1289	1888.000
1429	1888.000
1699	1888.000
1099	1888.100
1519	1888.200
1669	1888.200
1479	1888.300
1689	1888.300
1009	1888.400
1319	1888.400
1799	1888.500
1719	1888.700
1129	1888.800
1629	1888.800
1299	1888.900
1229	1889.000
1589	1889.000
1639	1889.100
1339	1889.300
1749	1889.300
1139	1889.400
1439	1889.400
1019	1889.500
1619	1889.500
1349	1889.700
1179	1889.900
1169	1890.000
1509	1890.400
1409	1890.500
1709	1890.600
1449	1890.700
1309	1890.800
1469	1890.800
1209	1891.000
1659	1891.100
1539	1891.200
1569	1891.200
1739	1891.200
1249	1891.300
1379	1891.300
1499	1891.300
1359	1891.400
1609	1891.500
1059	1891.600
1279	1891.600
1459	1891.600
1649	1891.600
1029	1891.700
1789	1891.700
1109	1891.800
1189	1891.800
1329	1891.800
1549	1891.800
1599	1891.800
1529	1891.900
1259	1892.000
1759	1892.000
1369	1892.200
1419	1892.200
1489	1892.200
1219	1892.300
1399	1892.300
1679	1892.300
1149	1892.400
1239	1892.400
1779	1892.700
1559	1892.800
1579	1892.800
1729	1893.100
1049	1893.200
1119	1893.200
1389	1893.200
1069	1893.300
1039	1893.500
1079	1893.500
1089	1893.500
1769	1893.500
1159	1893.600
1289	1893.800
1429	1893.800
1699	1893.800
1199	1893.900
1269	1893.900
1099	1894.000
1519	1894.000
1669	1894.000
1689	1894.100
1009	1894.200
1479	1894.200
1319	1894.300
1799	1894.400
1719	1894.500
1629	1894.600
1129	1894.800
1299	1894.800
1229	1894.900
1589	1895.000
1639	1895.000
1749	1895.100
1339	1895.200
1139	1895.300
1439	1895.400
1019	1895.500
1619	1895.500
1349	1895.600
1179	1895.800
1169	1895.900
1409	1896.300
1509	1896.300
1709	1896.500
1449	1896.600
1469	1896.700
1309	1896.800
1209	1896.900
1569	1897.000
1659	1897.000
1499	1897.100
1739	1897.100
1249	1897.200
1379	1897.200
1539	1897.200
1359	1897.300
1609	1897.300
1279	1897.400
1059	1897.500
1459	1897.500
1649	1897.500
1029	1897.600
1109	1897.600
1549	1897.600
1789	1897.600
1189	1897.700
1329	1897.700
1599	1897.700
1259	1897.800
1529	1897.800
1759	1897.900
1369	1898.100
1399	1898.100
1419	1898.100
1219	1898.200
1239	1898.200
1489	1898.200
1679	1898.200
1149	1898.300
1779	1898.600
1559	1898.700
1579	1898.700
1389	1899.000
1729	1899.000
1049	1899.100
1069	1899.100
1119	1899.100
1079	1899.300
1089	1899.300
1039	1899.400
1159	1899.400
1769	1899.400
1699	1899.500
1289	1899.600
1429	1899.600
1199	1899.700
1099	1899.800
1269	1899.800
1519	1899.800
1669	1899.800
1689	1899.900
1479	1900.000
1009	1900.100
1319	1900.200
1799	1900.200
1719	1900.300
1629	1900.400
1129	1900.600
1299	1900.600
1229	1900.800
1589	1900.900
1639	1900.900
1749	1900.900
1339	1901.000
1139	1901.200
1019	1901.400
1349	1901.400
1439	1901.400
1619	1901.400
1179	1901.700
1169	1901.800
1409	1902.200
1509	1902.200
1709	1902.300
1449	1902.400
1309	1902.700
1469	1902.700
1569	1902.800
1209	1902.900
1499	1902.900
1739	1902.900
1659	1903.000
1249	1903.100
1359	1903.100
1379	1903.100
1539	1903.100
1609	1903.100
1279	1903.200
1649	1903.300
1059	1903.400
1549	1903.400
1029	1903.500
1109	1903.500
1459	1903.500
1789	1903.500
1189	1903.600
1329	1903.600
1599	1903.600
1259	1903.700
1529	1903.800
1759	1903.800
1399	1903.900
1239	1904.000
1369	1904.000
1419	1904.000
1679	1904.000
1219	1904.100
1489	1904.100
1149	1904.200
1779	1904.400
1559	1904.600
1579	1904.600
1049	1904.900
1069	1904.900
1119	1904.900
1389	1904.900
1729	1904.900
1079	1905.100
1089	1905.100
1159	1905.100
1699	1905.300
1769	1905.300
1039	1905.400
1289	1905.400
1429	1905.400
1199	1905.500
1519	1905.600
1099	1905.700
1269	1905.700
1669	1905.700
1689	1905.700
1009	1905.900
1479	1905.900
1799	1905.900
1319	1906.100
1719	1906.100
1629	1906.200
1129	1906.400
1299	1906.400
1229	1906.600
1749	1906.700
1339	1906.800
1589	1906.800
1639	1906.800
1139	1907.100
1349	1907.200
1019	1907.300
1439	1907.300
1619	1907.300
1179	1907.500
1169	1907.700
1409	1908.000
1509	1908.100
1709	1908.200
1449	1908.300
1309	1908.500
1569	1908.600
1469	1908.700
1499	1908.700
1739	1908.700
1209	1908.800
1359	1908.900
1379	1908.900
1609	1908.900
1659	1908.900
1249	1909.000
1279	1909.000
1539	1909.000
1649	1909.100
1059	1909.200
1549	1909.200
1109	1909.300
1029	1909.400
1189	1909.400
1789	1909.400
1329	1909.500
1459	1909.500
1259	1909.600
1599	1909.600
1529	1909.700
1239	1909.800
1399	1909.800
1679	1909.800
1759	1909.800
1369	1909.900
1419	1909.900
1219	1910.000
1489	1910.000
1149	1910.100
1779	1910.200
1579	1910.400
1559	1910.500
1119	1910.700
1389	1910.700
1729	1910.700
1049	1910.800
1069	1910.800
1079	1910.800
1089	1910.900
1159	1910.900
1699	1911.100
1289	1911.200
1429	1911.200
1769	1911.200
1039	1911.300
1199	1911.300
1519	1911.400
1099	1911.500
1669	1911.500
1689	1911.500
1269	1911.600
1009	1911.700
1479	1911.700
1799	1911.800
1719	1911.900
1319	1912.000
1629	1912.000
1129	1912.200
1299	1912.300
1229	1912.400
1749	1912.500
1339	1912.600
1589	1912.600
1639	1912.700
1139	1912.900
1349	1913.000
1019	1913.200
1439	1913.200
1619	1913.200
1179	1913.300
1169	1913.600
1409	1913.900
1509	1913.900
1709	1914.000
1449	1914.200
1309	1914.300
1569	1914.400
1499	1914.500
1739	1914.500
1469	1914.600
1209	1914.700
1379	1914.700
1609	1914.700
1279	1914.800
1359	1914.800
1659	1914.800
1249	1914.900
1539	1914.900
1649	1914.900
1059	1915.000
1549	1915.000
1109	1915.100
1029	1915.200
1189	1915.200
1789	1915.200
1329	1915.300
1259	1915.400
1459	1915.400
1239	1915.600
1399	1915.600
1529	1915.600
1599	1915.600
1679	1915.600
1759	1915.700
1369	1915.800
1419	1915.800
1149	1915.900
1219	1915.900
1489	1915.900
1779	1916.000
1579	1916.200
1559	1916.400
1079	1916.500
1119	1916.500
1389	1916.500
1729	1916.500
1069	1916.600
1049	1916.700
1089	1916.700
1159	1916.700
1699	1916.800
1199	1917.000
1289	1917.000
1429	1917.000
1519	1917.100
1769	1917.100
1689	1917.200
1039	1917.300
1099	1917.300
1669	1917.300
1009	1917.500
1269	1917.500
1479	1917.500
1629	1917.700
1719	1917.700
1799	1917.700
1319	1917.800
1129	1918.000
1299	1918.100
1229	1918.200
1749	1918.200
1339	1918.400
1589	1918.500
1639	1918.500
1139	1918.700
1349	1918.800
1019	1919.100
1179	1919.100
1439	1919.100
1619	1919.100
1169	1919.400
1409	1919.700
1509	1919.800
1709	1919.800
1309	1920.100
1449	1920.100
1569	1920.200
1499	1920.300
1739	1920.400
1379	1920.500
1469	1920.500
1609	1920.500
1209	1920.600
1279	1920.600
1359	1920.700
1649	1920.700
1659	1920.700
1249	1920.800
1539	1920.800
1549	1920.800
1059	1920.900
1029	1921.000
1109	1921.000
1189	1921.000
1789	1921.000
1259	1921.200
1329	1921.200
1239	1921.400
1399	1921.400
1459	1921.400
1679	1921.400
1529	1921.500
1599	1921.500
1759	1921.500
1369	1921.700
1419	1921.700
1149	1921.800
1219	1921.800
1489	1921.800
1779	1921.800
1579	1922.000
1079	1922.300
1119	1922.300
1389	1922.300
1559	1922.300
1729	1922.300
1069	1922.400
1159	1922.400
1089	1922.500
1699	1922.500
1049	1922.600
1199	1922.700
1289	1922.800
1429	1922.800
1519	1922.900
1689	1923.000
1769	1923.000
1099	1923.100
1669	1923.100
1009	1923.200
1039	1923.200
1269	1923.300
1479	1923.300
1719	1923.400
1629	1923.500
1799	1923.500
1319	1923.600
1129	1923.800
1299	1923.800
1749	1923.900
1229	1924.000
1339	1924.200
1589	1924.300
1639	1924.400
1139	1924.500
1349	1924.600
1019	1924.900
1179	1924.900
1619	1924.900
1439	1925.000
1169	1925.200
1409	1925.600
1709	1925.600
1509	1925.700
1309	1926.000
1449	1926.000
1499	1926.000
1569	1926.000
1739	1926.200
1379	1926.300
1609	1926.300
1279	1926.400
1469	1926.400
1209	1926.500
1649	1926.500
1659	1926.500
1359	1926.600
1549	1926.600
1249	1926.700
1539	1926.700
1029	1926.800
1059	1926.800
1189	1926.800
1789	1926.800
1109	1926.900
1259	1927.000
1329	1927.100
1399	1927.100
1239	1927.200
1679	1927.200
1599	1927.300
1459	1927.400
1529	1927.400
1759	1927.400
1369	1927.500
1219	1927.600
1419	1927.600
1489	1927.600
1779	1927.600
1149	1927.700
1579	1927.800
1119	1928.000
1079	1928.100
1159	1928.100
1389	1928.100
1559	1928.100
1729	1928.100
1069	1928.200
1699	1928.200
1089	1928.300
1199	1928.400
1049	1928.500
1289	1928.600
1429	1928.600
1519	1928.600
1689	1928.800
1769	1928.800
1099	1928.900
1669	1928.900
1009	1929.000
1039	1929.100
1269	1929.100
1479	1929.100
1719	1929.100
1629	1929.200
1799	1929.300
1319	1929.400
1129	1929.600
1299	1929.600
1229	1929.700
1749	1929.700
1339	1930.000
1589	1930.100
1639	1930.200
1139	1930.300
1349	1930.300
1019	1930.700
1179	1930.700
1619	1930.700
1439	1930.900
1169	1931.000
1409	1931.400
1709	1931.400
1509	1931.500
1499	1931.700
1449	1931.800
1569	1931.800
1309	1931.900
1739	1932.000
1279	1932.100
1379	1932.100
1609	1932.100
1469	1932.300
1649	1932.300
1659	1932.300
1209	1932.400
1359	1932.400
1549	1932.400
1029	1932.600
1059	1932.600
1189	1932.600
1249	1932.600
1539	1932.600
1789	1932.600
1109	1932.700
1399	1932.800
1259	1932.900
1329	1932.900
1239	1933.000
1599	1933.100
1679	1933.100
1529	1933.200
1759	1933.200
1369	1933.300
1459	1933.300
1489	1933.400
1779	1933.400
1219	1933.500
1419	1933.500
1149	1933.600
1579	1933.600
1119	1933.700
1389	1933.800
1079	1933.900
1159	1933.900
1559	1933.900
1699	1933.900
1069	1934.000
1729	1934.000
1089	1934.100
1199	1934.100
1049	1934.300
1519	1934.300
1289	1934.400
1429	1934.400
1689	1934.600
1769	1934.600
1099	1934.700
1669	1934.700
1009	1934.800
1269	1934.900
1479	1934.900
1719	1934.900
1629	1935.000
1799	1935.000
1039	1935.100
1319	1935.200
1129	1935.400
1229	1935.400
1299	1935.400
1749	1935.500
1339	1935.800
1589	1935.900
1639	1936.000
1139	1936.100
1349	1936.100
1019	1936.500
1179	1936.500
1619	1936.600
1169	1936.800
1439	1936.800
1409	1937.200
1709	1937.200
1509	1937.300
1499	1937.400
1569	1937.600
1309	1937.700
1449	1937.700
1739	1937.700
1279	1937.800
1379	1937.900
1609	1937.900
1649	1938.100
1659	1938.100
1209	1938.200
1359	1938.200
1469	1938.200
1549	1938.200
1029	1938.400
1059	1938.400
1189	1938.400
1249	1938.400
1789	1938.400
1109	1938.500
1399	1938.500
1539	1938.500
1259	1938.700
1329	1938.700
1239	1938.800
1679	1938.900
1599	1939.000
1759	1939.000
1529	1939.100
1369	1939.200
1459	1939.200
1489	1939.200
1779	1939.200
1219	1939.300
1119	1939.400
1149	1939.400
1419	1939.400
1579	1939.400
1389	1939.500
1079	1939.600
1159	1939.700
1559	1939.700
1699	1939.700
1069	1939.800
1199	1939.800
1089	1939.900
1729	1939.900
1519	1940.000
1049	1940.100
1289	1940.200
1429	1940.200
1689	1940.300
1769	1940.400
1099	1940.500
1669	1940.500
1009	1940.600
1269	1940.700
1479	1940.700
1719	1940.700
1629	1940.800
1799	1940.800
1039	1941.000
1319	1941.000
1129	1941.200
1229	1941.200
1299	1941.200
1749	1941.300
1339	1941.600
1589	1941.700
1349	1941.900
1639	1941.900
1139	1942.000
1019	1942.300
1179	1942.300
1619	1942.500
1169	1942.600
1439	1942.700
1409	1943.000
1499	1943.100
1509	1943.100
1709	1943.100
1569	1943.400
1279	1943.500
1309	1943.500
1449	1943.500
1739	1943.500
1379	1943.700
1609	1943.700
1649	1943.800
1359	1944.000
1469	1944.000
1549	1944.000
1659	1944.000
1209	1944.100
1029	1944.200
1059	1944.200
1189	1944.200
1789	1944.200
1109	1944.300
1249	1944.300
1399	1944.300
1539	1944.400
1259	1944.500
1329	1944.500
1239	1944.600
1679	1944.700
1759	1944.700
1599	1944.800
1489	1945.000
1529	1945.000
1779	1945.000
1219	1945.100
1369	1945.100
1459	1945.100
1119	1945.200
1079	1945.300
1149	1945.300
1389	1945.300
1419	1945.300
1579	1945.300
1699	1945.400
1159	1945.500
1199	1945.500
1559	1945.500
1069	1945.600
1089	1945.700
1519	1945.700
1729	1945.700
1049	1945.900
1289	1946.000
1429	1946.000
1689	1946.000
1099	1946.200
1669	1946.200
1769	1946.200
1009	1946.400
1269	1946.500
1479	1946.500
1719	1946.500
1629	1946.600
1799	1946.600
1319	1946.700
1039	1946.800
1129	1947.000
1229	1947.000
1299	1947.000
1749	1947.100
1339	1947.400
1589	1947.500
1349	1947.700
1639	1947.800
1139	1947.900
1179	1948.100
1019	1948.200
1169	1948.400
1619	1948.400
1439	1948.600
1409	1948.700
1499	1948.800
1509	1948.900
1709	1948.900
1569	1949.200
1279	1949.300
1309	1949.300
1739	1949.300
1449	1949.400
1379	1949.500
1609	1949.500
1649	1949.600
1469	1949.800
1549	1949.800
1659	1949.800
1209	1949.900
1359	1949.900
1059	1950.000
1109	1950.000
1189	1950.000
1789	1950.000
1029	1950.100
1249	1950.100
1399	1950.100
1259	1950.300
1539	1950.300
1239	1950.400
1329	1950.400
1679	1950.500
1759	1950.500
1599	1950.600
1489	1950.800
1529	1950.800
1779	1950.800
1219	1950.900
1369	1950.900
1079	1951.000
1119	1951.000
1459	1951.000
1389	1951.100
1579	1951.100
1699	1951.100
1149	1951.200
1159	1951.200
1199	1951.200
1419	1951.200
1069	1951.300
1559	1951.300
1089	1951.500
1519	1951.500
1729	1951.500
1049	1951.800
1289	1951.800
1429	1951.800
1689	1951.800
1099	1952.000
1669	1952.000
1769	1952.000
1009	1952.200
1719	1952.200
1269	1952.300
1479	1952.300
1629	1952.400
1799	1952.400
1319	1952.500
1039	1952.600
1299	1952.700
1129	1952.800
1229	1952.800
1749	1952.900
1339	1953.200
1589	1953.300
1349	1953.500
1639	1953.600
1139	1953.800
1179	1953.900
1019	1954.000
1169	1954.200
1619	1954.200
1409	1954.500
1439	1954.500
1499	1954.500
1509	1954.700
1709	1954.700
1569	1955.000
1279	1955.100
1309	1955.100
1449	1955.200
1739	1955.200
1379	1955.300
1609	1955.300
1649	1955.400
1469	1955.600
1549	1955.600
1659	1955.600
1209	1955.700
1059	1955.800
1109	1955.800
1359	1955.800
1399	1955.800
1789	1955.800
1189	1955.900
1249	1955.900
1029	1956.000
1259	1956.100
1239	1956.200
1329	1956.200
1539	1956.200
1679	1956.300
1759	1956.300
1599	1956.400
1489	1956.600
1779	1956.600
1119	1956.700
1219	1956.700
1529	1956.700
1079	1956.800
1369	1956.800
1699	1956.800
1159	1956.900
1199	1956.900
1389	1956.900
1459	1956.900
1579	1956.900
1149	1957.000
1069	1957.100
1419	1957.100
1559	1957.100
1089	1957.300
1519	1957.300
1729	1957.300
1289	1957.600
1429	1957.600
1689	1957.600
1049	1957.700
1099	1957.800
1669	1957.800
1719	1957.900
1769	1957.900
1009	1958.000
1269	1958.100
1479	1958.100
1629	1958.100
1799	1958.200
1319	1958.300
1299	1958.400
1039	1958.500
1129	1958.600
1229	1958.600
1749	1958.700
1339	1959.000
1589	1959.100
1349	1959.200
1639	1959.500
1139	1959.700
1179	1959.700
1019	1959.900
1169	1960.000
1619	1960.000
1409	1960.300
1499	1960.300
1439	1960.400
1509	1960.500
1709	1960.500
1569	1960.800
1279	1960.900
1309	1960.900
1379	1961.000
1449	1961.000
1739	1961.000
1609	1961.100
1649	1961.100
1469	1961.400
1549	1961.400
1659	1961.400
1209	1961.500
1399	1961.500
1059	1961.600
1109	1961.600
1789	1961.600
1249	1961.700
1359	1961.700
1189	1961.800
1029	1961.900
1259	1961.900
1239	1962.000
1539	1962.000
1329	1962.100
1679	1962.100
1759	1962.100
1599	1962.200
1119	1962.400
1489	1962.400
1779	1962.400
1219	1962.500
1699	1962.500
1079	1962.600
1199	1962.600
1529	1962.600
1159	1962.700
1369	1962.700
1389	1962.700
1579	1962.700
1149	1962.800
1459	1962.800
1069	1962.900
1559	1962.900
1089	1963.000
1419	1963.000
1519	1963.000
1729	1963.200
1289	1963.300
1429	1963.400
1689	1963.400
1049	1963.600
1099	1963.600
1669	1963.600
1719	1963.600
1769	1963.700
1009	1963.800
1629	1963.800
1269	1963.900
1479	1963.900
1799	1964.000
1319	1964.100
1299	1964.200
1039	1964.400
1129	1964.400
1229	1964.400
1749	1964.500
1339	1964.800
1349	1964.900
1589	1964.900
1639	1965.300
1139	1965.500
1179	1965.500
1019	1965.700
1169	1965.800
1619	1965.800
1499	1966.000
1409	1966.100
1439	1966.300
1509	1966.300
1709	1966.300
1569	1966.600
1279	1966.700
1309	1966.700
1379	1966.700
1449	1966.800
1609	1966.800
1739	1966.800
1649	1966.900
1399	1967.200
1469	1967.200
1549	1967.200
1659	1967.200
1109	1967.300
1209	1967.300
1059	1967.400
1789	1967.400
1249	1967.500
1359	1967.500
1189	1967.600
1259	1967.700
1029	1967.800
1239	1967.800
1539	1967.800
1679	1967.800
1329	1967.900
1759	1967.900
1119	1968.100
1599	1968.100
1489	1968.200
1699	1968.200
1779	1968.200
1079	1968.300
1199	1968.300
1219	1968.300
1389	1968.400
1529	1968.400
1159	1968.500
1369	1968.500
1579	1968.500
1149	1968.600
1069	1968.700
1089	1968.700
1459	1968.700
1559	1968.700
1519	1968.800
1419	1968.900
1289	1969.100
1429	1969.100
1689	1969.100
1729	1969.100
1099	1969.300
1049	1969.400
1669	1969.400
1719	1969.400
1629	1969.500
1769	1969.500
1009	1969.600
1269	1969.700
1479	1969.700
1799	1969.800
1319	1969.900
1299	1970.000
1229	1970.100
1129	1970.200
1039	1970.300
1749	1970.300
1339	1970.600
1349	1970.700
1589	1970.700
1639	1971.200
1139	1971.300
1179	1971.300
1019	1971.500
1169	1971.600
1619	1971.700
1499	1971.800
1409	1971.900
1509	1972.000
1709	1972.100
1439	1972.200
1569	1972.400
1279	1972.500
1379	1972.500
1309	1972.600
1449	1972.600
1609	1972.600
1739	1972.600
1649	1972.700
1399	1972.900
1469	1973.000
1549	1973.000
1659	1973.000
1109	1973.100
1209	1973.100
1059	1973.200
1789	1973.200
1249	1973.300
1359	1973.300
1189	1973.400
1259	1973.500
1679	1973.500
1029	1973.600
1239	1973.600
1539	1973.600
1759	1973.600
1329	1973.700
1119	1973.900
1599	1973.900
1699	1973.900
1079	1974.000
1199	1974.000
1489	1974.000
1779	1974.000
1219	1974.100
1389	1974.100
1159	1974.200
1529	1974.200
1579	1974.200
1369	1974.300
1089	1974.400
1149	1974.400
1069	1974.500
1519	1974.500
1559	1974.500
1459	1974.600
1289	1974.800
1419	1974.800
1429	1974.800
1689	1974.800
1729	1975.000
1099	1975.100
1669	1975.100
1719	1975.100
1049	1975.200
1629	1975.200
1769	1975.300
1009	1975.400
1269	1975.400
1479	1975.500
1799	1975.600
1299	1975.700
1319	1975.700
1229	1975.800
1129	1976.000
1749	1976.100
1039	1976.200
1339	1976.400
1349	1976.400
1589	1976.500
1139	1977.100
1179	1977.100
1639	1977.100
1019	1977.300
1169	1977.400
1499	1977.500
1619	1977.600
1409	1977.700
1509	1977.800
1709	1977.900
1439	1978.200
1569	1978.200
1279	1978.300
1379	1978.300
1609	1978.400
1739	1978.400
1309	1978.500
1449	1978.500
1649	1978.500
1399	1978.600
1469	1978.800
1659	1978.800
1109	1978.900
1209	1978.900
1549	1978.900
1059	1979.000
1789	1979.000
1249	1979.100
1189	1979.200
1359	1979.200
1679	1979.200
1259	1979.300
1029	1979.400
1239	1979.400
1539	1979.400
1759	1979.400
1329	1979.500
1699	1979.600
1079	1979.700
1119	1979.700
1199	1979.700
1599	1979.700
1779	1979.700
1489	1979.800
1219	1979.900
1389	1979.900
1159	1980.000
1579	1980.000
1089	1980.100
1369	1980.100
1529	1980.100
1069	1980.200
1149	1980.200
1519	1980.200
1559	1980.300
1459	1980.400
1689	1980.500
1289	1980.600
1429	1980.600
1419	1980.700
1669	1980.800
1719	1980.800
1729	1980.800
1099	1980.900
1629	1980.900
1049	1981.000
1269	1981.100
1769	1981.100
1009	1981.200
1479	1981.300
1299	1981.400
1319	1981.400
1799	1981.400
1229	1981.500
1129	1981.800
1749	1981.800
1039	1982.000
1349	1982.100
1339	1982.200
1589	1982.300
1179	1982.800
1139	1982.900
1639	1982.900
1019	1983.100
1169	1983.200
1499	1983.200
1409	1983.500
1509	1983.500
1619	1983.500
1709	1983.700
1569	1984.000
1279	1984.100
1379	1984.100
1439	1984.100
1609	1984.200
1739	1984.200
1309	1984.300
1449	1984.300
1649	1984.300
1399	1984.400
1469	1984.600
1659	1984.600
1109	1984.700
1209	1984.700
1549	1984.700
1059	1984.800
1789	1984.800
1189	1985.000
1249	1985.000
1259	1985.000
1679	1985.000
1359	1985.100
1759	1985.200
1029	1985.300
1239	1985.300
1329	1985.300
1539	1985.300
1699	1985.300
1079	1985.500
1119	1985.500
1199	1985.500
1599	1985.500
1779	1985.500
1489	1985.600
1219	1985.700
1389	1985.700
1089	1985.800
1159	1985.800
1579	1985.800
1069	1985.900
1369	1985.900
1529	1985.900
1149	1986.000
1519	1986.000
1559	1986.100
1689	1986.200
1459	1986.300
1289	1986.400
1429	1986.400
1419	1986.500
1669	1986.500
1719	1986.500
1729	1986.600
1099	1986.700
1629	1986.700
1049	1986.800
1269	1986.900
1769	1986.900
1009	1987.000
1299	1987.100
1479	1987.100
1319	1987.200
1799	1987.200
1229	1987.300
1129	1987.600
1749	1987.600
1039	1987.800
1349	1987.800
1339	1988.000
1589	1988.100
1179	1988.500
1139	1988.700
1639	1988.700
1019	1988.900
1499	1988.900
1169	1989.000
1409	1989.300
1509	1989.300
1619	1989.400
1709	1989.500
1379	1989.800
1569	1989.800
1279	1989.900
1439	1990.000
1609	1990.000
1739	1990.000
1449	1990.100
1649	1990.100
1309	1990.200
1399	1990.200
1659	1990.400
1109	1990.500
1209	1990.500
1469	1990.500
1549	1990.500
1059	1990.600
1789	1990.600
1259	1990.700
1189	1990.800
1249	1990.800
1679	1990.900
1359	1991.000
1699	1991.000
1759	1991.000
1239	1991.100
1029	1991.200
1329	1991.200
1539	1991.200
1079	1991.300
1119	1991.300
1199	1991.300
1599	1991.300
1779	1991.300
1219	1991.500
1389	1991.500
1489	1991.500
1089	1991.600
1159	1991.600
1579	1991.600
1069	1991.700
1369	1991.700
1529	1991.700
1149	1991.800
1519	1991.800
1689	1991.900
1559	1992.000
1289	1992.200
1429	1992.200
1459	1992.200
1719	1992.200
1669	1992.300
1419	1992.400
1729	1992.400
1099	1992.500
1629	1992.500
1049	1992.600
1269	1992.700
1769	1992.700
1009	1992.800
1299	1992.800
1479	1992.900
1229	1993.000
1319	1993.000
1799	1993.000
1749	1993.300
1129	1993.400
1349	1993.500
1039	1993.600
1339	1993.800
1589	1993.900
1179	1994.300
1139	1994.500
1639	1994.500
1499	1994.600
1019	1994.700
1169	1994.800
1509	1995.000
1409	1995.100
1619	1995.200
1709	1995.200
1379	1995.500
1279	1995.600
1569	1995.600
1609	1995.700
1439	1995.800
1739	1995.800
1399	1995.900
1449	1995.900
1649	1995.900
1309	1996.000
1659	1996.200
1059	1996.300
1109	1996.300
1209	1996.300
1469	1996.300
1549	1996.300
1259	1996.400
1789	1996.400
1249	1996.500
1189	1996.600
1679	1996.700
1699	1996.700
1359	1996.800
1759	1996.800
1239	1996.900
1029	1997.000
1119	1997.000
1079	1997.100
1199	1997.100
1329	1997.100
1539	1997.100
1599	1997.100
1779	1997.100
1219	1997.300
1389	1997.300
1089	1997.400
1159	1997.400
1489	1997.400
1579	1997.400
1069	1997.500
1369	1997.500
1529	1997.500
1149	1997.600
1519	1997.600
1689	1997.700
1559	1997.800
1719	1997.900
1289	1998.000
1429	1998.000
1459	1998.100
1669	1998.100
1419	1998.200
1729	1998.200
1099	1998.300
1629	1998.300
1049	1998.500
1269	1998.500
1299	1998.500
1769	1998.500
1009	1998.600
1229	1998.700
1479	1998.700
1319	1998.800
1799	1998.800
1749	1999.100
1129	1999.200
1349	1999.200
1039	1999.400
1339	1999.600
1589	1999.700
