# NEST version: UNKNOWN
# RecordingBackendASCII version: 2
sender	time_ms
847	266.000
817	269.000
817	445.000
877	1057.700
847	1062.200
857	1063.100
857	1371.900
827	1559.100
837	1562.200
927	1562.400
907	1562.600
897	1563.400
857	1563.600
847	1563.800
997	1564.500
937	1565.500
817	1565.800
867	1565.900
877	1566.300
967	1566.400
887	1567.000
917	1567.300
947	1567.500
807	1567.900
957	1568.600
977	1568.600
987	1568.600
827	1569.000
837	1570.100
907	1570.200
927	1570.400
847	1570.700
897	1570.700
857	1570.900
997	1571.600
817	1573.400
937	1573.500
867	1573.600
877	1574.300
967	1574.500
917	1574.600
887	1574.900
947	1575.000
807	1576.300
957	1576.600
977	1576.600
827	1576.800
987	1576.900
907	1577.700
837	1578.200
847	1578.300
897	1578.700
857	1578.800
927	1578.900
997	1579.800
817	1581.000
867	1581.200
937	1581.200
877	1581.700
917	1582.100
887	1582.700
947	1582.800
967	1583.500
807	1584.100
977	1585.200
827	1585.300
957	1585.300
987	1586.200
907	1586.400
837	1586.500
857	1587.600
897	1587.800
847	1588.100
927	1588.700
997	1589.600
817	1590.300
877	1590.600
867	1590.800
917	1591.300
937	1591.400
887	1591.500
947	1591.600
807	1592.900
957	1593.000
967	1593.400
827	1593.700
977	1593.900
907	1595.000
837	1595.100
987	1595.100
897	1596.400
847	1596.600
857	1597.300
927	1597.800
997	1598.900
817	1599.100
867	1599.700
947	1600.300
887	1600.400
937	1600.400
917	1600.500
957	1601.800
877	1602.200
807	1602.600
967	1602.800
827	1603.100
977	1603.100
837	1603.500
907	1603.600
897	1604.400
987	1604.600
847	1605.200
927	1605.500
857	1606.100
997	1606.600
817	1607.300
867	1607.800
917	1609.200
937	1609.200
887	1610.100
947	1610.100
827	1611.400
957	1611.400
877	1611.600
807	1611.700
967	1611.900
977	1612.100
837	1612.400
987	1613.400
907	1613.500
847	1614.200
897	1614.500
927	1614.800
817	1615.400
857	1615.900
997	1616.000
867	1616.600
937	1617.600
917	1617.700
887	1618.400
947	1619.100
807	1619.500
957	1620.100
827	1620.200
837	1620.400
967	1620.400
977	1620.400
877	1621.000
847	1622.000
987	1622.100
907	1622.800
897	1623.500
817	1623.800
927	1623.800
857	1624.800
867	1625.000
997	1625.100
937	1626.100
887	1626.300
917	1626.800
807	1627.200
957	1627.500
837	1628.100
947	1628.200
827	1628.500
977	1628.700
877	1629.500
987	1629.700
967	1629.900
847	1630.000
907	1631.400
817	1631.900
897	1632.000
927	1632.000
857	1632.400
867	1632.700
997	1633.400
887	1633.600
937	1634.200
807	1634.600
957	1635.300
827	1635.800
917	1635.800
837	1635.900
977	1636.600
947	1636.700
987	1637.200
967	1637.700
877	1637.900
847	1638.300
817	1638.900
907	1638.900
927	1639.300
857	1639.700
867	1639.700
897	1640.400
997	1640.600
887	1640.700
937	1641.400
807	1641.600
827	1643.100
957	1643.200
917	1643.400
837	1643.600
947	1643.900
977	1644.200
987	1644.500
967	1644.800
877	1645.100
817	1645.800
847	1646.000
907	1646.300
927	1646.300
857	1646.800
867	1646.800
897	1647.800
887	1647.900
997	1648.000
937	1648.300
807	1648.600
827	1649.700
917	1650.200
957	1650.500
837	1650.700
947	1650.700
977	1651.400
987	1651.800
877	1652.100
967	1652.100
817	1652.600
907	1652.800
847	1652.900
927	1652.900
857	1653.600
867	1654.200
897	1655.000
887	1655.100
997	1655.200
807	1655.400
937	1655.500
827	1656.600
917	1656.900
957	1657.200
947	1657.400
837	1657.600
977	1658.400
877	1658.800
967	1659.000
987	1659.000
817	1659.200
927	1659.600
907	1659.700
847	1659.900
857	1660.500
867	1661.100
897	1661.800
997	1661.900
887	1662.100
807	1662.200
937	1662.500
917	1663.500
827	1663.600
957	1663.800
837	1664.100
947	1664.400
977	1665.300
967	1665.500
877	1665.600
987	1665.800
927	1666.100
817	1666.200
907	1666.500
847	1666.600
857	1667.500
867	1667.800
897	1668.400
997	1668.500
807	1668.700
887	1668.800
937	1669.000
827	1670.100
917	1670.100
957	1670.200
837	1670.700
947	1670.900
977	1671.800
967	1672.000
877	1672.300
987	1672.400
927	1672.500
817	1672.800
847	1672.900
907	1673.200
857	1674.200
867	1674.300
897	1674.900
807	1675.100
887	1675.100
997	1675.200
937	1675.600
827	1676.600
917	1676.700
957	1676.800
837	1677.200
947	1677.300
977	1678.200
967	1678.400
927	1678.700
877	1678.800
817	1679.100
847	1679.100
987	1679.100
907	1679.800
857	1680.400
867	1680.700
897	1681.200
887	1681.400
807	1681.500
997	1681.600
937	1682.200
827	1683.100
917	1683.100
957	1683.200
837	1683.600
947	1683.600
977	1684.500
927	1685.000
967	1685.000
877	1685.100
847	1685.400
817	1685.500
987	1685.700
907	1686.200
857	1686.700
867	1687.000
897	1687.500
887	1687.700
997	1687.700
807	1687.900
937	1688.800
827	1689.400
917	1689.500
957	1689.600
837	1689.900
947	1689.900
977	1691.000
967	1691.300
877	1691.500
927	1691.600
847	1691.700
817	1691.900
987	1692.100
907	1692.500
857	1693.100
867	1693.400
897	1693.800
997	1693.900
887	1694.000
807	1694.500
937	1695.200
827	1695.500
917	1695.900
957	1695.900
837	1696.200
947	1696.300
977	1697.400
967	1697.700
877	1697.900
927	1698.000
847	1698.100
817	1698.300
987	1698.400
907	1698.900
857	1699.500
867	1699.500
897	1700.000
997	1700.100
887	1700.400
807	1700.800
937	1701.600
827	1701.700
917	1702.100
957	1702.300
837	1702.600
947	1702.700
977	1703.600
877	1704.100
967	1704.100
817	1704.500
847	1704.500
927	1704.500
987	1704.600
907	1705.200
857	1705.700
867	1705.800
897	1706.300
997	1706.400
887	1706.700
807	1706.900
827	1707.900
937	1708.000
917	1708.300
957	1708.400
947	1708.900
837	1709.000
977	1709.800
877	1710.300
967	1710.400
817	1710.800
927	1710.800
847	1710.900
987	1710.900
907	1711.500
857	1711.900
867	1712.000
897	1712.400
997	1712.700
887	1713.000
807	1713.200
827	1714.200
937	1714.200
957	1714.500
917	1714.600
947	1715.200
837	1715.300
977	1715.900
877	1716.400
967	1716.500
927	1717.100
817	1717.200
987	1717.200
847	1717.300
907	1717.700
857	1717.900
867	1718.200
897	1718.600
997	1718.900
887	1719.200
807	1719.500
937	1720.300
827	1720.600
917	1720.700
957	1720.800
947	1721.400
837	1721.500
977	1722.100
877	1722.500
967	1722.600
847	1723.300
927	1723.300
987	1723.300
817	1723.400
907	1723.900
857	1724.100
867	1724.400
897	1724.800
997	1725.100
887	1725.500
807	1725.800
937	1726.500
827	1726.700
917	1726.700
957	1727.000
837	1727.600
947	1727.700
977	1728.300
877	1728.600
967	1728.700
847	1729.300
927	1729.300
987	1729.400
817	1729.600
907	1730.200
857	1730.300
867	1730.700
897	1731.100
997	1731.300
887	1731.700
807	1731.900
937	1732.600
827	1732.700
917	1732.700
957	1733.300
837	1733.700
947	1734.000
977	1734.400
967	1734.700
877	1735.000
847	1735.300
927	1735.300
987	1735.400
817	1735.700
907	1736.300
857	1736.700
867	1736.900
897	1737.200
997	1737.500
887	1737.800
807	1738.100
937	1738.700
827	1738.800
917	1738.800
957	1739.200
837	1739.800
947	1740.200
977	1740.400
967	1740.900
877	1741.300
927	1741.400
847	1741.500
987	1741.500
817	1741.700
907	1742.500
857	1742.800
867	1743.100
897	1743.300
997	1743.600
887	1743.800
807	1744.300
937	1744.700
917	1744.800
827	1744.900
957	1745.300
837	1745.800
947	1746.300
977	1746.400
967	1747.100
877	1747.400
927	1747.400
987	1747.600
817	1747.700
847	1747.800
907	1748.600
857	1748.800
867	1749.300
897	1749.400
997	1749.500
887	1749.800
807	1750.300
937	1750.700
917	1750.800
827	1750.900
957	1751.500
837	1751.900
947	1752.500
977	1752.600
967	1753.200
927	1753.300
877	1753.400
817	1753.700
987	1753.700
847	1754.000
907	1754.600
857	1754.900
997	1755.400
867	1755.500
897	1755.600
887	1755.900
807	1756.400
937	1756.700
917	1756.800
827	1757.000
957	1757.700
837	1758.000
947	1758.600
977	1758.800
927	1759.200
967	1759.300
877	1759.500
817	1759.700
987	1759.800
847	1760.300
907	1760.700
857	1761.000
997	1761.400
867	1761.600
897	1761.600
887	1762.300
807	1762.700
917	1762.700
937	1762.700
827	1763.100
957	1763.600
837	1764.000
947	1764.700
977	1764.900
927	1765.300
967	1765.400
877	1765.500
817	1765.700
987	1766.000
847	1766.500
907	1766.700
857	1767.100
997	1767.400
897	1767.500
867	1767.600
887	1768.500
917	1768.700
937	1768.700
807	1768.800
827	1769.200
957	1769.600
837	1770.100
947	1770.800
977	1770.900
927	1771.300
967	1771.400
877	1771.500
817	1771.600
987	1772.100
847	1772.700
907	1772.800
857	1773.200
897	1773.500
867	1773.600
997	1773.600
887	1774.500
917	1774.700
937	1774.800
807	1774.900
827	1775.400
957	1775.600
837	1776.200
947	1776.700
977	1776.900
927	1777.300
877	1777.400
967	1777.400
817	1777.500
987	1778.100
847	1778.900
907	1779.000
857	1779.300
897	1779.500
867	1779.600
997	1779.800
887	1780.600
917	1780.800
937	1780.800
807	1781.100
827	1781.600
957	1781.700
837	1782.400
947	1782.600
977	1782.800
927	1783.300
877	1783.400
967	1783.400
817	1783.500
987	1784.100
847	1784.900
907	1785.000
857	1785.300
867	1785.500
897	1785.500
997	1785.900
887	1786.800
937	1786.800
917	1787.000
807	1787.500
827	1787.600
957	1787.900
837	1788.500
947	1788.600
977	1788.800
817	1789.400
877	1789.400
927	1789.500
967	1789.500
987	1790.100
847	1791.000
907	1791.100
857	1791.400
867	1791.400
897	1791.500
997	1791.900
937	1792.800
887	1792.900
917	1793.200
807	1793.600
827	1793.800
957	1794.100
837	1794.700
947	1794.700
977	1794.900
817	1795.400
877	1795.500
967	1795.500
927	1795.700
987	1796.200
847	1797.000
907	1797.200
857	1797.400
897	1797.400
867	1797.500
997	1797.900
887	1798.900
937	1798.900
917	1799.300
807	1799.800
827	1799.900
957	1800.100
837	1800.700
947	1800.800
977	1800.900
817	1801.500
967	1801.500
877	1801.600
927	1801.800
987	1802.300
847	1803.000
907	1803.100
857	1803.400
897	1803.400
867	1803.500
997	1803.900
937	1804.900
887	1805.000
917	1805.300
807	1806.000
827	1806.000
957	1806.200
837	1806.700
977	1806.800
947	1807.000
817	1807.500
967	1807.600
877	1807.800
927	1808.000
987	1808.500
847	1809.200
907	1809.200
897	1809.300
857	1809.500
867	1809.600
997	1809.900
937	1811.000
887	1811.200
917	1811.500
807	1812.100
827	1812.100
957	1812.200
837	1812.700
977	1812.800
947	1813.200
817	1813.500
967	1813.700
877	1813.800
927	1814.100
987	1814.600
847	1815.200
897	1815.300
907	1815.500
857	1815.700
867	1815.800
997	1816.000
937	1817.100
887	1817.300
917	1817.800
807	1818.100
827	1818.200
957	1818.300
837	1818.700
977	1818.900
947	1819.500
817	1819.600
967	1819.700
877	1819.800
927	1820.200
987	1820.600
847	1821.300
897	1821.400
907	1821.800
857	1821.900
867	1821.900
997	1822.200
937	1823.100
887	1823.400
917	1823.900
807	1824.100
827	1824.300
957	1824.300
837	1824.800
977	1824.900
817	1825.600
947	1825.600
877	1825.700
967	1825.700
927	1826.300
987	1826.800
897	1827.300
847	1827.500
907	1827.900
857	1828.000
867	1828.000
997	1828.400
937	1829.400
887	1829.500
917	1829.900
807	1830.200
827	1830.400
957	1830.400
837	1830.900
977	1830.900
817	1831.600
947	1831.600
877	1831.800
967	1831.800
927	1832.500
987	1832.900
897	1833.400
847	1833.600
857	1834.000
907	1834.000
867	1834.100
997	1834.500
937	1835.500
887	1835.600
917	1836.000
807	1836.300
957	1836.500
827	1836.600
977	1837.000
837	1837.100
817	1837.600
947	1837.600
967	1837.800
877	1837.900
927	1838.700
987	1838.900
897	1839.400
847	1839.600
857	1840.100
907	1840.200
867	1840.300
997	1840.600
937	1841.600
887	1841.700
917	1842.200
807	1842.600
957	1842.600
827	1842.800
977	1843.100
837	1843.300
947	1843.500
817	1843.600
877	1843.900
967	1843.900
927	1844.700
987	1844.800
897	1845.400
847	1845.700
857	1846.200
907	1846.400
867	1846.500
997	1846.600
937	1847.600
887	1847.800
917	1848.400
957	1848.700
807	1848.800
827	1849.000
977	1849.300
947	1849.500
817	1849.600
837	1849.600
877	1850.000
967	1850.100
927	1850.700
987	1850.800
897	1851.400
847	1851.700
857	1852.300
907	1852.500
867	1852.600
997	1852.700
937	1853.700
887	1853.800
917	1854.400
957	1854.800
807	1854.900
827	1855.000
977	1855.400
947	1855.600
817	1855.700
837	1855.800
877	1856.200
967	1856.200
927	1856.900
987	1857.200
897	1857.600
847	1857.700
857	1858.300
867	1858.600
907	1858.600
997	1858.800
937	1859.700
887	1859.800
917	1860.400
957	1860.700
807	1861.000
827	1861.200
977	1861.500
817	1861.900
947	1861.900
837	1862.000
967	1862.300
877	1862.400
927	1863.000
987	1863.400
897	1863.700
847	1863.900
857	1864.300
907	1864.600
867	1864.800
997	1864.900
937	1865.700
887	1865.800
917	1866.500
957	1866.700
807	1867.100
827	1867.300
977	1867.700
837	1868.100
947	1868.100
817	1868.200
967	1868.300
877	1868.600
927	1869.000
987	1869.400
897	1869.800
847	1870.200
857	1870.300
907	1870.600
867	1871.000
997	1871.000
937	1871.700
887	1871.900
917	1872.600
957	1872.800
807	1873.100
827	1873.400
977	1873.700
837	1874.200
817	1874.300
947	1874.400
967	1874.400
877	1874.900
927	1875.000
987	1875.400
897	1875.900
847	1876.300
857	1876.400
907	1876.800
867	1877.300
997	1877.300
937	1877.800
887	1878.000
917	1878.700
957	1878.900
807	1879.100
827	1879.300
977	1879.700
817	1880.400
837	1880.400
947	1880.400
967	1880.600
877	1881.000
927	1881.200
987	1881.300
897	1882.000
847	1882.500
857	1882.600
907	1883.000
997	1883.500
867	1883.600
937	1883.900
887	1884.200
917	1884.900
957	1885.000
807	1885.100
827	1885.400
977	1885.800
817	1886.400
947	1886.400
837	1886.600
967	1886.700
877	1886.900
927	1887.300
987	1887.300
897	1888.300
847	1888.800
857	1888.800
907	1889.300
997	1889.700
867	1889.900
937	1890.200
887	1890.400
917	1891.000
957	1891.100
807	1891.200
827	1891.400
977	1891.900
817	1892.400
947	1892.400
837	1892.600
877	1892.800
967	1892.900
987	1893.300
927	1893.500
897	1894.500
847	1895.000
857	1895.000
907	1895.400
997	1895.900
867	1896.100
937	1896.300
887	1896.500
807	1897.200
917	1897.300
957	1897.300
827	1897.800
977	1898.100
817	1898.500
947	1898.500
837	1898.700
877	1898.700
967	1899.000
987	1899.300
927	1899.600
897	1900.600
857	1901.000
847	1901.100
907	1901.400
997	1902.000
867	1902.100
937	1902.400
887	1902.600
807	1903.200
917	1903.500
957	1903.500
827	1904.000
977	1904.200
817	1904.600
947	1904.600
877	1904.800
837	1904.900
967	1905.100
987	1905.300
927	1905.600
897	1906.600
857	1906.900
847	1907.100
907	1907.200
997	1907.900
867	1908.100
937	1908.500
887	1908.600
807	1909.300
957	1909.500
917	1909.600
827	1910.100
977	1910.100
817	1910.700
947	1910.700
877	1910.900
837	1911.000
967	1911.100
987	1911.300
927	1911.500
897	1912.500
857	1912.800
907	1913.000
847	1913.100
997	1913.700
867	1913.900
937	1914.400
887	1914.500
807	1915.200
917	1915.500
957	1915.500
827	1916.000
977	1916.100
817	1916.600
947	1916.700
877	1916.800
967	1917.000
837	1917.100
987	1917.200
927	1917.400
897	1918.300
857	1918.600
907	1918.800
847	1918.900
997	1919.500
867	1919.700
937	1920.200
887	1920.400
807	1921.100
917	1921.400
957	1921.400
827	1921.800
977	1922.000
817	1922.500
947	1922.600
877	1922.700
967	1922.900
837	1923.100
987	1923.200
927	1923.300
897	1924.100
857	1924.500
907	1924.600
847	1924.800
997	1925.300
867	1925.400
937	1925.900
887	1926.200
807	1926.800
917	1927.100
957	1927.200
827	1927.600
977	1927.800
817	1928.300
947	1928.400
877	1928.500
967	1928.700
837	1929.000
927	1929.100
987	1929.100
897	1929.900
857	1930.400
907	1930.400
847	1930.700
997	1931.100
867	1931.200
937	1931.600
887	1931.900
807	1932.500
917	1932.800
957	1932.900
827	1933.200
977	1933.500
817	1934.100
877	1934.200
947	1934.200
967	1934.400
927	1934.800
837	1934.900
987	1934.900
897	1935.700
907	1936.100
857	1936.200
847	1936.500
867	1936.900
997	1936.900
937	1937.300
887	1937.600
807	1938.100
917	1938.400
957	1938.600
827	1938.800
977	1939.200
817	1939.800
877	1939.900
947	1939.900
967	1940.100
927	1940.400
837	1940.700
987	1940.700
897	1941.400
907	1941.700
857	1941.900
847	1942.200
867	1942.500
997	1942.600
937	1943.000
887	1943.200
807	1943.700
917	1944.000
957	1944.200
827	1944.400
977	1944.800
817	1945.400
877	1945.500
947	1945.500
967	1945.700
927	1946.000
987	1946.300
837	1946.400
897	1947.000
907	1947.300
857	1947.600
847	1947.800
867	1948.200
997	1948.200
937	1948.600
887	1948.800
807	1949.200
917	1949.500
957	1949.800
827	1950.000
977	1950.400
817	1951.000
877	1951.100
947	1951.100
967	1951.300
927	1951.500
837	1952.000
987	1952.000
897	1952.600
907	1952.900
857	1953.300
847	1953.400
867	1953.800
997	1953.800
937	1954.200
887	1954.400
807	1954.800
917	1955.000
957	1955.400
827	1955.500
977	1955.900
817	1956.500
877	1956.700
947	1956.700
967	1956.900
927	1957.000
837	1957.600
987	1957.600
897	1958.200
907	1958.400
857	1958.900
847	1959.000
867	1959.400
997	1959.400
937	1959.800
887	1960.000
807	1960.400
917	1960.500
827	1961.000
957	1961.000
977	1961.400
817	1962.000
877	1962.200
947	1962.200
967	1962.400
927	1962.500
837	1963.200
987	1963.200
897	1963.700
907	1963.900
847	1964.500
857	1964.500
867	1965.000
997	1965.000
937	1965.400
887	1965.600
807	1965.900
917	1966.000
827	1966.500
957	1966.500
977	1966.900
817	1967.500
877	1967.700
947	1967.700
967	1967.900
927	1968.000
837	1968.700
987	1968.700
897	1969.200
907	1969.400
847	1970.000
857	1970.100
867	1970.500
997	1970.600
937	1971.000
887	1971.200
807	1971.400
917	1971.500
827	1972.000
957	1972.000
977	1972.400
817	1973.000
877	1973.200
947	1973.200
967	1973.400
927	1973.500
837	1974.200
987	1974.200
897	1974.700
907	1974.900
847	1975.600
857	1975.600
867	1976.000
997	1976.100
937	1976.600
887	1976.700
807	1976.900
917	1977.000
827	1977.500
957	1977.500
977	1978.000
817	1978.500
877	1978.700
947	1978.700
967	1978.900
927	1979.000
837	1979.700
987	1979.700
897	1980.200
907	1980.400
847	1981.100
857	1981.100
867	1981.500
997	1981.600
887	1982.200
937	1982.200
807	1982.400
917	1982.500
827	1983.000
957	1983.000
977	1983.600
817	1984.000
877	1984.200
947	1984.200
967	1984.400
927	1984.500
837	1985.200
987	1985.200
897	1985.700
907	1985.900
847	1986.600
857	1986.600
867	1987.000
997	1987.100
887	1987.700
937	1987.800
807	1987.900
917	1988.000
827	1988.500
957	1988.500
977	1989.200
817	1989.500
947	1989.700
877	1989.800
967	1989.900
927	1990.000
837	1990.700
987	1990.700
897	1991.200
907	1991.400
847	1992.100
857	1992.100
867	1992.500
997	1992.600
887	1993.200
937	1993.300
807	1993.400
917	1993.500
827	1994.000
957	1994.000
977	1994.700
817	1995.000
947	1995.200
877	1995.300
967	1995.400
927	1995.500
837	1996.200
987	1996.200
897	1996.700
907	1996.900
847	1997.600
857	1997.600
867	1998.000
997	1998.100
887	1998.700
937	1998.800
807	1998.900
917	1999.000
827	1999.500
957	1999.500
