# NEST version: UNKNOWN
# RecordingBackendASCII version: 2
sender	time_ms	w
7	1.000	11.098
7	2.000	11.076
7	3.000	11.054
7	4.000	11.032
7	5.000	11.010
7	6.000	10.988
7	7.000	10.966
7	8.000	10.944
7	9.000	10.922
7	10.000	10.900
7	11.000	10.879
7	12.000	10.857
7	13.000	10.835
7	14.000	10.814
7	15.000	10.792
7	16.000	10.770
7	17.000	10.749
7	18.000	10.727
7	19.000	10.706
7	20.000	10.685
7	21.000	10.663
7	22.000	10.642
7	23.000	10.621
7	24.000	10.599
7	25.000	10.578
7	26.000	10.557
7	27.000	10.536
7	28.000	10.515
7	29.000	10.494
7	30.000	10.473
7	31.000	10.452
7	32.000	10.431
7	33.000	10.410
7	34.000	10.390
7	35.000	10.369
7	36.000	10.348
7	37.000	10.327
7	38.000	10.307
7	39.000	10.286
7	40.000	10.266
7	41.000	10.245
7	42.000	10.225
7	43.000	10.204
7	44.000	10.184
7	45.000	10.164
7	46.000	10.143
7	47.000	10.123
7	48.000	10.103
7	49.000	10.083
7	50.000	10.062
7	51.000	10.042
7	52.000	10.022
7	53.000	10.002
7	54.000	9.982
7	55.000	9.962
7	56.000	9.942
7	57.000	9.922
7	58.000	9.903
7	59.000	9.883
7	60.000	9.863
7	61.000	9.843
7	62.000	9.824
7	63.000	9.804
7	64.000	9.785
7	65.000	9.765
7	66.000	9.745
7	67.000	9.726
7	68.000	9.707
7	69.000	9.687
7	70.000	9.668
7	71.000	9.649
7	72.000	9.629
7	73.000	9.610
7	74.000	9.591
7	75.000	9.572
7	76.000	9.553
7	77.000	9.533
7	78.000	9.514
7	79.000	9.495
7	80.000	9.476
7	81.000	9.457
7	82.000	9.439
7	83.000	9.420
7	84.000	9.401
7	85.000	9.382
7	86.000	9.363
7	87.000	9.345
7	88.000	9.326
7	89.000	9.307
7	90.000	9.289
7	91.000	9.270
7	92.000	9.252
7	93.000	9.233
7	94.000	9.215
7	95.000	9.196
7	96.000	9.178
7	97.000	9.160
7	98.000	9.141
7	99.000	9.123
7	100.000	9.105
7	101.000	9.087
7	102.000	9.068
7	103.000	9.050
7	104.000	9.032
7	105.000	9.014
7	106.000	8.996
7	107.000	8.978
7	108.000	8.960
7	109.000	8.942
7	110.000	8.925
7	111.000	8.907
7	112.000	8.889
7	113.000	8.871
7	114.000	8.853
7	115.000	8.836
7	116.000	8.818
7	117.000	8.800
7	118.000	8.783
7	119.000	8.765
7	120.000	8.748
7	121.000	8.730
7	122.000	8.713
7	123.000	8.695
7	124.000	8.678
7	125.000	8.661
7	126.000	8.643
7	127.000	8.626
7	128.000	8.609
7	129.000	8.592
7	130.000	8.575
7	131.000	8.557
7	132.000	8.540
7	133.000	8.523
7	134.000	8.506
7	135.000	8.489
7	136.000	8.472
7	137.000	8.455
7	138.000	8.438
7	139.000	8.422
7	140.000	8.405
7	141.000	8.388
7	142.000	8.371
7	143.000	8.355
7	144.000	8.338
7	145.000	8.321
7	146.000	8.305
7	147.000	8.288
7	148.000	8.271
7	149.000	8.255
7	150.000	8.238
7	151.000	8.222
7	152.000	8.205
7	153.000	8.189
7	154.000	8.173
7	155.000	8.156
7	156.000	8.140
7	157.000	8.124
7	158.000	8.108
7	159.000	8.091
7	160.000	8.075
7	161.000	8.059
7	162.000	8.043
7	163.000	8.027
7	164.000	8.011
7	165.000	7.995
7	166.000	7.979
7	167.000	7.963
7	168.000	7.947
7	169.000	7.931
7	170.000	7.915
7	171.000	7.900
7	172.000	7.884
7	173.000	7.868
7	174.000	7.852
7	175.000	7.837
7	176.000	7.821
7	177.000	7.805
7	178.000	7.790
7	179.000	7.774
7	180.000	7.759
7	181.000	7.743
7	182.000	7.728
7	183.000	7.712
7	184.000	7.697
7	185.000	7.681
7	186.000	7.666
7	187.000	7.651
7	188.000	7.635
7	189.000	7.620
7	190.000	7.605
7	191.000	7.590
7	192.000	7.575
7	193.000	7.559
7	194.000	7.544
7	195.000	7.529
7	196.000	7.514
7	197.000	7.499
7	198.000	7.484
7	199.000	7.469
7	200.000	7.454
7	201.000	7.440
7	202.000	7.425
7	203.000	7.410
7	204.000	7.395
7	205.000	7.380
7	206.000	7.365
7	207.000	7.351
7	208.000	7.336
7	209.000	7.321
7	210.000	7.307
7	211.000	7.292
7	212.000	7.278
7	213.000	7.263
7	214.000	7.249
7	215.000	7.234
7	216.000	7.220
7	217.000	7.205
7	218.000	7.191
7	219.000	7.176
7	220.000	7.162
7	221.000	7.148
7	222.000	7.134
7	223.000	7.119
7	224.000	7.105
7	225.000	7.091
7	226.000	7.077
7	227.000	7.063
7	228.000	7.048
7	229.000	7.034
7	230.000	7.020
7	231.000	7.006
7	232.000	6.992
7	233.000	6.978
7	234.000	6.964
7	235.000	6.950
7	236.000	6.937
7	237.000	6.923
7	238.000	6.909
7	239.000	6.895
7	240.000	6.881
7	241.000	6.868
7	242.000	6.854
7	243.000	6.840
7	244.000	6.826
7	245.000	6.813
7	246.000	6.799
7	247.000	6.786
7	248.000	6.772
7	249.000	6.759
7	250.000	6.745
7	251.000	6.732
7	252.000	6.718
7	253.000	6.705
7	254.000	6.691
7	255.000	6.678
7	256.000	6.665
7	257.000	6.651
7	258.000	6.638
7	259.000	6.625
7	260.000	6.611
7	261.000	6.598
7	262.000	6.585
7	263.000	6.572
7	264.000	6.559
7	265.000	6.546
7	266.000	6.533
7	267.000	6.520
7	268.000	6.507
7	269.000	6.494
7	270.000	6.481
7	271.000	6.468
7	272.000	6.455
7	273.000	6.442
7	274.000	6.429
7	275.000	6.416
7	276.000	6.403
7	277.000	6.390
7	278.000	6.378
7	279.000	6.365
7	280.000	6.352
7	281.000	6.340
7	282.000	6.327
7	283.000	6.314
7	284.000	6.302
7	285.000	6.289
7	286.000	6.276
7	287.000	6.264
7	288.000	6.251
7	289.000	6.239
7	290.000	6.226
7	291.000	6.214
7	292.000	6.202
7	293.000	6.189
7	294.000	6.177
7	295.000	6.164
7	296.000	6.152
7	297.000	6.140
7	298.000	6.128
7	299.000	6.115
7	300.000	6.103
7	301.000	6.091
7	302.000	6.079
7	303.000	6.067
7	304.000	6.055
7	305.000	6.042
7	306.000	6.030
7	307.000	6.018
7	308.000	6.006
7	309.000	5.994
7	310.000	5.982
7	311.000	5.970
7	312.000	5.958
7	313.000	5.947
7	314.000	5.935
7	315.000	5.923
7	316.000	5.911
7	317.000	5.899
7	318.000	5.887
7	319.000	5.876
7	320.000	5.864
7	321.000	5.852
7	322.000	5.840
7	323.000	5.829
7	324.000	5.817
7	325.000	5.805
7	326.000	5.794
7	327.000	5.782
7	328.000	5.771
7	329.000	5.759
7	330.000	5.748
7	331.000	5.736
7	332.000	5.725
7	333.000	5.713
7	334.000	5.702
7	335.000	5.691
7	336.000	5.679
7	337.000	5.668
7	338.000	5.656
7	339.000	5.645
7	340.000	5.634
7	341.000	5.623
7	342.000	5.611
7	343.000	5.600
7	344.000	5.589
7	345.000	5.578
7	346.000	5.567
7	347.000	5.556
7	348.000	5.544
7	349.000	5.533
7	350.000	5.522
7	351.000	5.511
7	352.000	5.500
7	353.000	5.489
7	354.000	5.478
7	355.000	5.467
7	356.000	5.456
7	357.000	5.446
7	358.000	5.435
7	359.000	5.424
7	360.000	5.413
7	361.000	5.402
7	362.000	5.391
7	363.000	5.381
7	364.000	5.370
7	365.000	5.359
7	366.000	5.348
7	367.000	5.338
7	368.000	5.327
7	369.000	5.316
7	370.000	5.306
7	371.000	5.295
7	372.000	5.285
7	373.000	5.274
7	374.000	5.264
7	375.000	5.253
7	376.000	5.243
7	377.000	5.232
7	378.000	5.222
7	379.000	5.211
7	380.000	5.201
7	381.000	5.190
7	382.000	5.180
7	383.000	5.170
7	384.000	5.159
7	385.000	5.149
7	386.000	5.139
7	387.000	5.128
7	388.000	5.118
7	389.000	5.108
7	390.000	5.098
7	391.000	5.088
7	392.000	5.077
7	393.000	5.067
7	394.000	5.057
7	395.000	5.047
7	396.000	5.037
7	397.000	5.027
7	398.000	5.017
7	399.000	5.007
7	400.000	4.997
7	401.000	4.987
7	402.000	4.977
7	403.000	4.967
7	404.000	4.957
7	405.000	4.947
7	406.000	4.937
7	407.000	4.927
7	408.000	4.918
7	409.000	4.908
7	410.000	4.898
7	411.000	4.888
7	412.000	4.878
7	413.000	4.869
7	414.000	4.859
7	415.000	4.849
7	416.000	4.839
7	417.000	4.830
7	418.000	4.820
7	419.000	4.811
7	420.000	4.801
7	421.000	4.791
7	422.000	4.782
7	423.000	4.772
7	424.000	4.763
7	425.000	4.753
7	426.000	4.744
7	427.000	4.734
7	428.000	4.725
7	429.000	4.715
7	430.000	4.706
7	431.000	4.696
7	432.000	4.687
7	433.000	4.678
7	434.000	4.668
7	435.000	4.659
7	436.000	4.650
7	437.000	4.640
7	438.000	4.631
7	439.000	4.622
7	440.000	4.613
7	441.000	4.603
7	442.000	4.594
7	443.000	4.585
7	444.000	4.576
7	445.000	4.567
7	446.000	4.558
7	447.000	4.549
7	448.000	4.539
7	449.000	4.530
7	450.000	4.521
7	451.000	4.512
7	452.000	4.503
7	453.000	4.494
7	454.000	4.485
7	455.000	4.476
7	456.000	4.467
7	457.000	4.458
7	458.000	4.450
7	459.000	4.441
7	460.000	4.432
7	461.000	4.423
7	462.000	4.414
7	463.000	4.405
7	464.000	4.396
7	465.000	4.388
7	466.000	4.379
7	467.000	4.370
7	468.000	4.361
7	469.000	4.353
7	470.000	4.344
7	471.000	4.335
7	472.000	4.327
7	473.000	4.318
7	474.000	4.309
7	475.000	4.301
7	476.000	4.292
7	477.000	4.284
7	478.000	4.275
7	479.000	4.267
7	480.000	4.258
7	481.000	4.250
7	482.000	4.241
7	483.000	4.233
7	484.000	4.224
7	485.000	4.216
7	486.000	4.207
7	487.000	4.199
7	488.000	4.190
7	489.000	4.182
7	490.000	4.174
7	491.000	4.165
7	492.000	4.157
7	493.000	4.149
7	494.000	4.140
7	495.000	4.132
7	496.000	4.124
7	497.000	4.116
7	498.000	4.107
7	499.000	4.099
7	500.000	4.091
7	501.000	4.083
7	502.000	4.075
7	503.000	4.067
7	504.000	4.058
7	505.000	4.050
7	506.000	4.042
7	507.000	4.034
7	508.000	4.026
7	509.000	4.018
7	510.000	4.010
7	511.000	4.002
7	512.000	3.994
7	513.000	3.986
7	514.000	3.978
7	515.000	3.970
7	516.000	3.962
7	517.000	3.954
7	518.000	3.946
7	519.000	3.939
7	520.000	3.931
7	521.000	3.923
7	522.000	3.915
7	523.000	3.907
7	524.000	3.899
7	525.000	3.892
7	526.000	3.884
7	527.000	3.876
7	528.000	3.868
7	529.000	3.861
7	530.000	3.853
7	531.000	3.845
7	532.000	3.837
7	533.000	3.830
7	534.000	3.822
7	535.000	3.814
7	536.000	3.807
7	537.000	3.799
7	538.000	3.792
7	539.000	3.784
7	540.000	3.777
7	541.000	3.769
7	542.000	3.761
7	543.000	3.754
7	544.000	3.746
7	545.000	3.739
7	546.000	3.731
7	547.000	3.724
7	548.000	3.717
7	549.000	3.709
7	550.000	3.702
7	551.000	3.694
7	552.000	3.687
7	553.000	3.680
7	554.000	3.672
7	555.000	3.665
7	556.000	3.658
7	557.000	3.650
7	558.000	3.643
7	559.000	3.636
7	560.000	3.628
7	561.000	3.621
7	562.000	3.614
7	563.000	3.607
7	564.000	3.600
7	565.000	3.592
7	566.000	3.585
7	567.000	3.578
7	568.000	3.571
7	569.000	3.564
7	570.000	3.557
7	571.000	3.549
7	572.000	3.542
7	573.000	3.535
7	574.000	3.528
7	575.000	3.521
7	576.000	3.514
7	577.000	3.507
7	578.000	3.500
7	579.000	3.493
7	580.000	3.486
7	581.000	3.479
7	582.000	3.472
7	583.000	3.465
7	584.000	3.458
7	585.000	3.451
7	586.000	3.445
7	587.000	3.438
7	588.000	3.431
7	589.000	3.424
7	590.000	3.417
7	591.000	3.410
7	592.000	3.403
7	593.000	3.397
7	594.000	3.390
7	595.000	3.383
7	596.000	3.376
7	597.000	3.370
7	598.000	3.363
7	599.000	3.356
7	600.000	3.349
7	601.000	3.343
7	602.000	3.336
7	603.000	3.329
7	604.000	3.323
7	605.000	3.316
7	606.000	3.310
7	607.000	3.303
7	608.000	3.296
7	609.000	3.290
7	610.000	3.283
7	611.000	3.277
7	612.000	3.270
7	613.000	3.264
7	614.000	3.257
7	615.000	3.250
7	616.000	3.244
7	617.000	3.238
7	618.000	3.231
7	619.000	3.225
7	620.000	3.218
7	621.000	3.212
7	622.000	3.205
7	623.000	3.199
7	624.000	3.192
7	625.000	3.186
7	626.000	3.180
7	627.000	3.173
7	628.000	3.167
7	629.000	3.161
7	630.000	3.154
7	631.000	3.148
7	632.000	3.142
7	633.000	3.136
7	634.000	3.129
7	635.000	3.123
7	636.000	3.117
7	637.000	3.111
7	638.000	3.104
7	639.000	3.098
7	640.000	3.092
7	641.000	3.086
7	642.000	3.080
7	643.000	3.073
7	644.000	3.067
7	645.000	3.061
7	646.000	3.055
7	647.000	3.049
7	648.000	3.043
7	649.000	3.037
7	650.000	3.031
7	651.000	3.025
7	652.000	3.019
7	653.000	3.013
7	654.000	3.007
7	655.000	3.001
7	656.000	2.995
7	657.000	2.989
7	658.000	2.983
7	659.000	2.977
7	660.000	2.971
7	661.000	2.965
7	662.000	2.959
7	663.000	2.953
7	664.000	2.947
7	665.000	2.941
7	666.000	2.935
7	667.000	2.929
7	668.000	2.924
7	669.000	2.918
7	670.000	2.912
7	671.000	2.906
7	672.000	2.900
7	673.000	2.894
7	674.000	2.889
7	675.000	2.883
7	676.000	2.877
7	677.000	2.871
7	678.000	2.866
7	679.000	2.860
7	680.000	2.854
7	681.000	2.849
7	682.000	2.843
7	683.000	2.837
7	684.000	2.831
7	685.000	2.826
7	686.000	2.820
7	687.000	2.815
7	688.000	2.809
7	689.000	2.803
7	690.000	2.798
7	691.000	2.792
7	692.000	2.787
7	693.000	2.781
7	694.000	2.775
7	695.000	2.770
7	696.000	2.764
7	697.000	2.759
7	698.000	2.753
7	699.000	2.748
7	700.000	2.742
7	701.000	2.737
7	702.000	2.731
7	703.000	2.726
7	704.000	2.720
7	705.000	2.715
7	706.000	2.710
7	707.000	2.704
7	708.000	2.699
7	709.000	2.693
7	710.000	2.688
7	711.000	2.683
7	712.000	2.677
7	713.000	2.672
7	714.000	2.667
7	715.000	2.661
7	716.000	2.656
7	717.000	2.651
7	718.000	2.645
7	719.000	2.640
7	720.000	2.635
7	721.000	2.630
7	722.000	2.624
7	723.000	2.619
7	724.000	2.614
7	725.000	2.609
7	726.000	2.603
7	727.000	2.598
7	728.000	2.593
7	729.000	2.588
7	730.000	2.583
7	731.000	2.577
7	732.000	2.572
7	733.000	2.567
7	734.000	2.562
7	735.000	2.557
7	736.000	2.552
7	737.000	2.547
7	738.000	2.542
7	739.000	2.537
7	740.000	2.531
7	741.000	2.526
7	742.000	2.521
7	743.000	2.516
7	744.000	2.511
7	745.000	2.506
7	746.000	2.501
7	747.000	2.496
7	748.000	2.491
7	749.000	2.486
7	750.000	2.481
7	751.000	2.476
7	752.000	2.471
7	753.000	2.467
7	754.000	2.462
7	755.000	2.457
7	756.000	2.452
7	757.000	2.447
7	758.000	2.442
7	759.000	2.437
7	760.000	2.432
7	761.000	2.427
7	762.000	2.423
7	763.000	2.418
7	764.000	2.413
7	765.000	2.408
7	766.000	2.403
7	767.000	2.398
7	768.000	2.394
7	769.000	2.389
7	770.000	2.384
7	771.000	2.379
7	772.000	2.375
7	773.000	2.370
7	774.000	2.365
7	775.000	2.360
7	776.000	2.356
7	777.000	2.351
7	778.000	2.346
7	779.000	2.342
7	780.000	2.337
7	781.000	2.332
7	782.000	2.328
7	783.000	2.323
7	784.000	2.318
7	785.000	2.314
7	786.000	2.309
7	787.000	2.304
7	788.000	2.300
7	789.000	2.295
7	790.000	2.291
7	791.000	2.286
7	792.000	2.281
7	793.000	2.277
7	794.000	2.272
7	795.000	2.268
7	796.000	2.263
7	797.000	2.259
7	798.000	2.254
7	799.000	2.250
7	800.000	2.245
7	801.000	2.241
7	802.000	2.236
7	803.000	2.232
7	804.000	2.227
7	805.000	2.223
7	806.000	2.218
7	807.000	2.214
7	808.000	2.210
7	809.000	2.205
7	810.000	2.201
7	811.000	2.196
7	812.000	2.192
7	813.000	2.188
7	814.000	2.183
7	815.000	2.179
7	816.000	2.175
7	817.000	2.170
7	818.000	2.166
7	819.000	2.162
7	820.000	2.157
7	821.000	2.153
7	822.000	2.149
7	823.000	2.144
7	824.000	2.140
7	825.000	2.136
7	826.000	2.131
7	827.000	2.127
7	828.000	2.123
7	829.000	2.119
7	830.000	2.114
7	831.000	2.110
7	832.000	2.106
7	833.000	2.102
7	834.000	2.098
7	835.000	2.093
7	836.000	2.089
7	837.000	2.085
7	838.000	2.081
7	839.000	2.077
7	840.000	2.073
7	841.000	2.068
7	842.000	2.064
7	843.000	2.060
7	844.000	2.056
7	845.000	2.052
7	846.000	2.048
7	847.000	2.044
7	848.000	2.040
7	849.000	2.036
7	850.000	2.032
7	851.000	2.028
7	852.000	2.023
7	853.000	2.019
7	854.000	2.015
7	855.000	2.011
7	856.000	2.007
7	857.000	2.003
7	858.000	1.999
7	859.000	1.995
7	860.000	1.991
7	861.000	1.987
7	862.000	1.983
7	863.000	1.979
7	864.000	1.975
7	865.000	1.972
7	866.000	1.968
7	867.000	1.964
7	868.000	1.960
7	869.000	1.956
7	870.000	1.952
7	871.000	1.948
7	872.000	1.944
7	873.000	1.940
7	874.000	1.936
7	875.000	1.932
7	876.000	1.929
7	877.000	1.925
7	878.000	1.921
7	879.000	1.917
7	880.000	1.913
7	881.000	1.909
7	882.000	1.906
7	883.000	1.902
7	884.000	1.898
7	885.000	1.894
7	886.000	1.890
7	887.000	1.887
7	888.000	1.883
7	889.000	1.879
7	890.000	1.875
7	891.000	1.872
7	892.000	1.868
7	893.000	1.864
7	894.000	1.860
7	895.000	1.857
7	896.000	1.853
7	897.000	1.849
7	898.000	1.846
7	899.000	1.842
7	900.000	1.838
7	901.000	1.835
7	902.000	1.831
7	903.000	1.827
7	904.000	1.824
7	905.000	1.820
7	906.000	1.816
7	907.000	1.813
7	908.000	1.809
7	909.000	1.805
7	910.000	1.802
7	911.000	1.798
7	912.000	1.795
7	913.000	1.791
7	914.000	1.787
7	915.000	1.784
7	916.000	1.780
7	917.000	1.777
7	918.000	1.773
7	919.000	1.770
7	920.000	1.766
7	921.000	1.763
7	922.000	1.759
7	923.000	1.756
7	924.000	1.752
7	925.000	1.749
7	926.000	1.745
7	927.000	1.742
7	928.000	1.738
7	929.000	1.735
7	930.000	1.731
7	931.000	1.728
7	932.000	1.724
7	933.000	1.721
7	934.000	1.717
7	935.000	1.714
7	936.000	1.711
7	937.000	1.707
7	938.000	1.704
7	939.000	1.700
7	940.000	1.697
7	941.000	1.694
7	942.000	1.690
7	943.000	1.687
7	944.000	1.683
7	945.000	1.680
7	946.000	1.677
7	947.000	1.673
7	948.000	1.670
7	949.000	1.667
7	950.000	1.663
7	951.000	1.660
7	952.000	1.657
7	953.000	1.653
7	954.000	1.650
7	955.000	1.647
7	956.000	1.643
7	957.000	1.640
7	958.000	1.637
7	959.000	1.634
7	960.000	1.630
7	961.000	1.627
7	962.000	1.624
7	963.000	1.621
7	964.000	1.617
7	965.000	1.614
7	966.000	1.611
7	967.000	1.608
7	968.000	1.604
7	969.000	1.601
7	970.000	1.598
7	971.000	1.595
7	972.000	1.592
7	973.000	1.589
7	974.000	1.585
7	975.000	1.582
7	976.000	1.579
7	977.000	1.576
7	978.000	1.573
7	979.000	1.570
7	980.000	1.566
7	981.000	1.563
7	982.000	1.560
7	983.000	1.557
7	984.000	1.554
7	985.000	1.551
7	986.000	1.548
7	987.000	1.545
7	988.000	1.542
7	989.000	1.538
7	990.000	1.535
7	991.000	1.532
7	992.000	1.529
7	993.000	1.526
7	994.000	1.523
7	995.000	1.520
7	996.000	1.517
7	997.000	1.514
7	998.000	1.511
7	999.000	1.508
7	1000.000	1.505
7	1001.000	1.502
7	1002.000	1.499
7	1003.000	1.496
7	1004.000	1.493
7	1005.000	1.490
7	1006.000	1.487
7	1007.000	1.484
7	1008.000	1.481
7	1009.000	1.478
7	1010.000	1.475
7	1011.000	1.472
7	1012.000	1.469
7	1013.000	1.466
7	1014.000	1.463
7	1015.000	1.461
7	1016.000	1.458
7	1017.000	1.455
7	1018.000	1.452
7	1019.000	1.449
7	1020.000	1.446
7	1021.000	1.443
7	1022.000	1.440
7	1023.000	1.437
7	1024.000	1.434
7	1025.000	1.432
7	1026.000	1.429
7	1027.000	1.426
7	1028.000	1.423
7	1029.000	1.420
7	1030.000	1.417
7	1031.000	1.415
7	1032.000	1.412
7	1033.000	1.409
7	1034.000	1.406
7	1035.000	1.403
7	1036.000	1.400
7	1037.000	1.398
7	1038.000	1.395
7	1039.000	1.392
7	1040.000	1.389
7	1041.000	1.387
7	1042.000	1.384
7	1043.000	1.381
7	1044.000	1.378
7	1045.000	1.375
7	1046.000	1.373
7	1047.000	1.370
7	1048.000	1.367
7	1049.000	1.365
7	1050.000	1.362
7	1051.000	1.359
7	1052.000	1.356
7	1053.000	1.354
7	1054.000	1.351
7	1055.000	1.348
7	1056.000	1.346
7	1057.000	1.343
7	1058.000	1.340
7	1059.000	1.338
7	1060.000	1.335
7	1061.000	1.332
7	1062.000	1.330
7	1063.000	1.327
7	1064.000	1.324
7	1065.000	1.322
7	1066.000	1.319
7	1067.000	1.316
7	1068.000	1.314
7	1069.000	1.311
7	1070.000	1.308
7	1071.000	1.306
7	1072.000	1.303
7	1073.000	1.301
7	1074.000	1.298
7	1075.000	1.295
7	1076.000	1.293
7	1077.000	1.290
7	1078.000	1.288
7	1079.000	1.285
7	1080.000	1.282
7	1081.000	1.280
7	1082.000	1.277
7	1083.000	1.275
7	1084.000	1.272
7	1085.000	1.270
7	1086.000	1.267
7	1087.000	1.265
7	1088.000	1.262
7	1089.000	1.260
7	1090.000	1.257
7	1091.000	1.255
7	1092.000	1.252
7	1093.000	1.250
7	1094.000	1.247
7	1095.000	1.245
7	1096.000	1.242
7	1097.000	1.240
7	1098.000	1.237
7	1099.000	1.235
7	1100.000	1.232
7	1101.000	1.230
7	1102.000	1.227
7	1103.000	1.225
7	1104.000	1.222
7	1105.000	1.220
7	1106.000	1.218
7	1107.000	1.215
7	1108.000	1.213
7	1109.000	1.210
7	1110.000	1.208
7	1111.000	1.205
7	1112.000	1.203
7	1113.000	1.201
7	1114.000	1.198
7	1115.000	1.196
7	1116.000	1.193
7	1117.000	1.191
7	1118.000	1.189
7	1119.000	1.186
7	1120.000	1.184
7	1121.000	1.182
7	1122.000	1.179
7	1123.000	1.177
7	1124.000	1.174
7	1125.000	1.172
7	1126.000	1.170
7	1127.000	1.167
7	1128.000	1.165
7	1129.000	1.163
7	1130.000	1.160
7	1131.000	1.158
7	1132.000	1.156
7	1133.000	1.154
7	1134.000	1.151
7	1135.000	1.149
7	1136.000	1.147
7	1137.000	1.144
7	1138.000	1.142
7	1139.000	1.140
7	1140.000	1.137
7	1141.000	1.135
7	1142.000	1.133
7	1143.000	1.131
7	1144.000	1.128
7	1145.000	1.126
7	1146.000	1.124
7	1147.000	1.122
7	1148.000	1.119
7	1149.000	1.117
7	1150.000	1.115
7	1151.000	1.113
7	1152.000	1.110
7	1153.000	1.108
7	1154.000	1.106
7	1155.000	1.104
7	1156.000	1.102
7	1157.000	1.099
7	1158.000	1.097
7	1159.000	1.095
7	1160.000	1.093
7	1161.000	1.091
7	1162.000	1.089
7	1163.000	1.086
7	1164.000	1.084
7	1165.000	1.082
7	1166.000	1.080
7	1167.000	1.078
7	1168.000	1.076
7	1169.000	1.073
7	1170.000	1.071
7	1171.000	1.069
7	1172.000	1.067
7	1173.000	1.065
7	1174.000	1.063
7	1175.000	1.061
7	1176.000	1.058
7	1177.000	1.056
7	1178.000	1.054
7	1179.000	1.052
7	1180.000	1.050
7	1181.000	1.048
7	1182.000	1.046
7	1183.000	1.044
7	1184.000	1.042
7	1185.000	1.040
7	1186.000	1.037
7	1187.000	1.035
7	1188.000	1.033
7	1189.000	1.031
7	1190.000	1.029
7	1191.000	1.027
7	1192.000	1.025
7	1193.000	1.023
7	1194.000	1.021
7	1195.000	1.019
7	1196.000	1.017
7	1197.000	1.015
7	1198.000	1.013
7	1199.000	1.011
7	1200.000	1.009
7	1201.000	1.007
7	1202.000	1.005
7	1203.000	1.003
7	1204.000	1.001
7	1205.000	0.999
7	1206.000	0.997
7	1207.000	0.995
7	1208.000	0.993
7	1209.000	0.991
7	1210.000	0.989
7	1211.000	0.987
7	1212.000	0.985
7	1213.000	0.983
7	1214.000	0.981
7	1215.000	0.979
7	1216.000	0.977
7	1217.000	0.975
7	1218.000	0.973
7	1219.000	0.971
7	1220.000	0.969
7	1221.000	0.967
7	1222.000	0.965
7	1223.000	0.963
7	1224.000	0.962
7	1225.000	0.960
7	1226.000	0.958
7	1227.000	0.956
7	1228.000	0.954
7	1229.000	0.952
7	1230.000	0.950
7	1231.000	0.948
7	1232.000	0.946
7	1233.000	0.944
7	1234.000	0.943
7	1235.000	0.941
7	1236.000	0.939
7	1237.000	0.937
7	1238.000	0.935
7	1239.000	0.933
7	1240.000	0.931
7	1241.000	0.929
7	1242.000	0.928
7	1243.000	0.926
7	1244.000	0.924
7	1245.000	0.922
7	1246.000	0.920
7	1247.000	0.918
7	1248.000	0.916
7	1249.000	0.915
7	1250.000	0.913
7	1251.000	0.911
7	1252.000	0.909
7	1253.000	0.907
7	1254.000	0.906
7	1255.000	0.904
7	1256.000	0.902
7	1257.000	0.900
7	1258.000	0.898
7	1259.000	0.897
7	1260.000	0.895
7	1261.000	0.893
7	1262.000	0.891
7	1263.000	0.889
7	1264.000	0.888
7	1265.000	0.886
7	1266.000	0.884
7	1267.000	0.882
7	1268.000	0.881
7	1269.000	0.879
7	1270.000	0.877
7	1271.000	0.875
7	1272.000	0.874
7	1273.000	0.872
7	1274.000	0.870
7	1275.000	0.868
7	1276.000	0.867
7	1277.000	0.865
7	1278.000	0.863
7	1279.000	0.861
7	1280.000	0.860
7	1281.000	0.858
7	1282.000	0.856
7	1283.000	0.855
7	1284.000	0.853
7	1285.000	0.851
7	1286.000	0.849
7	1287.000	0.848
7	1288.000	0.846
7	1289.000	0.844
7	1290.000	0.843
7	1291.000	0.841
7	1292.000	0.839
7	1293.000	0.838
7	1294.000	0.836
7	1295.000	0.834
7	1296.000	0.833
7	1297.000	0.831
7	1298.000	0.829
7	1299.000	0.828
7	1300.000	0.826
7	1301.000	0.824
7	1302.000	0.823
7	1303.000	0.821
7	1304.000	0.819
7	1305.000	0.818
7	1306.000	0.816
7	1307.000	0.814
7	1308.000	0.813
7	1309.000	0.811
7	1310.000	0.810
7	1311.000	0.808
7	1312.000	0.806
7	1313.000	0.805
7	1314.000	0.803
7	1315.000	0.802
7	1316.000	0.800
7	1317.000	0.798
7	1318.000	0.797
7	1319.000	0.795
7	1320.000	0.794
7	1321.000	0.792
7	1322.000	0.790
7	1323.000	0.789
7	1324.000	0.787
7	1325.000	0.786
7	1326.000	0.784
7	1327.000	0.783
7	1328.000	0.781
7	1329.000	0.779
7	1330.000	0.778
7	1331.000	0.776
7	1332.000	0.775
7	1333.000	0.773
7	1334.000	0.772
7	1335.000	0.770
7	1336.000	0.769
7	1337.000	0.767
7	1338.000	0.766
7	1339.000	0.764
7	1340.000	0.762
7	1341.000	0.761
7	1342.000	0.759
7	1343.000	0.758
7	1344.000	0.756
7	1345.000	0.755
7	1346.000	0.753
7	1347.000	0.752
7	1348.000	0.750
7	1349.000	0.749
7	1350.000	0.747
7	1351.000	0.746
7	1352.000	0.744
7	1353.000	0.743
7	1354.000	0.741
7	1355.000	0.740
7	1356.000	0.738
7	1357.000	0.737
7	1358.000	0.736
7	1359.000	0.734
7	1360.000	0.733
7	1361.000	0.731
7	1362.000	0.730
7	1363.000	0.728
7	1364.000	0.727
7	1365.000	0.725
7	1366.000	0.724
7	1367.000	0.722
7	1368.000	0.721
7	1369.000	0.720
7	1370.000	0.718
7	1371.000	0.717
7	1372.000	0.715
7	1373.000	0.714
7	1374.000	0.712
7	1375.000	0.711
7	1376.000	0.709
7	1377.000	0.708
7	1378.000	0.707
7	1379.000	0.705
7	1380.000	0.704
7	1381.000	0.702
7	1382.000	0.701
7	1383.000	0.700
7	1384.000	0.698
7	1385.000	0.697
7	1386.000	0.695
7	1387.000	0.694
7	1388.000	0.693
7	1389.000	0.691
7	1390.000	0.690
7	1391.000	0.689
7	1392.000	0.687
7	1393.000	0.686
7	1394.000	0.684
7	1395.000	0.683
7	1396.000	0.682
7	1397.000	0.680
7	1398.000	0.679
7	1399.000	0.678
7	1400.000	0.676
7	1401.000	0.675
7	1402.000	0.674
7	1403.000	0.672
7	1404.000	0.671
7	1405.000	0.670
7	1406.000	0.668
7	1407.000	0.667
7	1408.000	0.666
7	1409.000	0.664
7	1410.000	0.663
7	1411.000	0.662
7	1412.000	0.660
7	1413.000	0.659
7	1414.000	0.658
7	1415.000	0.656
7	1416.000	0.655
7	1417.000	0.654
7	1418.000	0.652
7	1419.000	0.651
7	1420.000	0.650
7	1421.000	0.648
7	1422.000	0.647
7	1423.000	0.646
7	1424.000	0.645
7	1425.000	0.643
7	1426.000	0.642
7	1427.000	0.641
7	1428.000	0.639
7	1429.000	0.638
7	1430.000	0.637
7	1431.000	0.636
7	1432.000	0.634
7	1433.000	0.633
7	1434.000	0.632
7	1435.000	0.631
7	1436.000	0.629
7	1437.000	0.628
7	1438.000	0.627
7	1439.000	0.626
7	1440.000	0.624
7	1441.000	0.623
7	1442.000	0.622
7	1443.000	0.621
7	1444.000	0.619
7	1445.000	0.618
7	1446.000	0.617
7	1447.000	0.616
7	1448.000	0.614
7	1449.000	0.613
7	1450.000	0.612
7	1451.000	0.611
7	1452.000	0.609
7	1453.000	0.608
7	1454.000	0.607
7	1455.000	0.606
7	1456.000	0.605
7	1457.000	0.603
7	1458.000	0.602
7	1459.000	0.601
7	1460.000	0.600
7	1461.000	0.599
7	1462.000	0.597
7	1463.000	0.596
7	1464.000	0.595
7	1465.000	0.594
7	1466.000	0.593
7	1467.000	0.591
7	1468.000	0.590
7	1469.000	0.589
7	1470.000	0.588
7	1471.000	0.587
7	1472.000	0.586
7	1473.000	0.584
7	1474.000	0.583
7	1475.000	0.582
7	1476.000	0.581
7	1477.000	0.580
7	1478.000	0.579
7	1479.000	0.577
7	1480.000	0.576
7	1481.000	0.575
7	1482.000	0.574
7	1483.000	0.573
7	1484.000	0.572
7	1485.000	0.571
7	1486.000	0.569
7	1487.000	0.568
7	1488.000	0.567
7	1489.000	0.566
7	1490.000	0.565
7	1491.000	0.564
7	1492.000	0.563
7	1493.000	0.561
7	1494.000	0.560
7	1495.000	0.559
7	1496.000	0.558
7	1497.000	0.557
7	1498.000	0.556
7	1499.000	0.555
7	1500.000	0.554
7	1501.000	0.553
7	1502.000	0.551
7	1503.000	0.550
7	1504.000	0.549
7	1505.000	0.548
7	1506.000	0.547
7	1507.000	0.546
7	1508.000	0.545
7	1509.000	0.544
7	1510.000	0.543
7	1511.000	0.542
7	1512.000	0.541
7	1513.000	0.539
7	1514.000	0.538
7	1515.000	0.537
7	1516.000	0.536
7	1517.000	0.535
7	1518.000	0.534
7	1519.000	0.533
7	1520.000	0.532
7	1521.000	0.531
7	1522.000	0.530
7	1523.000	0.529
7	1524.000	0.528
7	1525.000	0.527
7	1526.000	0.526
7	1527.000	0.525
7	1528.000	0.524
7	1529.000	0.522
7	1530.000	0.521
7	1531.000	0.520
7	1532.000	0.519
7	1533.000	0.518
7	1534.000	0.517
7	1535.000	0.516
7	1536.000	0.515
7	1537.000	0.514
7	1538.000	0.513
7	1539.000	0.512
7	1540.000	0.511
7	1541.000	0.510
7	1542.000	0.509
7	1543.000	0.508
7	1544.000	0.507
7	1545.000	0.506
7	1546.000	0.505
7	1547.000	0.504
7	1548.000	0.503
7	1549.000	0.502
7	1550.000	0.501
7	1551.000	0.500
7	1552.000	0.499
7	1553.000	0.498
7	1554.000	0.497
7	1555.000	0.496
7	1556.000	0.495
7	1557.000	0.494
7	1558.000	0.493
7	1559.000	0.492
7	1560.000	0.491
7	1561.000	0.490
7	1562.000	0.489
7	1563.000	0.488
7	1564.000	0.487
7	1565.000	0.486
7	1566.000	0.485
7	1567.000	0.484
7	1568.000	0.483
7	1569.000	1.482
7	1570.000	1.479
7	1571.000	1.476
7	1572.000	1.473
7	1573.000	1.470
7	1574.000	1.467
7	1575.000	1.464
7	1576.000	1.461
7	1577.000	1.458
7	1578.000	2.455
7	1579.000	2.450
7	1580.000	2.445
7	1581.000	2.440
7	1582.000	2.435
7	1583.000	2.430
7	1584.000	2.426
7	1585.000	2.421
7	1586.000	2.416
7	1587.000	2.411
7	1588.000	2.406
7	1589.000	3.400
7	1590.000	3.393
7	1591.000	3.386
7	1592.000	3.379
7	1593.000	3.373
7	1594.000	3.366
7	1595.000	3.359
7	1596.000	3.352
7	1597.000	3.346
7	1598.000	3.339
7	1599.000	4.331
7	1600.000	4.323
7	1601.000	4.314
7	1602.000	4.306
7	1603.000	4.297
7	1604.000	4.288
7	1605.000	4.280
7	1606.000	4.271
7	1607.000	4.263
7	1608.000	4.254
7	1609.000	4.246
7	1610.000	4.237
7	1611.000	5.228
7	1612.000	5.217
7	1613.000	5.207
7	1614.000	5.196
7	1615.000	5.186
7	1616.000	5.176
7	1617.000	5.165
7	1618.000	5.155
7	1619.000	5.145
7	1620.000	5.134
7	1621.000	6.123
7	1622.000	6.111
7	1623.000	6.099
7	1624.000	6.087
7	1625.000	6.075
7	1626.000	6.063
7	1627.000	6.050
7	1628.000	6.038
7	1629.000	6.026
7	1630.000	7.013
7	1631.000	6.999
7	1632.000	6.985
7	1633.000	6.971
7	1634.000	6.957
7	1635.000	6.943
7	1636.000	6.929
7	1637.000	6.915
7	1638.000	7.900
7	1639.000	7.885
7	1640.000	7.869
7	1641.000	7.853
7	1642.000	7.837
7	1643.000	7.822
7	1644.000	7.806
7	1645.000	7.791
7	1646.000	8.774
7	1647.000	8.757
7	1648.000	8.739
7	1649.000	8.722
7	1650.000	8.705
7	1651.000	8.687
7	1652.000	8.670
7	1653.000	8.652
7	1654.000	9.635
7	1655.000	9.616
7	1656.000	9.596
7	1657.000	9.577
7	1658.000	9.558
7	1659.000	9.539
7	1660.000	9.520
7	1661.000	9.501
7	1662.000	10.481
7	1663.000	10.460
7	1664.000	10.439
7	1665.000	10.418
7	1666.000	10.397
7	1667.000	10.376
7	1668.000	10.356
7	1669.000	11.334
7	1670.000	11.312
7	1671.000	11.289
7	1672.000	11.267
7	1673.000	11.244
7	1674.000	11.222
7	1675.000	11.199
7	1676.000	12.176
7	1677.000	12.152
7	1678.000	12.127
7	1679.000	12.103
7	1680.000	12.079
7	1681.000	12.055
7	1682.000	12.031
7	1683.000	13.006
7	1684.000	12.980
7	1685.000	12.954
7	1686.000	12.928
7	1687.000	12.902
7	1688.000	12.877
7	1689.000	12.851
7	1690.000	13.824
7	1691.000	13.797
7	1692.000	13.769
7	1693.000	13.742
7	1694.000	13.714
7	1695.000	13.687
7	1696.000	13.659
7	1697.000	14.631
7	1698.000	14.601
7	1699.000	14.572
7	1700.000	14.543
7	1701.000	14.514
7	1702.000	14.485
7	1703.000	14.456
7	1704.000	15.425
7	1705.000	15.395
7	1706.000	15.364
7	1707.000	15.333
7	1708.000	15.303
7	1709.000	15.272
7	1710.000	15.241
7	1711.000	16.209
7	1712.000	16.177
7	1713.000	16.144
7	1714.000	16.112
7	1715.000	16.080
7	1716.000	16.048
7	1717.000	17.015
7	1718.000	16.981
7	1719.000	16.947
7	1720.000	16.914
7	1721.000	16.880
7	1722.000	16.846
7	1723.000	16.812
7	1724.000	16.779
7	1725.000	17.744
7	1726.000	17.708
7	1727.000	17.673
7	1728.000	17.638
7	1729.000	17.602
7	1730.000	17.567
7	1731.000	17.532
7	1732.000	18.496
7	1733.000	18.459
7	1734.000	18.422
7	1735.000	18.385
7	1736.000	18.348
7	1737.000	18.312
7	1738.000	18.275
7	1739.000	19.237
7	1740.000	19.198
7	1741.000	19.160
7	1742.000	19.122
7	1743.000	19.083
7	1744.000	19.045
7	1745.000	20.007
7	1746.000	19.967
7	1747.000	19.927
7	1748.000	19.887
7	1749.000	19.847
7	1750.000	19.808
7	1751.000	19.768
7	1752.000	20.727
7	1753.000	20.685
7	1754.000	20.644
7	1755.000	20.603
7	1756.000	20.562
7	1757.000	20.521
7	1758.000	21.479
7	1759.000	21.436
7	1760.000	21.393
7	1761.000	21.350
7	1762.000	21.308
7	1763.000	21.265
7	1764.000	21.223
7	1765.000	22.178
7	1766.000	22.134
7	1767.000	22.090
7	1768.000	22.045
7	1769.000	22.001
7	1770.000	21.957
7	1771.000	22.913
7	1772.000	22.867
7	1773.000	22.821
7	1774.000	22.776
7	1775.000	22.730
7	1776.000	22.685
7	1777.000	22.639
7	1778.000	23.593
7	1779.000	23.546
7	1780.000	23.498
7	1781.000	23.452
7	1782.000	23.405
7	1783.000	23.358
7	1784.000	24.311
7	1785.000	24.262
7	1786.000	24.214
7	1787.000	24.165
7	1788.000	24.117
7	1789.000	24.069
7	1790.000	24.021
7	1791.000	24.971
7	1792.000	24.921
7	1793.000	24.872
7	1794.000	24.822
7	1795.000	24.772
7	1796.000	24.723
7	1797.000	25.673
7	1798.000	25.622
7	1799.000	25.571
7	1800.000	25.520
7	1801.000	25.469
7	1802.000	25.418
7	1803.000	25.367
7	1804.000	26.315
7	1805.000	26.263
7	1806.000	26.210
7	1807.000	26.158
7	1808.000	26.105
7	1809.000	26.053
7	1810.000	26.001
7	1811.000	26.947
7	1812.000	26.894
7	1813.000	26.840
7	1814.000	26.786
7	1815.000	26.733
7	1816.000	26.679
7	1817.000	27.626
7	1818.000	27.571
7	1819.000	27.516
7	1820.000	27.461
7	1821.000	27.406
7	1822.000	27.351
7	1823.000	27.296
7	1824.000	28.241
7	1825.000	28.185
7	1826.000	28.128
7	1827.000	28.072
7	1828.000	28.016
7	1829.000	27.960
7	1830.000	27.904
7	1831.000	28.847
7	1832.000	28.789
7	1833.000	28.732
7	1834.000	28.674
7	1835.000	28.617
7	1836.000	28.560
7	1837.000	29.502
7	1838.000	29.444
7	1839.000	29.385
7	1840.000	29.326
7	1841.000	29.267
7	1842.000	29.209
7	1843.000	29.151
7	1844.000	30.092
7	1845.000	30.032
7	1846.000	29.972
7	1847.000	29.912
7	1848.000	29.852
7	1849.000	29.792
7	1850.000	29.733
7	1851.000	30.672
7	1852.000	30.611
7	1853.000	30.550
7	1854.000	30.489
7	1855.000	30.428
7	1856.000	30.367
7	1857.000	30.306
7	1858.000	31.244
7	1859.000	31.181
7	1860.000	31.119
7	1861.000	31.057
7	1862.000	30.995
7	1863.000	30.933
7	1864.000	31.871
7	1865.000	31.807
7	1866.000	31.744
7	1867.000	31.680
7	1868.000	31.617
7	1869.000	31.554
7	1870.000	31.491
7	1871.000	32.427
7	1872.000	32.362
7	1873.000	32.297
7	1874.000	32.233
7	1875.000	32.168
7	1876.000	32.104
7	1877.000	32.040
7	1878.000	32.974
7	1879.000	32.908
7	1880.000	32.843
7	1881.000	32.777
7	1882.000	32.712
7	1883.000	32.646
7	1884.000	33.581
7	1885.000	33.514
7	1886.000	33.447
7	1887.000	33.380
7	1888.000	33.313
7	1889.000	33.247
7	1890.000	33.180
7	1891.000	34.114
7	1892.000	34.045
7	1893.000	33.977
7	1894.000	33.909
7	1895.000	33.842
7	1896.000	33.774
7	1897.000	33.707
7	1898.000	34.638
7	1899.000	34.569
7	1900.000	34.500
7	1901.000	34.431
7	1902.000	34.362
7	1903.000	34.293
7	1904.000	35.225
7	1905.000	35.154
7	1906.000	35.084
7	1907.000	35.014
7	1908.000	34.944
7	1909.000	34.874
7	1910.000	34.804
7	1911.000	35.735
7	1912.000	35.663
7	1913.000	35.592
7	1914.000	35.521
7	1915.000	35.450
7	1916.000	35.379
7	1917.000	35.308
7	1918.000	36.237
7	1919.000	36.164
7	1920.000	36.092
7	1921.000	36.020
7	1922.000	35.948
7	1923.000	35.876
7	1924.000	36.804
7	1925.000	36.731
7	1926.000	36.657
7	1927.000	36.584
7	1928.000	36.511
7	1929.000	36.438
7	1930.000	36.365
7	1931.000	37.291
7	1932.000	37.217
7	1933.000	37.142
7	1934.000	37.068
7	1935.000	36.994
7	1936.000	36.920
7	1937.000	37.845
7	1938.000	37.770
7	1939.000	37.694
7	1940.000	37.619
7	1941.000	37.544
7	1942.000	37.469
7	1943.000	38.393
7	1944.000	38.317
7	1945.000	38.240
7	1946.000	38.164
7	1947.000	38.087
7	1948.000	38.011
7	1949.000	38.935
7	1950.000	38.857
7	1951.000	38.779
7	1952.000	38.702
7	1953.000	38.624
7	1954.000	38.547
7	1955.000	39.469
7	1956.000	39.391
7	1957.000	39.312
7	1958.000	39.233
7	1959.000	39.155
7	1960.000	39.077
7	1961.000	39.997
7	1962.000	39.917
7	1963.000	39.838
7	1964.000	39.758
7	1965.000	39.679
7	1966.000	39.599
7	1967.000	40.518
7	1968.000	40.438
7	1969.000	40.357
7	1970.000	40.276
7	1971.000	40.196
7	1972.000	41.115
7	1973.000	41.033
7	1974.000	40.951
7	1975.000	40.869
7	1976.000	40.788
7	1977.000	40.706
7	1978.000	41.624
7	1979.000	41.541
7	1980.000	41.458
7	1981.000	41.375
7	1982.000	41.292
7	1983.000	41.210
7	1984.000	42.126
7	1985.000	42.042
7	1986.000	41.958
7	1987.000	41.874
7	1988.000	41.791
7	1989.000	41.707
7	1990.000	42.622
7	1991.000	42.537
7	1992.000	42.452
7	1993.000	42.367
7	1994.000	42.283
7	1995.000	43.198
7	1996.000	43.112
7	1997.000	43.026
7	1998.000	42.940
7	1999.000	42.854
7	2000.000	42.768
