# NEST version: UNKNOWN
# RecordingBackendASCII version: 2
sender	time_ms	V_m
810	1.000	-58.568
810	2.000	-59.683
810	3.000	-60.567
810	4.000	-61.274
810	5.000	-61.845
810	6.000	-62.308
810	7.000	-62.686
810	8.000	-62.998
810	9.000	-63.255
810	10.000	-63.469
810	11.000	-63.648
810	12.000	-63.799
810	13.000	-63.926
810	14.000	-64.034
810	15.000	-64.127
810	16.000	-64.206
810	17.000	-64.275
810	18.000	-64.335
810	19.000	-64.387
810	20.000	-64.434
810	21.000	-64.475
810	22.000	-64.511
810	23.000	-64.544
810	24.000	-64.573
810	25.000	-64.393
810	26.000	-64.181
810	27.000	-64.024
810	28.000	-63.910
810	29.000	-63.831
810	30.000	-63.781
810	31.000	-63.752
810	32.000	-63.741
810	33.000	-63.743
810	34.000	-63.756
810	35.000	-63.777
810	36.000	-63.804
810	37.000	-63.836
810	38.000	-63.871
810	39.000	-63.908
810	40.000	-63.947
810	41.000	-63.864
810	42.000	-63.650
810	43.000	-63.216
810	44.000	-62.669
810	45.000	-62.218
810	46.000	-61.894
810	47.000	-61.671
810	48.000	-61.528
810	49.000	-61.447
810	50.000	-61.416
810	51.000	-61.423
810	52.000	-61.461
810	53.000	-61.377
810	54.000	-61.217
810	55.000	-61.127
810	56.000	-60.895
810	57.000	-60.620
810	58.000	-60.238
810	59.000	-59.985
810	60.000	-59.834
810	61.000	-59.763
810	62.000	-59.753
810	63.000	-59.652
810	64.000	-59.498
810	65.000	-59.428
810	66.000	-59.309
810	67.000	-59.119
810	68.000	-59.024
810	69.000	-58.918
810	70.000	-58.715
810	71.000	-58.613
810	72.000	-58.591
810	73.000	-58.631
810	74.000	-58.717
810	75.000	-58.840
810	76.000	-58.932
810	77.000	-58.643
810	78.000	-58.292
810	79.000	-57.961
810	80.000	-57.767
810	81.000	-57.626
810	82.000	-57.384
810	83.000	-57.265
810	84.000	-57.241
810	85.000	-57.290
810	86.000	-57.288
810	87.000	-57.210
810	88.000	-57.219
810	89.000	-57.088
810	90.000	-57.011
810	91.000	-57.022
810	92.000	-57.101
810	93.000	-57.073
810	94.000	-56.972
810	95.000	-56.589
810	96.000	-56.301
810	97.000	-56.155
810	98.000	-56.120
810	99.000	-56.172
810	100.000	-56.290
810	101.000	-56.458
810	102.000	-56.663
810	103.000	-56.896
810	104.000	-56.920
810	105.000	-56.880
810	106.000	-56.777
810	107.000	-56.770
810	108.000	-56.838
810	109.000	-56.962
810	110.000	-57.047
810	111.000	-57.013
810	112.000	-57.058
810	113.000	-57.162
810	114.000	-57.313
810	115.000	-57.497
810	116.000	-57.236
810	117.000	-56.817
810	118.000	-56.434
810	119.000	-56.099
810	120.000	-55.919
810	121.000	-55.861
810	122.000	-55.897
810	123.000	-55.977
810	124.000	-55.899
810	125.000	-55.920
810	126.000	-56.016
810	127.000	-56.114
810	128.000	-56.077
810	129.000	-56.126
810	130.000	-56.242
810	131.000	-56.410
810	132.000	-56.534
810	133.000	-56.537
810	134.000	-56.365
810	135.000	-56.309
810	136.000	-56.342
810	137.000	-56.444
810	138.000	-56.598
810	139.000	-56.792
810	140.000	-56.882
810	141.000	-56.905
810	142.000	-56.966
810	143.000	-56.431
810	144.000	-55.974
810	145.000	-55.512
810	146.000	-55.241
810	147.000	-54.989
810	148.000	-54.770
810	149.000	-54.588
810	150.000	-54.403
810	151.000	-54.354
810	152.000	-54.410
810	153.000	-54.547
810	154.000	-54.744
810	155.000	-54.934
810	156.000	-54.982
810	157.000	-55.107
810	158.000	-55.114
810	159.000	-55.140
810	160.000	-55.247
810	161.000	-55.336
810	162.000	-55.327
810	163.000	-55.404
810	164.000	-55.549
810	165.000	-55.744
810	166.000	-55.977
810	167.000	-56.238
810	168.000	-56.517
810	169.000	-56.605
810	170.000	-56.702
810	171.000	-56.742
810	172.000	-56.703
810	173.000	-56.566
810	174.000	-56.465
810	175.000	-56.463
810	176.000	-56.537
810	177.000	-56.640
810	178.000	-56.573
810	179.000	-56.595
810	180.000	-56.686
810	181.000	-56.830
810	182.000	-56.986
810	183.000	-56.954
810	184.000	-57.000
810	185.000	-57.107
810	186.000	-57.259
810	187.000	-57.076
810	188.000	-56.620
810	189.000	-56.344
810	190.000	-56.207
810	191.000	-55.919
810	192.000	-55.391
810	193.000	-54.981
810	194.000	-54.505
810	195.000	-54.004
810	196.000	-53.615
810	197.000	-53.257
810	198.000	-52.802
810	199.000	-52.218
810	200.000	-51.844
810	201.000	-51.672
810	202.000	-51.471
810	203.000	-51.395
810	204.000	-51.291
810	205.000	-51.270
810	206.000	-51.169
810	207.000	-51.192
810	208.000	-51.331
810	209.000	-51.559
810	210.000	-51.854
810	211.000	-52.198
810	212.000	-52.578
810	213.000	-52.982
810	214.000	-53.402
810	215.000	-53.830
810	216.000	-54.262
810	217.000	-54.692
810	218.000	-55.117
810	219.000	-55.536
810	220.000	-55.945
810	221.000	-56.343
810	222.000	-56.730
810	223.000	-57.103
810	224.000	-57.281
810	225.000	-57.417
810	226.000	-57.590
810	227.000	-57.789
810	228.000	-58.008
810	229.000	-58.240
810	230.000	-58.480
810	231.000	-58.724
810	232.000	-58.969
810	233.000	-59.213
810	234.000	-59.454
810	235.000	-59.691
810	236.000	-59.922
810	237.000	-60.147
810	238.000	-60.365
810	239.000	-60.576
810	240.000	-60.636
810	241.000	-60.330
810	242.000	-59.894
810	243.000	-59.579
810	244.000	-59.383
810	245.000	-59.282
810	246.000	-59.253
810	247.000	-59.282
810	248.000	-59.355
810	249.000	-59.461
810	250.000	-59.593
810	251.000	-59.743
810	252.000	-59.906
810	253.000	-59.615
810	254.000	-59.083
810	255.000	-58.496
810	256.000	-58.102
810	257.000	-57.860
810	258.000	-57.736
810	259.000	-57.704
810	260.000	-57.744
810	261.000	-57.729
810	262.000	-57.636
810	263.000	-57.630
810	264.000	-57.530
810	265.000	-57.424
810	266.000	-57.354
810	267.000	-57.170
810	268.000	-56.915
810	269.000	-56.721
810	270.000	-56.644
810	271.000	-56.659
810	272.000	-56.743
810	273.000	-56.882
810	274.000	-57.061
810	275.000	-57.270
810	276.000	-57.248
810	277.000	-57.299
810	278.000	-57.406
810	279.000	-57.557
810	280.000	-57.739
810	281.000	-57.945
810	282.000	-58.167
810	283.000	-58.400
810	284.000	-58.640
810	285.000	-58.882
810	286.000	-59.125
810	287.000	-59.152
810	288.000	-59.013
810	289.000	-58.541
810	290.000	-57.855
810	291.000	-57.322
810	292.000	-56.981
810	293.000	-56.788
810	294.000	-56.712
810	295.000	-56.726
810	296.000	-56.810
810	297.000	-56.948
810	298.000	-56.832
810	299.000	-56.358
810	300.000	-56.070
810	301.000	-55.927
810	302.000	-55.897
810	303.000	-55.953
810	304.000	-55.943
810	305.000	-55.656
810	306.000	-55.296
810	307.000	-55.083
810	308.000	-55.006
810	309.000	-55.035
810	310.000	-55.145
810	311.000	-55.317
810	312.000	-55.536
810	313.000	-55.789
810	314.000	-56.067
810	315.000	-56.225
810	316.000	-56.066
810	317.000	-56.022
810	318.000	-56.067
810	319.000	-56.180
810	320.000	-56.346
810	321.000	-56.551
810	322.000	-56.785
810	323.000	-57.039
810	324.000	-57.306
810	325.000	-57.351
810	326.000	-57.432
810	327.000	-57.451
810	328.000	-56.976
810	329.000	-56.365
810	330.000	-55.950
810	331.000	-55.712
810	332.000	-55.610
810	333.000	-55.614
810	334.000	-55.699
810	335.000	-55.693
810	336.000	-55.679
810	337.000	-55.696
810	338.000	-55.601
810	339.000	-55.610
810	340.000	-55.700
810	341.000	-55.851
810	342.000	-56.049
810	343.000	-56.282
810	344.000	-56.539
810	345.000	-56.814
810	346.000	-57.099
810	347.000	-57.232
810	348.000	-57.030
810	349.000	-56.723
810	350.000	-56.558
810	351.000	-56.506
810	352.000	-56.314
810	353.000	-56.221
810	354.000	-56.226
810	355.000	-56.307
810	356.000	-56.315
810	357.000	-56.281
810	358.000	-56.331
810	359.000	-56.447
810	360.000	-56.612
810	361.000	-56.814
810	362.000	-57.043
810	363.000	-57.132
810	364.000	-57.178
810	365.000	-57.282
810	366.000	-57.431
810	367.000	-57.613
810	368.000	-57.659
810	369.000	-57.666
810	370.000	-57.504
810	371.000	-57.171
810	372.000	-56.850
810	373.000	-56.557
810	374.000	-56.406
810	375.000	-56.366
810	376.000	-56.410
810	377.000	-56.340
810	378.000	-56.294
810	379.000	-56.335
810	380.000	-56.196
810	381.000	-56.034
810	382.000	-55.845
810	383.000	-55.439
810	384.000	-55.629
810	385.000	-55.592
810	386.000	-55.183
810	387.000	-54.960
810	388.000	-54.878
810	389.000	-54.878
810	390.000	-54.753
810	391.000	-54.695
810	392.000	-54.554
810	393.000	-54.341
810	394.000	-54.230
810	395.000	-54.239
810	396.000	-54.340
810	397.000	-54.459
810	398.000	-54.378
810	399.000	-54.249
810	400.000	-54.245
810	401.000	-54.185
810	402.000	-54.146
810	403.000	-54.062
810	404.000	-54.005
810	405.000	-54.058
810	406.000	-54.196
810	407.000	-54.397
810	408.000	-54.646
810	409.000	-54.756
810	410.000	-54.864
810	411.000	-55.038
810	412.000	-55.260
810	413.000	-55.518
810	414.000	-55.802
810	415.000	-56.023
810	416.000	-56.107
810	417.000	-56.251
810	418.000	-56.192
810	419.000	-55.998
810	420.000	-55.907
810	421.000	-55.916
810	422.000	-56.003
810	423.000	-56.150
810	424.000	-56.162
810	425.000	-56.182
810	426.000	-56.274
810	427.000	-56.423
810	428.000	-56.614
810	429.000	-56.836
810	430.000	-57.081
810	431.000	-57.089
810	432.000	-57.165
810	433.000	-57.110
810	434.000	-56.886
810	435.000	-56.559
810	436.000	-56.289
810	437.000	-56.159
810	438.000	-56.135
810	439.000	-56.196
810	440.000	-56.320
810	441.000	-56.493
810	442.000	-56.702
810	443.000	-56.938
810	444.000	-57.192
810	445.000	-57.458
810	446.000	-57.732
810	447.000	-58.009
810	448.000	-58.286
810	449.000	-58.561
810	450.000	-58.832
810	451.000	-59.098
810	452.000	-59.142
810	453.000	-59.181
810	454.000	-59.263
810	455.000	-59.238
810	456.000	-59.147
810	457.000	-59.129
810	458.000	-58.944
810	459.000	-58.443
810	460.000	-57.719
810	461.000	-57.227
810	462.000	-56.918
810	463.000	-56.751
810	464.000	-56.695
810	465.000	-56.592
810	466.000	-56.470
810	467.000	-56.451
810	468.000	-56.511
810	469.000	-56.633
810	470.000	-56.668
810	471.000	-56.652
810	472.000	-56.713
810	473.000	-56.751
810	474.000	-56.685
810	475.000	-56.626
810	476.000	-56.431
810	477.000	-56.164
810	478.000	-55.679
810	479.000	-55.150
810	480.000	-54.694
810	481.000	-54.435
810	482.000	-54.226
810	483.000	-54.024
810	484.000	-53.966
810	485.000	-54.018
810	486.000	-54.155
810	487.000	-54.356
810	488.000	-54.606
810	489.000	-54.892
810	490.000	-54.805
810	491.000	-54.523
810	492.000	-54.377
810	493.000	-54.184
810	494.000	-54.066
810	495.000	-53.855
810	496.000	-53.769
810	497.000	-53.803
810	498.000	-53.927
810	499.000	-53.948
810	500.000	-53.634
810	501.000	-53.382
810	502.000	-53.292
810	503.000	-53.325
810	504.000	-53.453
810	505.000	-53.440
810	506.000	-53.510
810	507.000	-53.666
810	508.000	-53.886
810	509.000	-54.004
810	510.000	-54.105
810	511.000	-54.278
810	512.000	-54.507
810	513.000	-54.777
810	514.000	-55.077
810	515.000	-55.397
810	516.000	-55.730
810	517.000	-56.071
810	518.000	-56.415
810	519.000	-56.651
810	520.000	-56.538
810	521.000	-56.503
810	522.000	-56.551
810	523.000	-56.662
810	524.000	-56.822
810	525.000	-57.018
810	526.000	-57.241
810	527.000	-57.253
810	528.000	-57.124
810	529.000	-57.026
810	530.000	-57.020
810	531.000	-57.085
810	532.000	-57.206
810	533.000	-57.369
810	534.000	-57.562
810	535.000	-57.778
810	536.000	-58.009
810	537.000	-58.251
810	538.000	-58.287
810	539.000	-58.329
810	540.000	-58.233
810	541.000	-58.148
810	542.000	-58.032
810	543.000	-57.859
810	544.000	-57.788
810	545.000	-57.797
810	546.000	-57.867
810	547.000	-57.984
810	548.000	-58.137
810	549.000	-58.317
810	550.000	-58.304
810	551.000	-58.307
810	552.000	-58.368
810	553.000	-58.201
810	554.000	-57.892
810	555.000	-57.716
810	556.000	-57.645
810	557.000	-57.654
810	558.000	-57.643
810	559.000	-57.528
810	560.000	-57.506
810	561.000	-57.554
810	562.000	-57.657
810	563.000	-57.774
810	564.000	-57.702
810	565.000	-57.710
810	566.000	-57.550
810	567.000	-57.469
810	568.000	-57.473
810	569.000	-57.542
810	570.000	-57.477
810	571.000	-57.194
810	572.000	-57.023
810	573.000	-56.960
810	574.000	-56.983
810	575.000	-57.071
810	576.000	-57.210
810	577.000	-57.386
810	578.000	-57.589
810	579.000	-57.813
810	580.000	-58.051
810	581.000	-58.297
810	582.000	-58.312
810	583.000	-58.361
810	584.000	-58.457
810	585.000	-58.589
810	586.000	-58.749
810	587.000	-58.764
810	588.000	-58.735
810	589.000	-58.768
810	590.000	-58.849
810	591.000	-58.777
810	592.000	-58.705
810	593.000	-58.705
810	594.000	-58.761
810	595.000	-58.859
810	596.000	-58.989
810	597.000	-59.144
810	598.000	-59.055
810	599.000	-59.038
810	600.000	-59.078
810	601.000	-58.836
810	602.000	-58.509
810	603.000	-58.315
810	604.000	-58.223
810	605.000	-58.212
810	606.000	-58.264
810	607.000	-58.363
810	608.000	-58.498
810	609.000	-58.450
810	610.000	-58.312
810	611.000	-57.983
810	612.000	-57.671
810	613.000	-57.312
810	614.000	-57.034
810	615.000	-56.891
810	616.000	-56.851
810	617.000	-56.892
810	618.000	-56.682
810	619.000	-56.275
810	620.000	-55.544
810	621.000	-54.739
810	622.000	-54.194
810	623.000	-53.871
810	624.000	-53.722
810	625.000	-53.680
810	626.000	-53.485
810	627.000	-53.084
810	628.000	-52.818
810	629.000	-52.721
810	630.000	-52.755
810	631.000	-52.888
810	632.000	-52.973
810	633.000	-53.036
810	634.000	-53.190
810	635.000	-53.413
810	636.000	-53.516
810	637.000	-53.633
810	638.000	-53.823
810	639.000	-54.069
810	640.000	-54.356
810	641.000	-54.672
810	642.000	-54.928
810	643.000	-54.812
810	644.000	-54.444
810	645.000	-54.143
810	646.000	-54.007
810	647.000	-53.763
810	648.000	-53.454
810	649.000	-53.069
810	650.000	-52.878
810	651.000	-52.839
810	652.000	-52.915
810	653.000	-53.080
810	654.000	-53.313
810	655.000	-53.448
810	656.000	-53.396
810	657.000	-53.394
810	658.000	-53.494
810	659.000	-53.673
810	660.000	-53.911
810	661.000	-54.194
810	662.000	-54.508
810	663.000	-54.845
810	664.000	-55.195
810	665.000	-55.332
810	666.000	-55.502
810	667.000	-55.717
810	668.000	-55.835
810	669.000	-55.892
810	670.000	-56.016
810	671.000	-56.191
810	672.000	-56.405
810	673.000	-56.459
810	674.000	-56.267
810	675.000	-56.195
810	676.000	-56.217
810	677.000	-56.205
810	678.000	-56.132
810	679.000	-56.154
810	680.000	-56.249
810	681.000	-56.196
810	682.000	-56.057
810	683.000	-55.913
810	684.000	-55.801
810	685.000	-55.631
810	686.000	-55.555
810	687.000	-55.209
810	688.000	-54.812
810	689.000	-54.484
810	690.000	-54.324
810	691.000	-54.296
810	692.000	-54.368
810	693.000	-54.517
810	694.000	-54.725
810	695.000	-54.977
810	696.000	-55.107
810	697.000	-55.205
810	698.000	-55.368
810	699.000	-55.579
810	700.000	-55.719
810	701.000	-55.770
810	702.000	-55.891
810	703.000	-56.065
810	704.000	-56.076
810	705.000	-56.118
810	706.000	-56.229
810	707.000	-56.393
810	708.000	-56.596
810	709.000	-56.827
810	710.000	-57.079
810	711.000	-57.345
810	712.000	-57.435
810	713.000	-57.419
810	714.000	-56.963
810	715.000	-56.522
810	716.000	-56.257
810	717.000	-56.131
810	718.000	-55.784
810	719.000	-55.434
810	720.000	-55.250
810	721.000	-54.804
810	722.000	-53.981
810	723.000	-53.450
810	724.000	-53.146
810	725.000	-53.017
810	726.000	-52.996
810	727.000	-52.880
810	728.000	-52.896
810	729.000	-53.016
810	730.000	-53.162
810	731.000	-53.197
810	732.000	-53.327
810	733.000	-53.245
810	734.000	-53.102
810	735.000	-53.098
810	736.000	-53.199
810	737.000	-53.381
810	738.000	-53.624
810	739.000	-53.886
810	740.000	-53.976
810	741.000	-54.142
810	742.000	-54.367
810	743.000	-54.417
810	744.000	-54.527
810	745.000	-54.704
810	746.000	-54.932
810	747.000	-54.977
810	748.000	-55.079
810	749.000	-55.245
810	750.000	-55.432
810	751.000	-55.445
810	752.000	-55.538
810	753.000	-55.694
810	754.000	-55.897
810	755.000	-56.135
810	756.000	-56.398
810	757.000	-56.678
810	758.000	-56.969
810	759.000	-57.266
810	760.000	-57.083
810	761.000	-56.990
810	762.000	-56.906
810	763.000	-56.744
810	764.000	-56.464
810	765.000	-56.302
810	766.000	-56.074
810	767.000	-55.910
810	768.000	-55.863
810	769.000	-55.907
810	770.000	-56.022
810	771.000	-56.189
810	772.000	-56.397
810	773.000	-56.527
810	774.000	-56.560
810	775.000	-56.660
810	776.000	-56.630
810	777.000	-56.612
810	778.000	-56.672
810	779.000	-56.792
810	780.000	-56.957
810	781.000	-56.951
810	782.000	-56.971
810	783.000	-57.058
810	784.000	-57.195
810	785.000	-57.370
810	786.000	-57.574
810	787.000	-57.613
810	788.000	-57.638
810	789.000	-57.723
810	790.000	-57.644
810	791.000	-57.520
810	792.000	-57.319
810	793.000	-57.232
810	794.000	-57.124
810	795.000	-57.423
810	796.000	-57.650
810	797.000	-57.743
810	798.000	-57.878
810	799.000	-58.043
810	800.000	-57.961
810	801.000	-57.721
810	802.000	-57.602
810	803.000	-57.415
810	804.000	-57.137
810	805.000	-56.851
810	806.000	-56.703
810	807.000	-56.662
810	808.000	-56.704
810	809.000	-56.809
810	810.000	-56.963
810	811.000	-57.153
810	812.000	-57.369
810	813.000	-57.605
810	814.000	-57.853
810	815.000	-58.108
810	816.000	-58.368
810	817.000	-58.629
810	818.000	-58.887
810	819.000	-58.883
810	820.000	-58.933
810	821.000	-59.026
810	822.000	-59.151
810	823.000	-59.299
810	824.000	-59.465
810	825.000	-59.643
810	826.000	-59.828
810	827.000	-59.877
810	828.000	-59.724
810	829.000	-59.501
810	830.000	-59.378
810	831.000	-59.332
810	832.000	-59.347
810	833.000	-59.322
810	834.000	-59.177
810	835.000	-58.857
810	836.000	-58.663
810	837.000	-58.407
810	838.000	-58.173
810	839.000	-58.023
810	840.000	-57.743
810	841.000	-57.591
810	842.000	-57.538
810	843.000	-57.564
810	844.000	-57.593
810	845.000	-57.483
810	846.000	-57.464
810	847.000	-57.263
810	848.000	-57.068
810	849.000	-56.845
810	850.000	-56.744
810	851.000	-56.739
810	852.000	-56.808
810	853.000	-56.826
810	854.000	-56.769
810	855.000	-56.798
810	856.000	-56.892
810	857.000	-57.037
810	858.000	-57.219
810	859.000	-57.430
810	860.000	-57.660
810	861.000	-57.904
810	862.000	-58.127
810	863.000	-58.134
810	864.000	-57.985
810	865.000	-57.636
810	866.000	-57.179
810	867.000	-56.897
810	868.000	-56.644
810	869.000	-56.224
810	870.000	-55.887
810	871.000	-55.486
810	872.000	-55.240
810	873.000	-55.136
810	874.000	-55.143
810	875.000	-55.235
810	876.000	-55.392
810	877.000	-55.572
810	878.000	-55.399
810	879.000	-55.283
810	880.000	-55.280
810	881.000	-55.363
810	882.000	-55.512
810	883.000	-55.711
810	884.000	-55.792
810	885.000	-55.845
810	886.000	-55.967
810	887.000	-55.939
810	888.000	-55.952
810	889.000	-56.043
810	890.000	-56.111
810	891.000	-56.075
810	892.000	-56.045
810	893.000	-55.936
810	894.000	-55.800
810	895.000	-55.417
810	896.000	-55.207
810	897.000	-55.131
810	898.000	-55.080
810	899.000	-54.689
810	900.000	-54.275
810	901.000	-54.052
810	902.000	-53.976
810	903.000	-54.015
810	904.000	-54.142
810	905.000	-54.257
810	906.000	-54.281
810	907.000	-54.393
810	908.000	-54.573
810	909.000	-54.805
810	910.000	-54.854
810	911.000	-54.856
810	912.000	-54.809
810	913.000	-54.862
810	914.000	-54.993
810	915.000	-55.183
810	916.000	-55.416
810	917.000	-55.682
810	918.000	-55.970
810	919.000	-56.274
810	920.000	-56.587
810	921.000	-56.876
810	922.000	-56.950
810	923.000	-56.970
810	924.000	-56.913
810	925.000	-56.941
810	926.000	-57.033
810	927.000	-57.175
810	928.000	-57.354
810	929.000	-57.560
810	930.000	-57.786
810	931.000	-58.026
810	932.000	-58.112
810	933.000	-57.851
810	934.000	-57.413
810	935.000	-56.975
810	936.000	-56.708
810	937.000	-56.575
810	938.000	-56.547
810	939.000	-56.600
810	940.000	-56.715
810	941.000	-56.627
810	942.000	-56.633
810	943.000	-56.712
810	944.000	-56.846
810	945.000	-57.021
810	946.000	-57.228
810	947.000	-57.298
810	948.000	-56.916
810	949.000	-56.602
810	950.000	-56.433
810	951.000	-56.379
810	952.000	-56.209
810	953.000	-56.112
810	954.000	-56.114
810	955.000	-56.063
810	956.000	-55.763
810	957.000	-55.591
810	958.000	-55.542
810	959.000	-55.387
810	960.000	-55.308
810	961.000	-55.333
810	962.000	-55.437
810	963.000	-55.574
810	964.000	-55.546
810	965.000	-55.608
810	966.000	-55.739
810	967.000	-55.922
810	968.000	-56.143
810	969.000	-56.394
810	970.000	-56.664
810	971.000	-56.948
810	972.000	-57.010
810	973.000	-57.107
810	974.000	-57.251
810	975.000	-57.216
810	976.000	-56.969
810	977.000	-56.599
810	978.000	-56.389
810	979.000	-56.303
810	980.000	-56.313
810	981.000	-56.397
810	982.000	-56.538
810	983.000	-56.722
810	984.000	-56.938
810	985.000	-56.948
810	986.000	-57.004
810	987.000	-57.118
810	988.000	-57.220
810	989.000	-57.172
810	990.000	-57.203
810	991.000	-57.214
810	992.000	-57.121
810	993.000	-57.118
810	994.000	-57.186
810	995.000	-57.308
810	996.000	-57.470
810	997.000	-57.662
810	998.000	-57.740
810	999.000	-57.746
810	1000.000	-57.814
810	1001.000	-57.931
810	1002.000	-58.083
810	1003.000	-58.263
810	1004.000	-58.462
810	1005.000	-58.463
810	1006.000	-58.474
810	1007.000	-58.541
810	1008.000	-58.650
810	1009.000	-58.733
810	1010.000	-58.651
810	1011.000	-58.587
810	1012.000	-58.392
810	1013.000	-58.301
810	1014.000	-58.289
810	1015.000	-58.338
810	1016.000	-58.436
810	1017.000	-58.569
810	1018.000	-58.730
810	1019.000	-58.881
810	1020.000	-58.822
810	1021.000	-58.830
810	1022.000	-58.728
810	1023.000	-58.608
810	1024.000	-58.572
810	1025.000	-58.572
810	1026.000	-58.143
810	1027.000	-57.629
810	1028.000	-57.036
810	1029.000	-56.403
810	1030.000	-55.994
810	1031.000	-55.759
810	1032.000	-55.528
810	1033.000	-55.320
810	1034.000	-55.245
810	1035.000	-55.193
810	1036.000	-55.077
810	1037.000	-55.074
810	1038.000	-55.030
810	1039.000	-54.751
810	1040.000	-54.605
810	1041.000	-54.584
810	1042.000	-54.581
810	1043.000	-54.405
810	1044.000	-54.227
810	1045.000	-53.980
810	1046.000	-53.618
810	1047.000	-53.440
810	1048.000	-53.405
810	1049.000	-53.480
810	1050.000	-53.639
810	1051.000	-53.669
810	1052.000	-53.748
810	1053.000	-53.909
810	1054.000	-53.915
810	1055.000	-53.996
810	1056.000	-54.156
810	1057.000	-54.375
810	1058.000	-54.585
810	1059.000	-54.652
810	1060.000	-54.795
810	1061.000	-54.996
810	1062.000	-55.135
810	1063.000	-55.191
810	1064.000	-55.321
810	1065.000	-55.507
810	1066.000	-55.735
810	1067.000	-55.791
810	1068.000	-55.872
810	1069.000	-56.015
810	1070.000	-56.049
810	1071.000	-56.063
810	1072.000	-56.153
810	1073.000	-56.300
810	1074.000	-56.491
810	1075.000	-56.715
810	1076.000	-56.961
810	1077.000	-57.224
810	1078.000	-57.496
810	1079.000	-57.775
810	1080.000	-57.945
810	1081.000	-57.761
810	1082.000	-57.660
810	1083.000	-57.647
810	1084.000	-57.702
810	1085.000	-57.809
810	1086.000	-57.955
810	1087.000	-58.074
810	1088.000	-58.028
810	1089.000	-58.054
810	1090.000	-58.135
810	1091.000	-58.049
810	1092.000	-57.732
810	1093.000	-57.309
810	1094.000	-57.051
810	1095.000	-56.922
810	1096.000	-56.866
810	1097.000	-56.515
810	1098.000	-56.025
810	1099.000	-55.684
810	1100.000	-55.504
810	1101.000	-55.448
810	1102.000	-55.490
810	1103.000	-55.606
810	1104.000	-55.778
810	1105.000	-55.993
810	1106.000	-56.037
810	1107.000	-56.105
810	1108.000	-56.236
810	1109.000	-56.415
810	1110.000	-56.630
810	1111.000	-56.870
810	1112.000	-57.129
810	1113.000	-57.399
810	1114.000	-57.677
810	1115.000	-57.929
810	1116.000	-57.931
810	1117.000	-57.769
810	1118.000	-57.707
810	1119.000	-57.724
810	1120.000	-57.801
810	1121.000	-57.924
810	1122.000	-58.082
810	1123.000	-58.266
810	1124.000	-58.468
810	1125.000	-58.683
810	1126.000	-58.906
810	1127.000	-59.133
810	1128.000	-59.362
810	1129.000	-59.504
810	1130.000	-59.456
810	1131.000	-59.236
810	1132.000	-59.117
810	1133.000	-59.076
810	1134.000	-58.985
810	1135.000	-58.819
810	1136.000	-58.746
810	1137.000	-58.532
810	1138.000	-58.377
810	1139.000	-58.316
810	1140.000	-58.328
810	1141.000	-58.396
810	1142.000	-58.507
810	1143.000	-58.650
810	1144.000	-58.818
810	1145.000	-58.891
810	1146.000	-58.853
810	1147.000	-58.690
810	1148.000	-58.549
810	1149.000	-58.496
810	1150.000	-58.484
810	1151.000	-58.304
810	1152.000	-58.037
810	1153.000	-57.569
810	1154.000	-57.274
810	1155.000	-57.115
810	1156.000	-57.062
810	1157.000	-57.091
810	1158.000	-57.183
810	1159.000	-57.323
810	1160.000	-57.500
810	1161.000	-57.593
810	1162.000	-57.587
810	1163.000	-57.463
810	1164.000	-57.364
810	1165.000	-57.355
810	1166.000	-57.416
810	1167.000	-57.299
810	1168.000	-57.254
810	1169.000	-57.288
810	1170.000	-57.382
810	1171.000	-57.522
810	1172.000	-57.697
810	1173.000	-57.762
810	1174.000	-57.756
810	1175.000	-57.816
810	1176.000	-57.926
810	1177.000	-58.073
810	1178.000	-58.249
810	1179.000	-58.445
810	1180.000	-58.420
810	1181.000	-58.436
810	1182.000	-58.506
810	1183.000	-58.618
810	1184.000	-58.761
810	1185.000	-58.739
810	1186.000	-58.706
810	1187.000	-58.736
810	1188.000	-58.815
810	1189.000	-58.930
810	1190.000	-59.074
810	1191.000	-59.237
810	1192.000	-59.416
810	1193.000	-59.603
810	1194.000	-59.797
810	1195.000	-59.994
810	1196.000	-60.191
810	1197.000	-60.273
810	1198.000	-60.226
810	1199.000	-60.118
810	1200.000	-59.926
810	1201.000	-59.583
810	1202.000	-59.342
810	1203.000	-59.206
810	1204.000	-59.094
810	1205.000	-58.858
810	1206.000	-58.729
810	1207.000	-58.684
810	1208.000	-58.706
810	1209.000	-58.778
810	1210.000	-58.888
810	1211.000	-59.028
810	1212.000	-59.190
810	1213.000	-59.254
810	1214.000	-59.206
810	1215.000	-59.219
810	1216.000	-59.281
810	1217.000	-59.379
810	1218.000	-59.505
810	1219.000	-59.651
810	1220.000	-59.621
810	1221.000	-59.544
810	1222.000	-59.299
810	1223.000	-59.161
810	1224.000	-59.105
810	1225.000	-59.114
810	1226.000	-59.172
810	1227.000	-59.269
810	1228.000	-59.395
810	1229.000	-59.403
810	1230.000	-59.336
810	1231.000	-59.334
810	1232.000	-59.144
810	1233.000	-59.026
810	1234.000	-58.799
810	1235.000	-58.521
810	1236.000	-57.936
810	1237.000	-57.550
810	1238.000	-57.318
810	1239.000	-57.206
810	1240.000	-57.189
810	1241.000	-57.244
810	1242.000	-57.356
810	1243.000	-57.509
810	1244.000	-57.695
810	1245.000	-57.903
810	1246.000	-57.992
810	1247.000	-58.003
810	1248.000	-58.073
810	1249.000	-58.131
810	1250.000	-58.038
810	1251.000	-58.027
810	1252.000	-58.080
810	1253.000	-57.949
810	1254.000	-57.887
810	1255.000	-57.902
810	1256.000	-57.976
810	1257.000	-58.096
810	1258.000	-58.250
810	1259.000	-58.428
810	1260.000	-58.568
810	1261.000	-58.504
810	1262.000	-58.282
810	1263.000	-58.171
810	1264.000	-58.144
810	1265.000	-58.184
810	1266.000	-58.276
810	1267.000	-58.406
810	1268.000	-58.481
810	1269.000	-58.052
810	1270.000	-57.642
810	1271.000	-57.391
810	1272.000	-57.130
810	1273.000	-56.881
810	1274.000	-56.579
810	1275.000	-56.353
810	1276.000	-56.255
810	1277.000	-56.256
810	1278.000	-56.334
810	1279.000	-56.470
810	1280.000	-56.570
810	1281.000	-56.554
810	1282.000	-56.435
810	1283.000	-56.350
810	1284.000	-56.361
810	1285.000	-56.446
810	1286.000	-56.587
810	1287.000	-56.770
810	1288.000	-56.985
810	1289.000	-56.994
810	1290.000	-57.049
810	1291.000	-57.162
810	1292.000	-57.318
810	1293.000	-57.507
810	1294.000	-57.720
810	1295.000	-57.950
810	1296.000	-58.191
810	1297.000	-58.228
810	1298.000	-58.270
810	1299.000	-58.362
810	1300.000	-58.491
810	1301.000	-58.650
810	1302.000	-58.829
810	1303.000	-58.834
810	1304.000	-58.528
810	1305.000	-57.733
810	1306.000	-56.822
810	1307.000	-56.199
810	1308.000	-55.800
810	1309.000	-55.493
810	1310.000	-54.935
810	1311.000	-54.597
810	1312.000	-54.428
810	1313.000	-54.391
810	1314.000	-54.456
810	1315.000	-54.600
810	1316.000	-54.802
810	1317.000	-55.049
810	1318.000	-55.223
810	1319.000	-55.306
810	1320.000	-55.455
810	1321.000	-55.524
810	1322.000	-55.547
810	1323.000	-55.648
810	1324.000	-55.386
810	1325.000	-55.123
810	1326.000	-54.670
810	1327.000	-54.348
810	1328.000	-54.044
810	1329.000	-53.820
810	1330.000	-53.745
810	1331.000	-53.787
810	1332.000	-53.918
810	1333.000	-53.880
810	1334.000	-53.895
810	1335.000	-53.821
810	1336.000	-53.862
810	1337.000	-53.991
810	1338.000	-54.188
810	1339.000	-54.436
810	1340.000	-54.722
810	1341.000	-55.034
810	1342.000	-55.259
810	1343.000	-55.204
810	1344.000	-55.181
810	1345.000	-55.097
810	1346.000	-55.030
810	1347.000	-55.066
810	1348.000	-55.181
810	1349.000	-55.356
810	1350.000	-55.578
810	1351.000	-55.832
810	1352.000	-56.111
810	1353.000	-56.406
810	1354.000	-56.711
810	1355.000	-56.939
810	1356.000	-57.018
810	1357.000	-57.150
810	1358.000	-57.321
810	1359.000	-57.522
810	1360.000	-57.407
810	1361.000	-57.033
810	1362.000	-56.747
810	1363.000	-56.599
810	1364.000	-56.558
810	1365.000	-56.602
810	1366.000	-56.627
810	1367.000	-56.553
810	1368.000	-56.571
810	1369.000	-56.658
810	1370.000	-56.800
810	1371.000	-56.982
810	1372.000	-57.194
810	1373.000	-57.293
810	1374.000	-57.291
810	1375.000	-57.134
810	1376.000	-57.082
810	1377.000	-57.111
810	1378.000	-57.203
810	1379.000	-57.344
810	1380.000	-57.520
810	1381.000	-57.723
810	1382.000	-57.945
810	1383.000	-58.180
810	1384.000	-58.338
810	1385.000	-58.091
810	1386.000	-57.960
810	1387.000	-57.922
810	1388.000	-57.954
810	1389.000	-58.041
810	1390.000	-58.171
810	1391.000	-58.331
810	1392.000	-58.377
810	1393.000	-58.351
810	1394.000	-58.390
810	1395.000	-58.478
810	1396.000	-58.604
810	1397.000	-58.758
810	1398.000	-58.720
810	1399.000	-58.615
810	1400.000	-58.160
810	1401.000	-57.685
810	1402.000	-57.315
810	1403.000	-57.097
810	1404.000	-56.817
810	1405.000	-56.524
810	1406.000	-56.205
810	1407.000	-55.983
810	1408.000	-55.700
810	1409.000	-55.564
810	1410.000	-55.542
810	1411.000	-55.609
810	1412.000	-55.743
810	1413.000	-55.928
810	1414.000	-56.098
810	1415.000	-56.115
810	1416.000	-56.206
810	1417.000	-56.354
810	1418.000	-56.546
810	1419.000	-56.769
810	1420.000	-57.015
810	1421.000	-57.276
810	1422.000	-57.548
810	1423.000	-57.689
810	1424.000	-57.744
810	1425.000	-57.851
810	1426.000	-57.996
810	1427.000	-58.171
810	1428.000	-58.368
810	1429.000	-58.579
810	1430.000	-58.564
810	1431.000	-58.586
810	1432.000	-58.660
810	1433.000	-58.773
810	1434.000	-58.916
810	1435.000	-59.081
810	1436.000	-59.261
810	1437.000	-59.452
810	1438.000	-59.650
810	1439.000	-59.851
810	1440.000	-60.053
810	1441.000	-60.253
810	1442.000	-60.310
810	1443.000	-60.270
810	1444.000	-60.282
810	1445.000	-60.332
810	1446.000	-60.412
810	1447.000	-60.515
810	1448.000	-60.635
810	1449.000	-60.766
810	1450.000	-60.790
810	1451.000	-60.694
810	1452.000	-60.656
810	1453.000	-60.666
810	1454.000	-60.543
810	1455.000	-60.195
810	1456.000	-59.897
810	1457.000	-59.711
810	1458.000	-59.501
810	1459.000	-59.238
810	1460.000	-59.085
810	1461.000	-59.020
810	1462.000	-58.936
810	1463.000	-58.666
810	1464.000	-58.340
810	1465.000	-58.147
810	1466.000	-58.058
810	1467.000	-57.915
810	1468.000	-57.747
810	1469.000	-57.682
810	1470.000	-57.696
810	1471.000	-57.661
810	1472.000	-57.554
810	1473.000	-57.538
810	1474.000	-57.590
810	1475.000	-57.697
810	1476.000	-57.843
810	1477.000	-58.021
810	1478.000	-58.220
810	1479.000	-58.435
810	1480.000	-58.659
810	1481.000	-58.890
810	1482.000	-59.124
810	1483.000	-59.358
810	1484.000	-59.589
810	1485.000	-59.817
810	1486.000	-60.041
810	1487.000	-59.899
810	1488.000	-59.664
810	1489.000	-59.315
810	1490.000	-58.749
810	1491.000	-57.733
810	1492.000	-56.750
810	1493.000	-56.005
810	1494.000	-55.515
810	1495.000	-55.046
810	1496.000	-54.708
810	1497.000	-54.539
810	1498.000	-54.501
810	1499.000	-54.564
810	1500.000	-54.704
810	1501.000	-54.706
810	1502.000	-54.515
810	1503.000	-54.460
810	1504.000	-54.510
810	1505.000	-54.641
810	1506.000	-54.730
810	1507.000	-54.752
810	1508.000	-54.859
810	1509.000	-55.032
810	1510.000	-55.253
810	1511.000	-55.068
810	1512.000	-54.970
810	1513.000	-54.982
810	1514.000	-55.079
810	1515.000	-55.242
810	1516.000	-55.455
810	1517.000	-55.704
810	1518.000	-55.979
810	1519.000	-56.140
810	1520.000	-56.228
810	1521.000	-56.373
810	1522.000	-56.561
810	1523.000	-56.700
810	1524.000	-56.486
810	1525.000	-56.373
810	1526.000	-56.363
810	1527.000	-56.430
810	1528.000	-56.477
810	1529.000	-56.420
810	1530.000	-56.453
810	1531.000	-56.553
810	1532.000	-56.705
810	1533.000	-56.510
810	1534.000	-56.322
810	1535.000	-56.253
810	1536.000	-56.222
810	1537.000	-56.083
810	1538.000	-56.054
810	1539.000	-56.110
810	1540.000	-56.101
810	1541.000	-56.056
810	1542.000	-56.100
810	1543.000	-55.966
810	1544.000	-55.943
810	1545.000	-55.775
810	1546.000	-55.335
810	1547.000	-54.794
810	1548.000	-54.404
810	1549.000	-54.071
810	1550.000	-53.800
810	1551.000	-53.691
810	1552.000	-53.706
810	1553.000	-53.646
810	1554.000	-53.635
810	1555.000	-53.726
810	1556.000	-53.896
810	1557.000	-54.023
810	1558.000	-54.082
810	1559.000	-54.224
810	1560.000	-54.375
810	1561.000	-54.400
810	1562.000	-54.294
810	1563.000	-54.286
810	1564.000	-54.270
810	1565.000	-54.044
810	1566.000	-53.902
810	1567.000	-53.524
810	1568.000	-53.230
810	1569.000	-53.107
810	1570.000	-53.117
810	1571.000	-53.038
810	1572.000	-53.040
810	1573.000	-53.147
810	1574.000	-53.132
810	1575.000	-52.959
810	1576.000	-52.932
810	1577.000	-52.786
810	1578.000	-52.780
810	1579.000	-52.883
810	1580.000	-53.070
810	1581.000	-52.916
810	1582.000	-52.672
810	1583.000	-52.530
810	1584.000	-52.479
810	1585.000	-52.370
810	1586.000	-52.398
810	1587.000	-52.479
810	1588.000	-52.472
810	1589.000	-52.453
810	1590.000	-52.442
810	1591.000	-52.354
810	1592.000	-52.357
810	1593.000	-52.470
810	1594.000	-52.667
810	1595.000	-52.782
810	1596.000	-52.769
810	1597.000	-52.608
810	1598.000	-52.281
810	1599.000	-52.142
810	1600.000	-52.149
810	1601.000	-52.266
810	1602.000	-52.469
810	1603.000	-52.737
810	1604.000	-52.975
810	1605.000	-52.940
810	1606.000	-52.954
810	1607.000	-53.072
810	1608.000	-53.268
810	1609.000	-53.522
810	1610.000	-53.821
810	1611.000	-54.151
810	1612.000	-54.503
810	1613.000	-54.869
810	1614.000	-55.243
810	1615.000	-55.619
810	1616.000	-55.995
810	1617.000	-56.367
810	1618.000	-56.732
810	1619.000	-57.090
810	1620.000	-57.410
810	1621.000	-57.340
810	1622.000	-57.261
810	1623.000	-57.054
810	1624.000	-56.676
810	1625.000	-56.459
810	1626.000	-56.367
810	1627.000	-56.371
810	1628.000	-56.451
810	1629.000	-56.507
810	1630.000	-56.457
810	1631.000	-56.494
810	1632.000	-56.597
810	1633.000	-56.390
810	1634.000	-56.170
810	1635.000	-56.078
810	1636.000	-56.086
810	1637.000	-56.171
810	1638.000	-56.314
810	1639.000	-56.502
810	1640.000	-56.722
810	1641.000	-56.967
810	1642.000	-57.227
810	1643.000	-56.861
810	1644.000	-56.534
810	1645.000	-56.154
810	1646.000	-55.895
810	1647.000	-55.776
810	1648.000	-55.766
810	1649.000	-55.439
810	1650.000	-55.183
810	1651.000	-55.072
810	1652.000	-55.074
810	1653.000	-54.986
810	1654.000	-54.941
810	1655.000	-54.995
810	1656.000	-55.124
810	1657.000	-55.258
810	1658.000	-55.257
810	1659.000	-55.343
810	1660.000	-55.494
810	1661.000	-55.695
810	1662.000	-55.933
810	1663.000	-56.198
810	1664.000	-56.481
810	1665.000	-56.776
810	1666.000	-57.023
810	1667.000	-57.089
810	1668.000	-57.209
810	1669.000	-57.372
810	1670.000	-57.565
810	1671.000	-57.781
810	1672.000	-58.012
810	1673.000	-58.254
810	1674.000	-58.501
810	1675.000	-58.751
810	1676.000	-59.001
810	1677.000	-59.248
810	1678.000	-59.491
810	1679.000	-59.729
810	1680.000	-59.821
810	1681.000	-59.312
810	1682.000	-58.947
810	1683.000	-58.720
810	1684.000	-58.599
810	1685.000	-58.562
810	1686.000	-58.590
810	1687.000	-58.669
810	1688.000	-58.785
810	1689.000	-58.931
810	1690.000	-59.097
810	1691.000	-59.279
810	1692.000	-59.413
810	1693.000	-59.362
810	1694.000	-59.372
810	1695.000	-59.215
810	1696.000	-59.098
810	1697.000	-59.059
810	1698.000	-58.918
810	1699.000	-58.766
810	1700.000	-58.305
810	1701.000	-57.893
810	1702.000	-57.638
810	1703.000	-57.507
810	1704.000	-57.471
810	1705.000	-57.510
810	1706.000	-57.606
810	1707.000	-57.746
810	1708.000	-57.918
810	1709.000	-58.115
810	1710.000	-58.328
810	1711.000	-58.553
810	1712.000	-58.785
810	1713.000	-59.020
810	1714.000	-59.256
810	1715.000	-59.377
810	1716.000	-59.372
810	1717.000	-59.417
810	1718.000	-59.502
810	1719.000	-59.616
810	1720.000	-59.752
810	1721.000	-59.904
810	1722.000	-60.068
810	1723.000	-60.239
810	1724.000	-60.413
810	1725.000	-60.347
810	1726.000	-60.376
810	1727.000	-60.541
810	1728.000	-60.441
810	1729.000	-59.785
810	1730.000	-59.169
810	1731.000	-58.753
810	1732.000	-58.491
810	1733.000	-58.347
810	1734.000	-58.267
810	1735.000	-58.038
810	1736.000	-57.738
810	1737.000	-57.502
810	1738.000	-57.387
810	1739.000	-57.337
810	1740.000	-57.143
810	1741.000	-57.062
810	1742.000	-56.786
810	1743.000	-56.429
810	1744.000	-56.231
810	1745.000	-56.156
810	1746.000	-56.175
810	1747.000	-56.268
810	1748.000	-56.417
810	1749.000	-56.404
810	1750.000	-56.425
810	1751.000	-56.517
810	1752.000	-56.663
810	1753.000	-56.716
810	1754.000	-56.714
810	1755.000	-56.785
810	1756.000	-56.912
810	1757.000	-57.082
810	1758.000	-57.256
810	1759.000	-57.126
810	1760.000	-56.952
810	1761.000	-56.889
810	1762.000	-56.912
810	1763.000	-57.001
810	1764.000	-57.140
810	1765.000	-57.134
810	1766.000	-57.130
810	1767.000	-57.196
810	1768.000	-57.317
810	1769.000	-57.478
810	1770.000	-57.416
810	1771.000	-57.435
810	1772.000	-57.516
810	1773.000	-57.645
810	1774.000	-57.810
810	1775.000	-58.002
810	1776.000	-58.212
810	1777.000	-58.436
810	1778.000	-58.668
810	1779.000	-58.904
810	1780.000	-59.142
810	1781.000	-59.379
810	1782.000	-59.612
810	1783.000	-59.702
810	1784.000	-59.695
810	1785.000	-59.473
810	1786.000	-59.351
810	1787.000	-59.306
810	1788.000	-59.321
810	1789.000	-59.383
810	1790.000	-59.481
810	1791.000	-59.605
810	1792.000	-59.750
810	1793.000	-59.909
810	1794.000	-60.077
810	1795.000	-60.251
810	1796.000	-60.429
810	1797.000	-60.608
810	1798.000	-60.542
810	1799.000	-60.506
810	1800.000	-60.519
810	1801.000	-60.426
810	1802.000	-60.269
810	1803.000	-60.190
810	1804.000	-60.030
810	1805.000	-59.563
810	1806.000	-58.990
810	1807.000	-58.603
810	1808.000	-58.251
810	1809.000	-57.708
810	1810.000	-57.286
810	1811.000	-57.029
810	1812.000	-56.901
810	1813.000	-56.874
810	1814.000	-56.925
810	1815.000	-57.035
810	1816.000	-56.962
810	1817.000	-56.772
810	1818.000	-56.629
810	1819.000	-56.345
810	1820.000	-56.046
810	1821.000	-55.803
810	1822.000	-55.670
810	1823.000	-55.060
810	1824.000	-54.569
810	1825.000	-54.284
810	1826.000	-54.159
810	1827.000	-54.158
810	1828.000	-54.253
810	1829.000	-54.421
810	1830.000	-54.565
810	1831.000	-54.607
810	1832.000	-54.678
810	1833.000	-54.636
810	1834.000	-54.695
810	1835.000	-54.831
810	1836.000	-55.027
810	1837.000	-55.266
810	1838.000	-55.537
810	1839.000	-55.653
810	1840.000	-55.758
810	1841.000	-55.921
810	1842.000	-56.127
810	1843.000	-56.365
810	1844.000	-56.571
810	1845.000	-56.611
810	1846.000	-56.716
810	1847.000	-56.712
810	1848.000	-56.690
810	1849.000	-56.747
810	1850.000	-56.863
810	1851.000	-56.843
810	1852.000	-56.830
810	1853.000	-56.893
810	1854.000	-57.013
810	1855.000	-56.947
810	1856.000	-56.945
810	1857.000	-57.015
810	1858.000	-57.139
810	1859.000	-57.305
810	1860.000	-56.937
810	1861.000	-56.454
810	1862.000	-55.813
810	1863.000	-55.337
810	1864.000	-55.056
810	1865.000	-54.928
810	1866.000	-54.918
810	1867.000	-54.998
810	1868.000	-55.149
810	1869.000	-55.353
810	1870.000	-55.596
810	1871.000	-55.867
810	1872.000	-55.979
810	1873.000	-56.078
810	1874.000	-56.233
810	1875.000	-56.430
810	1876.000	-56.659
810	1877.000	-56.911
810	1878.000	-56.971
810	1879.000	-57.044
810	1880.000	-57.170
810	1881.000	-57.337
810	1882.000	-57.534
810	1883.000	-57.500
810	1884.000	-57.539
810	1885.000	-57.635
810	1886.000	-57.775
810	1887.000	-57.947
810	1888.000	-58.143
810	1889.000	-58.356
810	1890.000	-58.443
810	1891.000	-58.336
810	1892.000	-58.138
810	1893.000	-57.818
810	1894.000	-57.635
810	1895.000	-57.559
810	1896.000	-57.565
810	1897.000	-57.636
810	1898.000	-57.756
810	1899.000	-57.912
810	1900.000	-58.097
810	1901.000	-58.301
810	1902.000	-58.519
810	1903.000	-58.745
810	1904.000	-58.977
810	1905.000	-59.071
810	1906.000	-58.936
810	1907.000	-58.576
810	1908.000	-58.285
810	1909.000	-58.119
810	1910.000	-58.051
810	1911.000	-58.061
810	1912.000	-57.919
810	1913.000	-57.826
810	1914.000	-57.633
810	1915.000	-57.479
810	1916.000	-57.427
810	1917.000	-57.453
810	1918.000	-57.540
810	1919.000	-57.673
810	1920.000	-57.812
810	1921.000	-57.757
810	1922.000	-57.779
810	1923.000	-57.859
810	1924.000	-57.985
810	1925.000	-58.144
810	1926.000	-58.328
810	1927.000	-58.530
810	1928.000	-58.744
810	1929.000	-58.966
810	1930.000	-59.191
810	1931.000	-59.157
810	1932.000	-58.969
810	1933.000	-58.829
810	1934.000	-58.638
810	1935.000	-58.426
810	1936.000	-58.320
810	1937.000	-58.297
810	1938.000	-58.095
810	1939.000	-57.731
810	1940.000	-57.515
810	1941.000	-57.184
810	1942.000	-56.976
810	1943.000	-56.886
810	1944.000	-56.888
810	1945.000	-56.756
810	1946.000	-56.681
810	1947.000	-56.697
810	1948.000	-56.782
810	1949.000	-56.921
810	1950.000	-57.100
810	1951.000	-57.308
810	1952.000	-57.538
810	1953.000	-57.782
810	1954.000	-58.036
810	1955.000	-58.211
810	1956.000	-58.234
810	1957.000	-58.311
810	1958.000	-58.430
810	1959.000	-58.580
810	1960.000	-58.754
810	1961.000	-58.944
810	1962.000	-59.145
810	1963.000	-59.353
810	1964.000	-59.303
810	1965.000	-58.986
810	1966.000	-58.603
810	1967.000	-58.364
810	1968.000	-58.153
810	1969.000	-57.879
810	1970.000	-57.731
810	1971.000	-57.597
810	1972.000	-57.279
810	1973.000	-56.802
810	1974.000	-56.415
810	1975.000	-56.193
810	1976.000	-56.100
810	1977.000	-56.106
810	1978.000	-56.189
810	1979.000	-56.331
810	1980.000	-56.518
810	1981.000	-56.737
810	1982.000	-56.981
810	1983.000	-57.241
810	1984.000	-57.483
810	1985.000	-57.512
810	1986.000	-57.601
810	1987.000	-57.735
810	1988.000	-57.671
810	1989.000	-57.554
810	1990.000	-57.385
810	1991.000	-57.070
810	1992.000	-56.869
810	1993.000	-56.565
810	1994.000	-56.404
810	1995.000	-56.356
810	1996.000	-56.395
810	1997.000	-56.501
810	1998.000	-56.658
810	1999.000	-56.853
810	2000.000	-57.077
