# NEST version: UNKNOWN
# RecordingBackendASCII version: 2
sender	time_ms
183	0.900
403	1.900
763	2.300
713	110.000
83	267.700
53	284.400
293	315.300
713	388.200
63	405.100
303	418.800
243	421.200
703	525.900
323	567.500
433	618.500
133	760.300
783	1037.700
333	1039.300
103	1042.800
313	1045.000
743	1049.000
3	1049.100
253	1049.100
63	1052.400
493	1054.100
93	1057.400
393	1058.000
353	1061.000
563	1062.400
753	1062.900
573	1067.300
523	1072.100
553	1101.200
133	1482.200
43	1555.200
733	1560.700
143	1562.800
253	1563.200
543	1563.400
263	1563.600
393	1564.300
113	1564.900
163	1564.900
73	1565.200
103	1565.500
443	1565.700
303	1565.800
343	1565.900
93	1566.000
293	1566.100
63	1566.300
403	1566.400
483	1566.400
553	1566.400
563	1566.400
513	1566.500
643	1566.600
763	1566.600
743	1566.800
453	1567.000
613	1567.000
673	1567.000
133	1567.100
573	1567.200
583	1567.300
693	1567.300
783	1567.300
223	1567.400
313	1567.400
413	1567.400
353	1567.500
523	1567.500
123	1567.600
153	1567.600
533	1567.600
23	1567.700
203	1567.700
593	1567.800
423	1568.000
773	1568.000
83	1568.100
503	1568.300
3	1568.700
13	1568.800
33	1568.800
383	1568.800
53	1568.900
243	1568.900
373	1568.900
603	1568.900
43	1569.000
233	1569.000
653	1569.000
283	1569.100
193	1569.200
363	1569.200
173	1569.400
633	1569.400
683	1569.400
753	1569.400
623	1569.500
493	1569.600
713	1569.600
723	1569.600
213	1569.700
183	1569.800
433	1569.900
463	1569.900
793	1569.900
473	1570.000
663	1570.000
273	1570.100
333	1570.100
733	1570.200
323	1570.500
703	1570.600
263	1571.000
143	1571.500
253	1572.000
543	1572.200
393	1572.900
73	1573.700
103	1573.800
113	1573.800
163	1574.000
553	1574.200
293	1574.400
303	1574.500
443	1574.700
343	1574.900
563	1574.900
63	1575.100
403	1575.100
513	1575.100
673	1575.300
453	1575.400
743	1575.400
763	1575.500
133	1575.700
573	1575.700
483	1576.000
93	1576.100
313	1576.100
783	1576.400
523	1576.500
153	1576.600
223	1576.600
203	1576.700
583	1576.800
643	1577.000
83	1577.200
123	1577.200
533	1577.200
503	1577.400
423	1577.500
693	1577.600
233	1577.700
593	1577.700
613	1577.700
13	1577.800
23	1577.900
383	1578.000
373	1578.100
43	1578.200
193	1578.200
283	1578.300
353	1578.400
623	1578.400
3	1578.500
413	1578.500
603	1578.500
653	1578.600
663	1578.600
773	1578.600
273	1578.700
33	1578.800
363	1578.800
753	1578.800
173	1579.000
263	1579.000
473	1579.000
463	1579.100
713	1579.100
493	1579.200
53	1579.300
213	1579.300
633	1579.300
793	1579.300
183	1579.500
433	1579.600
733	1579.700
683	1580.100
143	1580.200
243	1580.400
333	1580.500
703	1580.600
723	1580.600
323	1580.700
543	1581.400
253	1581.500
393	1581.800
163	1582.000
103	1582.300
553	1582.900
73	1583.400
113	1583.500
293	1583.600
453	1583.700
303	1583.800
443	1583.800
673	1583.900
563	1584.100
403	1584.500
343	1584.800
763	1585.200
63	1585.500
483	1585.600
583	1586.000
313	1586.200
153	1586.500
383	1586.500
93	1586.700
133	1586.700
523	1586.800
573	1586.800
643	1586.800
783	1586.800
743	1587.000
613	1587.100
13	1587.200
123	1587.200
223	1587.600
423	1587.600
513	1587.700
503	1587.800
753	1587.900
23	1588.000
43	1588.000
203	1588.000
663	1588.300
193	1588.400
263	1588.400
283	1588.600
533	1588.600
83	1588.700
413	1588.800
33	1589.100
173	1589.100
713	1589.100
3	1589.200
363	1589.300
593	1589.400
233	1589.600
373	1589.600
463	1589.700
773	1590.000
143	1590.200
353	1590.300
793	1590.300
213	1590.500
433	1590.500
473	1590.600
603	1590.700
53	1590.900
693	1590.900
623	1591.000
183	1591.100
323	1591.200
163	1591.300
273	1591.300
103	1591.800
493	1591.900
543	1592.000
723	1592.100
733	1592.300
333	1592.500
453	1592.700
653	1592.800
683	1592.900
633	1593.100
673	1593.100
253	1593.200
243	1593.600
703	1593.800
393	1593.900
113	1594.200
293	1594.500
303	1594.500
403	1594.500
443	1594.600
73	1594.800
343	1595.000
553	1595.000
63	1595.300
483	1595.900
313	1596.000
763	1596.000
643	1596.100
153	1596.200
93	1596.600
13	1596.800
783	1597.200
563	1597.300
523	1597.400
573	1597.500
23	1597.700
123	1597.800
583	1597.900
43	1598.200
423	1598.300
503	1598.400
613	1598.400
383	1598.600
513	1598.700
753	1598.700
223	1599.000
133	1599.200
743	1599.400
713	1599.600
413	1599.700
83	1599.800
533	1599.800
773	1600.000
263	1600.100
283	1600.100
173	1600.200
193	1600.900
163	1601.100
213	1601.100
363	1601.100
103	1601.200
233	1601.300
3	1601.500
203	1601.500
373	1601.500
663	1601.600
143	1601.700
323	1601.800
273	1601.900
673	1602.000
693	1602.100
463	1602.200
603	1602.200
33	1602.400
593	1602.900
653	1603.000
723	1603.000
473	1603.100
493	1603.200
733	1603.200
543	1603.300
633	1603.300
793	1603.400
183	1603.500
623	1603.500
453	1603.600
333	1603.800
433	1603.900
683	1603.900
293	1604.200
53	1604.300
353	1604.300
303	1604.500
113	1605.000
393	1605.100
63	1605.200
443	1605.200
643	1605.200
253	1605.300
343	1605.400
703	1605.400
73	1605.500
243	1605.500
313	1605.700
153	1606.000
13	1606.100
93	1606.500
763	1606.600
403	1606.700
523	1606.800
553	1607.500
23	1607.700
503	1607.800
573	1607.900
783	1608.000
483	1608.300
613	1608.400
533	1608.900
43	1609.100
123	1609.100
133	1609.100
423	1609.100
743	1609.300
563	1609.600
223	1609.700
383	1610.000
583	1610.000
213	1610.400
773	1610.400
83	1610.500
283	1610.700
203	1610.800
513	1610.800
233	1610.900
103	1611.100
263	1611.100
663	1611.500
413	1611.900
143	1612.000
753	1612.000
3	1612.100
273	1612.100
373	1612.300
713	1612.400
673	1612.600
603	1612.700
693	1612.800
173	1613.000
33	1613.100
593	1613.400
493	1613.500
653	1613.800
623	1613.900
633	1614.300
363	1614.400
473	1614.600
303	1615.100
323	1615.100
683	1615.300
733	1615.300
463	1615.400
193	1615.500
433	1615.500
353	1615.600
293	1615.800
443	1615.900
643	1616.100
73	1616.200
163	1616.300
183	1616.300
313	1616.300
53	1616.400
153	1616.500
243	1616.500
343	1616.500
453	1616.600
723	1616.600
763	1616.600
113	1617.000
253	1617.100
333	1617.200
523	1617.200
13	1617.300
63	1617.400
553	1617.500
503	1617.600
543	1617.700
703	1618.200
783	1618.400
23	1619.000
93	1619.100
403	1619.200
743	1619.200
573	1619.300
483	1619.400
133	1619.600
613	1619.600
393	1619.700
793	1619.800
123	1620.000
223	1620.000
43	1620.200
533	1620.200
83	1620.300
283	1620.400
563	1620.500
423	1620.700
773	1620.900
663	1621.000
263	1621.200
583	1621.300
413	1621.400
233	1621.600
383	1621.700
143	1621.800
103	1622.200
203	1622.200
3	1622.400
173	1622.400
213	1622.500
273	1622.500
513	1622.500
753	1622.600
373	1622.900
653	1622.900
623	1623.100
593	1623.200
603	1623.300
713	1623.400
493	1623.500
33	1623.800
673	1624.100
633	1624.200
693	1624.400
303	1624.500
363	1624.500
323	1624.600
473	1624.800
453	1625.200
683	1625.400
193	1625.500
463	1625.500
243	1625.700
313	1625.900
443	1626.000
293	1626.200
763	1626.400
343	1626.600
73	1626.900
153	1626.900
553	1626.900
163	1627.000
523	1627.000
353	1627.200
723	1627.200
63	1627.300
643	1627.400
733	1627.400
53	1627.500
113	1627.500
183	1627.600
543	1627.700
503	1628.000
703	1628.000
333	1628.200
433	1628.500
613	1628.500
23	1628.600
133	1628.600
253	1628.600
13	1628.700
783	1629.000
743	1629.100
573	1629.400
793	1629.400
223	1629.500
43	1629.600
83	1629.600
403	1629.900
533	1629.900
93	1630.100
283	1630.100
413	1630.200
393	1630.300
663	1630.300
143	1630.400
423	1630.400
123	1630.800
233	1630.800
583	1630.900
483	1631.200
563	1631.200
263	1631.400
173	1631.500
593	1631.600
623	1631.600
103	1631.700
383	1631.700
3	1632.000
513	1632.000
753	1632.000
653	1632.100
713	1632.100
773	1632.100
203	1632.200
373	1632.200
603	1632.600
213	1632.700
673	1632.800
273	1632.900
323	1633.100
33	1633.200
453	1633.500
633	1633.500
303	1633.700
693	1633.900
363	1634.100
493	1634.200
683	1634.400
193	1634.800
473	1634.800
763	1635.100
443	1635.300
463	1635.400
293	1635.500
553	1635.700
243	1635.800
63	1635.900
163	1635.900
543	1636.000
343	1636.100
73	1636.200
523	1636.400
53	1636.500
153	1636.500
643	1636.500
733	1636.500
313	1636.700
353	1636.800
183	1637.100
503	1637.100
113	1637.400
613	1637.400
23	1637.500
253	1637.600
333	1637.700
133	1637.800
43	1637.900
433	1637.900
703	1637.900
13	1638.000
573	1638.000
723	1638.300
83	1638.400
423	1638.400
143	1638.500
93	1638.600
793	1638.600
223	1638.800
413	1638.900
783	1638.900
533	1639.000
283	1639.100
393	1639.100
743	1639.400
663	1639.500
403	1639.700
583	1639.700
373	1640.100
563	1640.100
233	1640.200
753	1640.200
173	1640.300
263	1640.300
623	1640.300
103	1640.400
123	1640.400
483	1640.400
203	1640.500
593	1640.500
713	1640.500
603	1641.000
213	1641.100
383	1641.100
773	1641.200
653	1641.300
673	1641.300
3	1641.400
323	1641.400
633	1641.800
33	1641.900
453	1641.900
513	1642.000
303	1642.300
363	1642.600
693	1642.700
273	1642.800
763	1643.500
443	1643.800
493	1643.800
63	1643.900
293	1643.900
473	1644.000
463	1644.100
243	1644.300
553	1644.300
73	1644.400
683	1644.500
163	1644.700
543	1644.700
193	1644.800
343	1644.800
523	1644.800
643	1645.000
53	1645.500
113	1645.600
503	1645.600
153	1645.700
613	1645.700
23	1645.900
43	1645.900
353	1645.900
733	1645.900
183	1646.000
313	1646.100
423	1646.200
433	1646.600
13	1646.700
253	1646.800
333	1646.900
703	1646.900
723	1646.900
83	1647.000
133	1647.000
143	1647.000
573	1647.000
93	1647.100
283	1647.100
533	1647.100
793	1647.100
413	1647.500
403	1647.600
783	1647.700
223	1647.800
203	1648.100
393	1648.100
663	1648.100
263	1648.200
373	1648.300
233	1648.400
753	1648.400
583	1648.500
173	1648.700
483	1648.700
563	1648.700
103	1648.800
623	1648.800
323	1648.900
673	1648.900
713	1648.900
743	1649.100
773	1649.100
123	1649.200
593	1649.200
213	1649.400
383	1649.500
603	1649.500
653	1649.700
3	1649.800
453	1649.800
633	1650.000
33	1650.300
303	1650.700
693	1650.800
273	1650.900
363	1651.200
513	1651.200
763	1651.200
443	1651.600
63	1651.900
293	1652.000
463	1652.000
73	1652.100
553	1652.300
493	1652.400
343	1652.500
543	1652.500
243	1652.800
163	1652.900
523	1652.900
473	1653.200
683	1653.200
503	1653.300
193	1653.500
643	1653.500
733	1653.500
53	1653.700
113	1653.700
23	1653.800
153	1653.900
183	1653.900
613	1653.900
43	1654.300
313	1654.300
353	1654.300
13	1654.500
423	1654.500
283	1654.600
723	1654.600
703	1654.700
83	1655.000
133	1655.000
253	1655.000
433	1655.000
533	1655.000
93	1655.200
573	1655.200
333	1655.400
413	1655.400
793	1655.400
403	1655.500
783	1655.600
203	1655.700
263	1655.700
223	1655.800
143	1655.900
373	1655.900
233	1656.100
393	1656.300
563	1656.300
323	1656.400
583	1656.400
663	1656.400
483	1656.500
123	1656.700
173	1656.700
623	1656.800
673	1656.800
753	1656.800
713	1657.000
593	1657.100
743	1657.100
603	1657.200
773	1657.200
103	1657.400
383	1657.400
213	1657.500
3	1657.600
653	1657.600
453	1657.800
633	1657.800
33	1658.100
693	1658.200
273	1658.500
303	1659.000
363	1659.300
63	1659.500
73	1659.600
443	1659.600
513	1659.600
293	1659.800
553	1659.800
763	1659.800
463	1660.100
343	1660.200
543	1660.200
523	1660.500
243	1660.700
503	1660.800
163	1660.900
733	1660.900
493	1661.000
53	1661.100
193	1661.200
683	1661.400
23	1661.500
183	1661.500
473	1661.700
113	1661.800
643	1661.800
613	1661.900
313	1662.000
353	1662.000
423	1662.200
723	1662.200
153	1662.300
83	1662.400
13	1662.500
43	1662.500
703	1662.600
133	1662.700
283	1662.700
433	1662.700
253	1662.800
413	1662.900
573	1662.900
333	1663.000
403	1663.000
783	1663.000
203	1663.100
793	1663.100
533	1663.200
93	1663.300
263	1663.300
373	1663.400
223	1663.500
123	1663.700
143	1663.700
563	1663.700
393	1663.800
663	1663.900
233	1664.000
483	1664.100
583	1664.100
323	1664.200
173	1664.500
673	1664.500
773	1664.500
623	1664.600
743	1664.600
753	1664.700
213	1664.800
593	1664.800
603	1664.900
103	1665.000
3	1665.100
713	1665.100
653	1665.200
383	1665.400
693	1665.400
633	1665.600
33	1665.800
453	1665.900
273	1666.000
303	1666.300
363	1666.600
63	1666.700
73	1667.000
443	1667.100
513	1667.100
553	1667.500
763	1667.500
293	1667.600
343	1667.700
463	1667.700
543	1667.800
243	1668.000
523	1668.000
163	1668.300
493	1668.300
733	1668.300
503	1668.400
193	1668.600
683	1668.600
53	1668.700
23	1668.800
183	1669.100
113	1669.200
473	1669.200
353	1669.500
613	1669.500
643	1669.500
13	1669.700
423	1669.700
723	1669.700
283	1669.800
83	1669.900
313	1669.900
133	1670.000
703	1670.000
433	1670.200
203	1670.300
403	1670.300
153	1670.400
333	1670.400
413	1670.400
253	1670.500
573	1670.500
783	1670.500
793	1670.500
43	1670.600
533	1670.600
263	1670.800
373	1670.800
123	1670.900
223	1670.900
143	1671.000
563	1671.000
663	1671.100
393	1671.200
93	1671.300
233	1671.300
583	1671.400
323	1671.700
483	1671.700
593	1671.700
743	1671.700
213	1671.900
673	1671.900
173	1672.000
623	1672.000
603	1672.100
713	1672.100
773	1672.100
3	1672.300
753	1672.300
653	1672.400
103	1672.500
693	1672.700
383	1672.900
633	1672.900
33	1673.200
273	1673.500
303	1673.600
363	1673.700
453	1673.700
63	1673.900
513	1674.400
73	1674.500
443	1674.600
343	1674.700
553	1674.800
293	1675.100
463	1675.100
543	1675.100
763	1675.100
163	1675.200
243	1675.200
733	1675.400
493	1675.500
523	1675.500
683	1675.600
503	1675.800
193	1676.000
53	1676.100
23	1676.200
113	1676.300
473	1676.300
183	1676.600
13	1677.000
83	1677.000
133	1677.000
613	1677.000
643	1677.000
283	1677.100
423	1677.100
313	1677.200
353	1677.200
723	1677.300
403	1677.400
703	1677.400
153	1677.500
333	1677.600
433	1677.600
203	1677.700
263	1677.700
793	1677.700
253	1677.800
573	1677.800
43	1677.900
123	1677.900
533	1678.000
373	1678.100
413	1678.100
783	1678.100
93	1678.200
143	1678.200
663	1678.200
223	1678.300
393	1678.500
563	1678.500
583	1678.500
593	1678.600
743	1678.700
233	1678.800
323	1678.800
483	1678.900
213	1679.000
673	1679.100
713	1679.100
603	1679.200
173	1679.300
3	1679.400
623	1679.400
753	1679.400
773	1679.500
653	1679.700
103	1679.800
693	1679.800
383	1680.100
633	1680.200
33	1680.500
273	1680.600
303	1680.700
363	1680.700
453	1680.800
63	1681.400
73	1681.500
443	1681.600
513	1681.600
553	1681.900
543	1682.000
343	1682.100
763	1682.100
293	1682.200
163	1682.300
243	1682.400
463	1682.400
733	1682.400
683	1682.700
493	1682.800
523	1682.800
503	1683.100
113	1683.300
473	1683.300
193	1683.400
23	1683.500
53	1683.500
183	1683.500
83	1683.700
133	1684.000
423	1684.000
13	1684.300
613	1684.300
643	1684.300
283	1684.400
703	1684.400
263	1684.500
313	1684.500
353	1684.500
403	1684.500
723	1684.800
123	1684.900
153	1684.900
333	1684.900
433	1684.900
203	1685.000
793	1685.000
43	1685.100
93	1685.100
573	1685.100
253	1685.200
533	1685.200
143	1685.400
223	1685.400
413	1685.400
663	1685.400
373	1685.500
583	1685.500
783	1685.500
393	1685.700
593	1685.700
743	1685.800
233	1685.900
563	1685.900
213	1686.000
673	1686.100
323	1686.200
713	1686.200
483	1686.300
753	1686.300
3	1686.500
173	1686.500
773	1686.500
103	1686.800
603	1686.800
623	1686.800
653	1686.900
693	1687.000
383	1687.200
363	1687.500
633	1687.500
303	1687.600
33	1687.700
273	1687.700
453	1687.900
63	1688.500
73	1688.500
443	1688.700
513	1688.800
763	1689.000
553	1689.100
733	1689.200
293	1689.300
543	1689.300
163	1689.400
243	1689.400
343	1689.400
463	1689.900
523	1690.000
683	1690.000
493	1690.100
23	1690.300
113	1690.300
83	1690.500
503	1690.500
473	1690.600
183	1690.700
53	1690.900
133	1690.900
193	1691.000
13	1691.300
643	1691.300
703	1691.300
613	1691.400
263	1691.500
423	1691.500
283	1691.600
353	1691.600
403	1691.700
313	1691.800
153	1691.900
433	1691.900
723	1691.900
43	1692.100
93	1692.100
203	1692.100
333	1692.100
573	1692.100
123	1692.300
143	1692.300
533	1692.400
253	1692.500
413	1692.600
223	1692.700
373	1692.700
793	1692.700
233	1692.800
583	1692.800
663	1692.800
213	1692.900
743	1692.900
783	1692.900
393	1693.000
593	1693.000
673	1693.000
563	1693.100
323	1693.200
713	1693.300
753	1693.300
773	1693.500
483	1693.600
173	1693.700
3	1693.800
693	1693.800
103	1693.900
623	1694.000
653	1694.000
303	1694.400
363	1694.400
383	1694.400
603	1694.400
633	1694.500
33	1694.900
273	1695.100
453	1695.100
73	1695.300
63	1695.400
443	1695.800
763	1695.900
513	1696.000
293	1696.100
553	1696.200
733	1696.200
243	1696.400
343	1696.400
543	1696.500
163	1696.700
683	1696.800
493	1697.000
23	1697.100
523	1697.100
463	1697.200
113	1697.400
83	1697.500
473	1697.600
183	1697.700
503	1697.700
53	1698.000
133	1698.100
643	1698.200
703	1698.200
13	1698.300
193	1698.300
613	1698.400
153	1698.600
353	1698.600
403	1698.600
263	1698.700
283	1698.800
423	1698.800
43	1699.000
313	1699.000
723	1699.000
93	1699.100
333	1699.100
433	1699.100
203	1699.200
573	1699.200
533	1699.300
253	1699.500
373	1699.500
123	1699.600
143	1699.600
213	1699.700
593	1699.700
223	1699.800
413	1699.900
793	1699.900
233	1700.000
583	1700.000
663	1700.000
673	1700.100
783	1700.100
563	1700.200
743	1700.200
323	1700.300
773	1700.300
713	1700.400
393	1700.500
693	1700.600
3	1700.800
483	1700.800
103	1700.900
173	1700.900
623	1700.900
753	1700.900
653	1701.200
303	1701.300
603	1701.300
633	1701.500
363	1701.600
383	1701.600
33	1702.000
453	1702.000
273	1702.200
73	1702.300
63	1702.400
443	1702.600
763	1702.800
293	1703.000
513	1703.100
553	1703.300
733	1703.300
543	1703.400
343	1703.600
683	1703.600
23	1703.800
163	1703.800
243	1703.800
493	1703.800
463	1704.100
113	1704.200
523	1704.200
503	1704.600
183	1704.700
83	1704.800
473	1705.000
643	1705.000
13	1705.100
703	1705.200
53	1705.300
193	1705.300
613	1705.300
153	1705.500
133	1705.600
353	1705.700
283	1705.800
403	1705.800
423	1705.800
263	1705.900
723	1705.900
43	1706.000
93	1706.200
313	1706.300
373	1706.300
533	1706.300
573	1706.300
203	1706.400
333	1706.500
213	1706.600
123	1706.700
143	1706.700
253	1706.800
433	1706.800
593	1706.800
223	1706.900
793	1706.900
563	1707.000
583	1707.000
663	1707.000
783	1707.000
673	1707.100
413	1707.200
743	1707.200
773	1707.200
323	1707.300
233	1707.500
393	1707.500
483	1707.500
623	1707.600
693	1707.600
3	1707.700
713	1707.800
103	1707.900
173	1708.000
603	1708.100
303	1708.200
653	1708.200
753	1708.200
633	1708.400
383	1708.500
363	1708.900
33	1709.000
273	1709.100
63	1709.200
453	1709.200
73	1709.300
443	1709.400
293	1709.800
763	1709.800
513	1710.200
733	1710.200
493	1710.500
543	1710.500
23	1710.600
343	1710.600
553	1710.600
683	1710.700
113	1710.800
523	1710.900
243	1711.100
163	1711.200
463	1711.200
183	1711.600
503	1711.600
13	1711.900
703	1712.000
83	1712.100
53	1712.200
643	1712.200
473	1712.300
193	1712.400
613	1712.400
153	1712.500
263	1712.700
353	1712.700
423	1712.700
283	1712.800
723	1712.800
133	1713.000
403	1713.000
573	1713.000
203	1713.100
43	1713.200
313	1713.200
373	1713.300
533	1713.300
93	1713.400
213	1713.500
253	1713.500
333	1713.600
123	1713.700
143	1713.700
663	1713.700
433	1713.800
583	1713.800
783	1713.800
793	1713.800
223	1713.900
593	1713.900
563	1714.000
673	1714.000
743	1714.100
773	1714.100
323	1714.200
483	1714.200
623	1714.400
3	1714.500
393	1714.500
413	1714.600
233	1714.700
693	1714.700
303	1714.900
713	1714.900
103	1715.000
173	1715.000
603	1715.000
633	1715.100
653	1715.100
753	1715.200
383	1715.400
33	1715.800
273	1715.800
63	1716.000
363	1716.000
443	1716.000
73	1716.100
453	1716.200
293	1716.600
733	1716.800
763	1716.800
493	1717.300
23	1717.400
513	1717.400
543	1717.500
113	1717.600
343	1717.600
683	1717.600
523	1717.700
553	1717.800
243	1718.000
463	1718.100
163	1718.200
183	1718.400
503	1718.400
13	1718.900
703	1719.000
83	1719.100
643	1719.100
53	1719.200
193	1719.200
473	1719.400
263	1719.500
613	1719.500
153	1719.600
283	1719.700
353	1719.700
423	1719.700
203	1720.000
373	1720.000
573	1720.000
723	1720.000
43	1720.100
133	1720.100
403	1720.100
253	1720.200
313	1720.200
533	1720.200
93	1720.300
333	1720.300
213	1720.400
663	1720.400
783	1720.500
793	1720.500
223	1720.600
123	1720.700
583	1720.700
593	1720.700
143	1720.800
433	1720.800
483	1720.900
743	1720.900
3	1721.000
773	1721.000
563	1721.100
393	1721.200
323	1721.300
623	1721.300
673	1721.300
413	1721.400
693	1721.500
233	1721.600
603	1721.600
713	1721.700
633	1721.800
103	1721.900
173	1721.900
303	1721.900
653	1722.000
753	1722.000
383	1722.200
273	1722.500
63	1722.600
443	1722.700
33	1722.800
73	1722.800
363	1722.800
453	1723.000
293	1723.400
733	1723.500
763	1723.800
513	1724.100
113	1724.200
23	1724.300
543	1724.300
683	1724.400
523	1724.500
553	1724.600
343	1724.700
493	1724.700
243	1724.800
463	1725.100
163	1725.200
183	1725.200
503	1725.200
13	1725.800
703	1725.800
83	1725.900
643	1725.900
53	1726.100
193	1726.200
473	1726.400
613	1726.400
153	1726.500
263	1726.500
353	1726.600
423	1726.600
373	1726.700
43	1726.800
203	1726.800
283	1726.800
573	1726.800
133	1726.900
253	1726.900
333	1726.900
723	1726.900
313	1727.000
533	1727.000
403	1727.100
93	1727.200
223	1727.200
663	1727.300
783	1727.300
213	1727.400
583	1727.400
793	1727.400
593	1727.500
3	1727.600
123	1727.600
433	1727.600
143	1727.700
483	1727.700
773	1727.800
563	1727.900
393	1728.000
413	1728.000
623	1728.000
743	1728.000
603	1728.200
233	1728.300
323	1728.400
693	1728.500
713	1728.500
633	1728.600
673	1728.600
753	1728.600
173	1728.700
103	1728.800
653	1728.800
383	1729.000
63	1729.100
273	1729.100
303	1729.200
73	1729.300
363	1729.500
443	1729.500
33	1729.800
453	1729.800
293	1730.000
733	1730.400
763	1730.700
513	1730.800
523	1730.900
23	1731.000
113	1731.000
543	1731.200
683	1731.300
243	1731.400
343	1731.400
553	1731.500
493	1731.800
463	1731.900
503	1731.900
163	1732.000
183	1732.000
13	1732.500
83	1732.700
703	1732.800
53	1732.900
643	1732.900
193	1733.100
153	1733.200
263	1733.200
423	1733.200
473	1733.200
613	1733.200
203	1733.400
283	1733.500
353	1733.500
373	1733.500
573	1733.500
43	1733.600
313	1733.600
133	1733.700
223	1733.700
253	1733.700
333	1733.700
403	1733.800
533	1733.800
663	1733.800
783	1734.000
93	1734.100
213	1734.100
583	1734.100
723	1734.100
123	1734.200
593	1734.200
793	1734.200
3	1734.300
433	1734.300
483	1734.400
143	1734.500
773	1734.600
393	1734.700
413	1734.800
563	1734.800
603	1734.800
233	1734.900
743	1734.900
623	1735.000
713	1735.100
753	1735.100
693	1735.200
323	1735.300
673	1735.300
633	1735.400
103	1735.600
273	1735.600
653	1735.600
173	1735.700
63	1736.000
73	1736.000
303	1736.000
383	1736.000
363	1736.100
443	1736.200
453	1736.300
293	1736.600
33	1736.800
733	1737.100
763	1737.300
513	1737.400
523	1737.400
113	1737.500
23	1737.800
243	1737.800
543	1737.900
343	1738.000
683	1738.000
553	1738.100
463	1738.600
503	1738.600
493	1738.700
163	1738.900
183	1739.000
13	1739.100
83	1739.500
613	1739.600
53	1739.700
643	1739.700
423	1739.800
263	1739.900
373	1739.900
703	1739.900
153	1740.000
193	1740.000
203	1740.000
473	1740.000
283	1740.100
43	1740.200
133	1740.300
313	1740.300
223	1740.400
353	1740.400
533	1740.400
573	1740.400
253	1740.500
333	1740.500
403	1740.600
93	1740.700
123	1740.700
663	1740.700
3	1740.800
593	1740.800
783	1740.800
793	1740.800
213	1740.900
583	1740.900
433	1741.100
483	1741.100
723	1741.200
143	1741.300
603	1741.300
413	1741.500
393	1741.600
773	1741.600
233	1741.700
563	1741.700
743	1741.700
753	1741.700
623	1741.800
713	1741.800
673	1741.900
693	1741.900
323	1742.100
173	1742.200
633	1742.200
273	1742.300
653	1742.300
73	1742.600
103	1742.600
363	1742.600
383	1742.600
63	1742.700
303	1742.700
453	1742.800
443	1742.900
293	1743.200
33	1743.500
733	1743.800
763	1743.900
513	1744.100
523	1744.100
113	1744.200
243	1744.300
543	1744.400
553	1744.500
343	1744.600
683	1744.600
23	1745.000
463	1745.200
493	1745.300
503	1745.500
13	1745.800
163	1745.800
183	1745.900
423	1746.200
613	1746.200
53	1746.400
83	1746.400
643	1746.400
703	1746.500
203	1746.600
263	1746.600
373	1746.600
43	1746.700
283	1746.700
153	1746.800
193	1746.800
473	1746.800
533	1747.000
573	1747.000
93	1747.100
253	1747.100
353	1747.100
223	1747.200
313	1747.200
593	1747.200
333	1747.300
793	1747.300
3	1747.400
123	1747.400
663	1747.400
133	1747.500
213	1747.600
403	1747.600
583	1747.700
783	1747.900
433	1748.000
483	1748.000
603	1748.000
143	1748.100
723	1748.100
413	1748.200
713	1748.200
743	1748.200
753	1748.200
393	1748.300
563	1748.400
773	1748.400
233	1748.500
673	1748.500
693	1748.600
173	1748.700
323	1748.700
623	1748.800
273	1748.900
633	1748.900
653	1748.900
103	1749.300
303	1749.300
363	1749.400
383	1749.400
453	1749.400
73	1749.500
63	1749.600
443	1749.800
293	1749.900
33	1750.200
733	1750.400
763	1750.400
523	1750.500
113	1750.700
513	1750.800
243	1750.900
543	1750.900
553	1751.000
343	1751.100
683	1751.200
23	1751.800
463	1751.900
493	1751.900
503	1752.200
13	1752.500
163	1752.500
183	1752.600
423	1752.800
613	1752.800
53	1752.900
643	1752.900
43	1753.200
83	1753.200
203	1753.300
263	1753.300
373	1753.300
703	1753.300
283	1753.400
473	1753.400
153	1753.500
193	1753.500
533	1753.500
253	1753.700
353	1753.700
573	1753.700
93	1753.800
593	1753.800
793	1753.800
313	1753.900
333	1753.900
663	1754.000
123	1754.100
403	1754.100
133	1754.200
223	1754.200
213	1754.300
583	1754.300
3	1754.400
483	1754.500
143	1754.600
783	1754.600
603	1754.700
433	1754.800
713	1754.800
413	1754.900
743	1754.900
753	1754.900
723	1755.000
233	1755.100
393	1755.100
673	1755.100
323	1755.200
563	1755.200
693	1755.200
173	1755.400
773	1755.400
623	1755.600
633	1755.600
653	1755.600
273	1755.800
303	1755.800
103	1755.900
453	1755.900
73	1756.000
383	1756.000
363	1756.100
293	1756.300
63	1756.500
443	1756.500
33	1756.700
733	1756.800
763	1756.800
523	1757.000
113	1757.300
513	1757.400
343	1757.500
543	1757.500
553	1757.500
243	1757.600
683	1757.700
493	1758.400
463	1758.500
23	1758.600
13	1759.100
503	1759.100
163	1759.200
613	1759.200
183	1759.300
423	1759.500
643	1759.500
53	1759.600
373	1759.700
43	1759.800
83	1759.900
203	1760.000
533	1760.000
703	1760.000
153	1760.100
263	1760.100
193	1760.200
283	1760.300
353	1760.300
593	1760.300
473	1760.400
573	1760.400
253	1760.500
93	1760.600
333	1760.600
793	1760.600
313	1760.700
403	1760.800
583	1760.800
663	1760.800
123	1760.900
133	1761.000
223	1761.000
483	1761.000
213	1761.100
143	1761.200
3	1761.300
713	1761.500
783	1761.500
433	1761.600
603	1761.600
673	1761.600
753	1761.600
323	1761.700
413	1761.700
723	1761.700
743	1761.700
693	1761.800
233	1761.900
563	1761.900
773	1761.900
173	1762.100
393	1762.200
623	1762.200
653	1762.200
633	1762.300
73	1762.500
103	1762.500
303	1762.500
273	1762.600
363	1762.600
383	1762.600
453	1762.600
293	1762.900
63	1763.000
443	1763.100
33	1763.300
733	1763.300
763	1763.400
523	1763.500
113	1763.700
543	1764.000
343	1764.100
513	1764.100
553	1764.100
683	1764.100
243	1764.200
463	1765.000
493	1765.000
23	1765.200
13	1765.600
163	1765.800
613	1765.800
183	1765.900
503	1766.000
373	1766.100
53	1766.200
423	1766.300
643	1766.300
43	1766.500
83	1766.600
703	1766.600
153	1766.700
193	1766.700
203	1766.700
533	1766.700
263	1766.900
593	1766.900
283	1767.000
333	1767.000
353	1767.000
573	1767.100
473	1767.200
583	1767.200
403	1767.300
253	1767.400
313	1767.400
793	1767.400
123	1767.600
143	1767.600
483	1767.600
93	1767.800
133	1767.800
213	1767.800
223	1767.900
663	1767.900
783	1768.000
323	1768.200
413	1768.200
713	1768.200
743	1768.200
603	1768.300
723	1768.300
3	1768.400
673	1768.400
693	1768.500
753	1768.500
233	1768.600
433	1768.600
773	1768.600
653	1768.800
173	1768.900
393	1768.900
563	1768.900
623	1768.900
363	1769.000
633	1769.000
73	1769.100
103	1769.100
303	1769.100
383	1769.200
273	1769.300
453	1769.400
63	1769.500
293	1769.500
443	1769.700
33	1769.900
733	1769.900
763	1770.100
523	1770.200
113	1770.300
683	1770.500
543	1770.600
553	1770.600
243	1770.700
513	1770.700
343	1770.900
493	1771.500
23	1771.600
463	1771.700
13	1772.400
163	1772.500
183	1772.500
613	1772.500
373	1772.700
503	1772.700
53	1772.900
43	1773.100
533	1773.200
703	1773.200
153	1773.300
643	1773.300
423	1773.400
83	1773.500
203	1773.500
283	1773.500
193	1773.600
333	1773.600
593	1773.600
583	1773.700
573	1773.800
263	1773.900
353	1773.900
473	1773.900
253	1774.000
313	1774.000
403	1774.000
793	1774.100
123	1774.300
143	1774.300
133	1774.400
213	1774.400
483	1774.400
783	1774.600
93	1774.800
663	1774.800
713	1774.800
223	1774.900
743	1774.900
413	1775.000
723	1775.000
603	1775.100
673	1775.100
693	1775.100
753	1775.100
3	1775.200
323	1775.200
433	1775.200
773	1775.200
233	1775.300
653	1775.400
363	1775.500
393	1775.500
623	1775.500
633	1775.500
103	1775.700
173	1775.700
303	1775.700
563	1775.700
73	1775.800
383	1775.800
273	1776.000
293	1776.200
453	1776.200
443	1776.300
63	1776.400
733	1776.400
33	1776.500
523	1776.800
113	1776.900
683	1777.000
763	1777.000
243	1777.200
513	1777.200
543	1777.300
553	1777.300
343	1777.600
493	1778.000
23	1778.300
463	1778.600
183	1779.100
613	1779.100
13	1779.200
163	1779.200
373	1779.300
503	1779.500
53	1779.600
43	1779.700
703	1779.800
153	1779.900
283	1780.000
533	1780.000
643	1780.100
333	1780.200
593	1780.200
203	1780.300
423	1780.300
573	1780.300
83	1780.400
193	1780.400
263	1780.400
583	1780.400
313	1780.500
403	1780.500
353	1780.600
793	1780.600
253	1780.700
473	1780.700
483	1780.900
123	1781.000
143	1781.000
133	1781.100
783	1781.300
213	1781.400
663	1781.500
713	1781.500
743	1781.500
93	1781.600
223	1781.600
413	1781.600
603	1781.700
693	1781.700
723	1781.800
753	1781.800
633	1781.900
773	1781.900
3	1782.000
363	1782.000
393	1782.000
433	1782.000
673	1782.000
233	1782.100
173	1782.200
623	1782.200
653	1782.200
323	1782.300
563	1782.300
103	1782.400
383	1782.400
73	1782.500
303	1782.700
33	1783.000
273	1783.000
443	1783.000
453	1783.000
733	1783.000
63	1783.100
293	1783.100
113	1783.400
523	1783.500
683	1783.600
763	1783.700
513	1783.800
243	1783.900
553	1783.900
543	1784.000
343	1784.200
493	1784.500
23	1784.900
463	1785.700
163	1785.800
373	1785.800
13	1785.900
613	1785.900
183	1786.000
503	1786.100
43	1786.500
283	1786.500
53	1786.600
703	1786.600
153	1786.700
333	1786.800
423	1786.900
533	1786.900
583	1786.900
593	1786.900
643	1786.900
263	1787.000
313	1787.000
573	1787.000
83	1787.100
203	1787.100
793	1787.100
473	1787.200
253	1787.300
403	1787.300
193	1787.400
353	1787.400
483	1787.400
123	1787.600
143	1787.700
133	1788.000
213	1788.000
413	1788.000
663	1788.000
783	1788.000
693	1788.100
713	1788.100
603	1788.200
743	1788.200
223	1788.300
633	1788.300
393	1788.400
723	1788.400
753	1788.500
3	1788.600
93	1788.600
363	1788.600
653	1788.600
773	1788.600
433	1788.800
623	1788.800
103	1788.900
233	1788.900
173	1789.000
673	1789.000
383	1789.100
563	1789.200
73	1789.300
323	1789.300
303	1789.500
453	1789.500
33	1789.600
293	1789.600
443	1789.600
733	1789.600
63	1789.800
273	1789.900
113	1790.000
523	1790.300
683	1790.300
763	1790.300
513	1790.400
243	1790.500
543	1790.500
553	1790.600
343	1790.900
493	1791.000
23	1791.500
13	1792.400
163	1792.400
463	1792.400
373	1792.500
613	1792.600
183	1792.700
503	1792.700
283	1793.200
53	1793.300
703	1793.400
153	1793.500
333	1793.500
643	1793.500
43	1793.600
423	1793.600
533	1793.600
573	1793.600
263	1793.700
313	1793.700
583	1793.700
83	1793.800
203	1793.800
403	1793.800
593	1793.800
793	1793.800
253	1793.900
473	1793.900
483	1793.900
193	1794.200
123	1794.300
143	1794.300
353	1794.300
413	1794.500
133	1794.600
213	1794.700
693	1794.700
603	1794.800
663	1794.800
783	1794.800
393	1794.900
713	1794.900
743	1794.900
633	1795.000
3	1795.100
653	1795.100
723	1795.100
223	1795.200
753	1795.200
773	1795.300
93	1795.400
623	1795.400
363	1795.500
103	1795.600
673	1795.600
383	1795.700
433	1795.700
233	1795.800
73	1795.900
173	1795.900
323	1795.900
563	1795.900
33	1796.000
443	1796.100
293	1796.200
453	1796.200
733	1796.200
63	1796.400
303	1796.400
113	1796.700
273	1796.700
513	1796.900
523	1796.900
683	1796.900
763	1796.900
543	1797.100
553	1797.200
243	1797.300
343	1797.400
493	1797.800
23	1797.900
463	1798.900
13	1799.100
163	1799.200
183	1799.200
373	1799.200
503	1799.400
613	1799.500
283	1799.800
53	1799.900
533	1800.100
573	1800.100
153	1800.200
333	1800.200
643	1800.200
703	1800.200
83	1800.300
203	1800.300
43	1800.400
403	1800.400
423	1800.400
483	1800.400
583	1800.400
253	1800.500
263	1800.500
593	1800.500
793	1800.500
313	1800.600
473	1800.600
143	1800.900
193	1801.000
413	1801.100
133	1801.200
353	1801.200
123	1801.300
213	1801.400
393	1801.400
663	1801.400
693	1801.400
713	1801.500
743	1801.500
783	1801.500
603	1801.600
3	1801.700
223	1801.700
633	1801.700
653	1801.800
623	1801.900
753	1801.900
93	1802.000
363	1802.000
723	1802.000
773	1802.100
33	1802.300
103	1802.300
433	1802.300
673	1802.300
173	1802.500
233	1802.500
323	1802.500
383	1802.500
563	1802.500
453	1802.600
73	1802.800
293	1802.800
733	1802.900
63	1803.000
303	1803.000
443	1803.000
273	1803.300
113	1803.500
513	1803.500
763	1803.500
523	1803.600
553	1803.700
683	1803.700
543	1803.800
243	1804.000
343	1804.100
23	1804.600
493	1804.600
463	1805.400
183	1805.700
13	1805.900
163	1805.900
373	1805.900
503	1806.000
613	1806.200
283	1806.500
573	1806.500
53	1806.600
153	1806.700
533	1806.700
333	1806.800
83	1806.900
643	1806.900
703	1806.900
203	1807.000
43	1807.100
483	1807.100
583	1807.100
593	1807.100
423	1807.200
793	1807.200
263	1807.300
313	1807.300
403	1807.400
253	1807.500
473	1807.500
143	1807.800
413	1807.800
193	1807.900
133	1808.000
353	1808.000
393	1808.000
663	1808.100
713	1808.100
743	1808.100
123	1808.200
213	1808.200
3	1808.300
603	1808.300
693	1808.300
623	1808.400
633	1808.400
753	1808.500
363	1808.600
783	1808.600
93	1808.700
223	1808.700
653	1808.700
773	1808.700
33	1808.800
723	1808.800
433	1808.900
673	1808.900
453	1809.000
563	1809.000
103	1809.100
323	1809.100
233	1809.300
383	1809.300
173	1809.400
733	1809.400
63	1809.600
293	1809.600
303	1809.700
443	1809.800
73	1809.900
273	1809.900
513	1810.000
763	1810.000
113	1810.100
523	1810.200
553	1810.200
683	1810.500
543	1810.600
243	1810.700
343	1810.700
23	1811.400
493	1811.400
463	1811.900
163	1812.400
183	1812.500
13	1812.600
373	1812.600
503	1812.800
613	1812.900
53	1813.200
153	1813.200
283	1813.200
573	1813.200
703	1813.400
533	1813.500
43	1813.600
203	1813.600
83	1813.700
333	1813.700
593	1813.700
643	1813.700
793	1813.900
313	1814.000
423	1814.000
263	1814.100
583	1814.100
403	1814.200
483	1814.200
473	1814.300
413	1814.400
253	1814.600
133	1814.700
143	1814.700
193	1814.700
393	1814.700
123	1814.800
353	1814.800
663	1814.800
713	1814.800
3	1814.900
213	1815.000
623	1815.000
693	1815.000
743	1815.000
753	1815.000
363	1815.300
33	1815.400
773	1815.400
783	1815.400
603	1815.500
633	1815.500
93	1815.600
223	1815.600
453	1815.600
653	1815.600
673	1815.600
103	1815.700
433	1815.700
723	1815.700
323	1815.800
563	1815.800
173	1815.900
233	1816.000
383	1816.000
733	1816.000
63	1816.300
303	1816.300
443	1816.400
513	1816.400
73	1816.500
293	1816.500
763	1816.600
113	1816.800
273	1816.800
523	1816.900
553	1816.900
683	1817.100
543	1817.200
243	1817.300
343	1817.500
493	1817.900
23	1818.000
463	1818.500
163	1819.000
183	1819.100
373	1819.100
13	1819.200
613	1819.500
153	1819.600
503	1819.700
573	1819.700
53	1819.800
283	1819.800
703	1819.900
43	1820.100
203	1820.100
533	1820.100
83	1820.200
593	1820.300
643	1820.300
333	1820.400
313	1820.700
793	1820.800
423	1820.900
583	1820.900
263	1821.000
403	1821.000
473	1821.000
483	1821.000
413	1821.300
123	1821.400
143	1821.400
253	1821.400
353	1821.400
393	1821.400
193	1821.500
3	1821.600
133	1821.600
663	1821.600
213	1821.800
623	1821.800
693	1821.800
713	1821.800
753	1821.800
363	1821.900
743	1821.900
33	1822.100
323	1822.200
453	1822.200
773	1822.200
783	1822.200
673	1822.300
173	1822.400
223	1822.400
633	1822.400
653	1822.400
723	1822.400
563	1822.500
603	1822.500
93	1822.600
103	1822.600
233	1822.600
733	1822.600
63	1822.800
433	1822.800
303	1822.900
383	1822.900
73	1823.000
443	1823.000
513	1823.000
763	1823.100
293	1823.200
273	1823.400
113	1823.500
553	1823.500
523	1823.600
543	1823.700
683	1824.000
243	1824.300
343	1824.400
23	1824.500
493	1824.600
463	1824.900
163	1825.600
183	1825.700
373	1825.700
613	1826.000
13	1826.200
153	1826.200
283	1826.300
503	1826.300
53	1826.400
43	1826.500
573	1826.500
703	1826.500
533	1826.700
83	1826.800
203	1826.800
593	1826.800
643	1826.800
333	1827.000
793	1827.500
313	1827.600
423	1827.700
483	1827.700
263	1827.800
403	1827.800
473	1827.800
583	1827.800
353	1827.900
143	1828.000
193	1828.100
253	1828.100
393	1828.100
123	1828.300
133	1828.400
413	1828.400
3	1828.500
213	1828.500
693	1828.500
663	1828.600
743	1828.600
753	1828.600
33	1828.700
363	1828.700
623	1828.700
323	1828.800
453	1828.800
783	1828.800
673	1828.900
713	1828.900
563	1829.100
633	1829.100
723	1829.100
773	1829.100
173	1829.200
733	1829.200
223	1829.300
233	1829.400
303	1829.400
603	1829.400
653	1829.400
383	1829.500
103	1829.600
433	1829.600
63	1829.700
73	1829.700
93	1829.700
513	1829.700
763	1829.700
443	1829.800
273	1830.000
293	1830.000
523	1830.100
553	1830.200
113	1830.300
543	1830.400
683	1830.700
243	1830.900
23	1831.100
343	1831.200
493	1831.200
463	1831.300
373	1832.400
183	1832.500
163	1832.600
43	1832.800
613	1832.800
13	1832.900
53	1832.900
153	1832.900
283	1832.900
503	1832.900
703	1833.100
573	1833.300
533	1833.400
643	1833.400
203	1833.500
593	1833.500
83	1833.600
333	1833.600
793	1834.100
403	1834.400
473	1834.400
483	1834.400
583	1834.500
253	1834.600
313	1834.600
353	1834.600
423	1834.600
143	1834.700
263	1834.700
193	1834.800
393	1835.000
123	1835.100
133	1835.100
3	1835.200
213	1835.200
413	1835.200
33	1835.400
693	1835.400
743	1835.400
363	1835.500
453	1835.500
663	1835.500
623	1835.600
753	1835.600
783	1835.600
563	1835.700
673	1835.700
323	1835.800
713	1835.800
633	1835.900
733	1835.900
773	1835.900
223	1836.000
723	1836.000
173	1836.100
303	1836.100
383	1836.100
603	1836.100
653	1836.100
433	1836.200
63	1836.300
233	1836.300
73	1836.400
93	1836.400
763	1836.400
103	1836.500
443	1836.500
513	1836.500
523	1836.500
273	1836.800
553	1836.800
293	1836.900
543	1836.900
113	1837.000
683	1837.300
243	1837.400
23	1837.700
343	1837.900
463	1837.900
493	1837.900
43	1839.300
153	1839.300
163	1839.300
183	1839.300
373	1839.300
613	1839.400
53	1839.600
13	1839.700
283	1839.700
503	1839.700
703	1839.700
573	1840.100
333	1840.200
533	1840.200
593	1840.200
203	1840.300
643	1840.300
83	1840.500
483	1840.900
793	1841.000
473	1841.100
253	1841.200
423	1841.200
353	1841.300
403	1841.300
193	1841.400
263	1841.400
583	1841.400
143	1841.600
313	1841.600
3	1841.800
123	1841.800
133	1841.900
413	1841.900
393	1842.000
213	1842.100
363	1842.100
693	1842.200
33	1842.300
453	1842.300
623	1842.300
743	1842.300
753	1842.300
783	1842.300
663	1842.400
563	1842.500
773	1842.500
383	1842.600
713	1842.600
633	1842.700
673	1842.700
733	1842.700
303	1842.800
723	1842.800
323	1842.900
433	1842.900
653	1842.900
63	1843.100
73	1843.100
93	1843.100
173	1843.100
603	1843.100
223	1843.200
523	1843.200
233	1843.300
443	1843.300
763	1843.300
103	1843.400
293	1843.400
513	1843.400
553	1843.400
543	1843.500
273	1843.600
113	1843.700
683	1843.900
243	1844.100
23	1844.300
463	1844.400
343	1844.500
493	1844.600
153	1845.900
163	1845.900
183	1846.000
43	1846.100
53	1846.100
613	1846.100
373	1846.200
503	1846.200
13	1846.400
703	1846.400
283	1846.600
593	1846.800
333	1846.900
533	1846.900
573	1846.900
203	1847.000
643	1847.200
483	1847.300
83	1847.400
473	1847.700
793	1847.800
423	1847.900
253	1848.000
353	1848.000
403	1848.000
583	1848.000
193	1848.100
263	1848.200
143	1848.600
313	1848.600
123	1848.700
133	1848.700
393	1848.700
3	1848.800
363	1848.800
33	1848.900
413	1848.900
623	1848.900
693	1848.900
753	1849.000
213	1849.100
633	1849.100
743	1849.100
783	1849.100
773	1849.200
383	1849.400
563	1849.400
713	1849.400
433	1849.500
453	1849.500
663	1849.500
733	1849.500
303	1849.600
323	1849.600
63	1849.700
653	1849.700
723	1849.700
173	1849.800
673	1849.800
93	1849.900
443	1849.900
73	1850.000
223	1850.000
523	1850.000
543	1850.000
603	1850.000
293	1850.100
553	1850.100
103	1850.200
513	1850.200
763	1850.200
233	1850.300
113	1850.400
273	1850.600
683	1850.600
243	1850.900
23	1851.000
463	1851.000
343	1851.100
493	1851.300
153	1852.400
183	1852.500
43	1852.700
163	1852.700
53	1852.800
503	1852.800
613	1852.800
13	1852.900
373	1853.000
703	1853.000
593	1853.400
573	1853.500
203	1853.700
333	1853.700
483	1853.800
533	1853.800
83	1853.900
283	1853.900
643	1854.000
473	1854.200
353	1854.500
583	1854.600
793	1854.600
423	1854.700
253	1854.800
403	1854.800
263	1854.900
193	1855.000
123	1855.200
313	1855.300
33	1855.400
393	1855.400
143	1855.500
133	1855.600
363	1855.600
693	1855.600
743	1855.700
3	1855.800
413	1855.800
633	1855.800
713	1855.800
773	1855.800
623	1855.900
753	1855.900
783	1856.000
213	1856.100
433	1856.100
663	1856.100
323	1856.200
453	1856.300
563	1856.300
63	1856.400
733	1856.400
173	1856.500
383	1856.500
443	1856.500
603	1856.500
653	1856.500
723	1856.500
93	1856.700
303	1856.800
523	1856.800
233	1856.900
543	1856.900
673	1856.900
73	1857.000
103	1857.000
223	1857.000
293	1857.000
553	1857.000
683	1857.200
763	1857.200
113	1857.300
273	1857.300
513	1857.300
23	1857.700
243	1857.700
343	1857.700
463	1857.800
493	1857.900
183	1858.900
153	1859.100
43	1859.200
13	1859.400
503	1859.400
613	1859.400
53	1859.500
163	1859.500
373	1859.700
703	1859.700
593	1859.900
573	1860.100
333	1860.300
203	1860.400
483	1860.400
83	1860.500
283	1860.600
533	1860.700
643	1860.800
473	1860.900
353	1861.100
793	1861.100
583	1861.200
423	1861.400
403	1861.500
253	1861.600
123	1861.800
263	1861.900
393	1861.900
143	1862.000
193	1862.000
313	1862.000
33	1862.200
413	1862.400
713	1862.400
743	1862.400
693	1862.500
133	1862.600
363	1862.600
753	1862.600
773	1862.600
323	1862.700
433	1862.700
623	1862.700
3	1862.800
213	1862.800
783	1862.800
633	1862.900
663	1862.900
63	1863.000
453	1863.000
173	1863.100
563	1863.100
723	1863.100
443	1863.300
603	1863.300
383	1863.400
653	1863.400
93	1863.500
223	1863.600
543	1863.600
673	1863.600
733	1863.600
233	1863.700
523	1863.700
303	1863.800
553	1863.800
293	1863.900
73	1864.000
103	1864.000
683	1864.000
763	1864.100
113	1864.200
273	1864.200
243	1864.400
343	1864.400
513	1864.400
23	1864.600
463	1864.700
493	1864.700
183	1865.500
43	1865.800
153	1865.900
503	1865.900
13	1866.000
613	1866.000
53	1866.300
163	1866.300
373	1866.500
703	1866.500
593	1866.600
573	1866.800
333	1866.900
83	1867.200
483	1867.200
203	1867.300
283	1867.300
473	1867.600
643	1867.700
533	1867.800
793	1867.800
353	1868.000
583	1868.000
403	1868.100
423	1868.100
253	1868.500
123	1868.600
313	1868.600
143	1868.700
393	1868.700
193	1868.800
33	1868.900
413	1868.900
263	1869.000
713	1869.000
743	1869.100
753	1869.100
433	1869.300
693	1869.300
623	1869.400
773	1869.400
213	1869.500
323	1869.500
563	1869.500
3	1869.600
63	1869.600
363	1869.600
453	1869.600
133	1869.700
173	1869.800
663	1869.800
783	1869.800
723	1870.000
653	1870.100
633	1870.200
443	1870.300
673	1870.300
93	1870.400
223	1870.400
233	1870.400
383	1870.400
733	1870.400
553	1870.500
603	1870.600
523	1870.700
543	1870.700
303	1870.800
103	1870.900
293	1870.900
113	1871.000
763	1871.000
73	1871.100
273	1871.100
243	1871.200
343	1871.200
513	1871.200
683	1871.200
23	1871.300
463	1871.500
493	1871.600
183	1872.200
503	1872.500
613	1872.500
43	1872.600
13	1872.700
153	1872.700
163	1873.000
53	1873.100
703	1873.200
373	1873.300
593	1873.300
333	1873.500
573	1873.600
483	1873.800
83	1874.000
203	1874.100
793	1874.300
283	1874.400
473	1874.500
643	1874.500
353	1874.600
533	1874.600
583	1874.900
403	1875.000
423	1875.100
393	1875.300
193	1875.400
313	1875.400
253	1875.500
413	1875.500
713	1875.500
123	1875.600
143	1875.600
263	1875.800
33	1875.900
743	1875.900
753	1875.900
433	1876.000
623	1876.000
773	1876.000
563	1876.100
693	1876.100
213	1876.200
323	1876.200
363	1876.200
63	1876.300
453	1876.300
663	1876.600
3	1876.700
173	1876.700
133	1876.800
783	1876.800
443	1877.000
233	1877.100
553	1877.100
653	1877.100
723	1877.100
733	1877.100
223	1877.200
673	1877.200
633	1877.300
603	1877.400
93	1877.500
383	1877.500
103	1877.600
113	1877.600
523	1877.600
543	1877.600
303	1877.700
763	1877.700
293	1877.800
73	1877.900
243	1877.900
273	1878.000
513	1878.000
683	1878.000
343	1878.100
23	1878.200
463	1878.300
493	1878.300
183	1878.900
43	1879.100
613	1879.100
503	1879.200
13	1879.300
153	1879.300
53	1879.700
163	1879.800
593	1879.900
703	1879.900
333	1880.100
373	1880.100
573	1880.400
83	1880.500
483	1880.500
793	1880.800
203	1881.000
283	1881.200
643	1881.200
473	1881.300
533	1881.400
353	1881.500
403	1881.900
583	1881.900
423	1882.000
193	1882.100
393	1882.200
313	1882.300
413	1882.300
713	1882.400
253	1882.500
143	1882.600
623	1882.600
123	1882.700
743	1882.700
773	1882.700
263	1882.800
363	1882.800
453	1882.800
693	1882.800
753	1882.800
33	1882.900
323	1883.000
563	1883.000
63	1883.100
213	1883.100
433	1883.300
3	1883.600
663	1883.600
783	1883.600
133	1883.700
173	1883.800
733	1883.800
223	1883.900
233	1883.900
443	1883.900
653	1884.000
673	1884.000
723	1884.000
603	1884.100
633	1884.100
553	1884.200
103	1884.300
303	1884.300
523	1884.300
93	1884.400
113	1884.400
543	1884.400
383	1884.500
293	1884.600
73	1884.700
243	1884.700
763	1884.700
273	1884.800
343	1884.800
513	1884.800
683	1884.900
23	1885.000
493	1885.000
463	1885.100
183	1885.600
13	1885.700
613	1885.700
503	1885.800
43	1885.900
153	1886.000
53	1886.100
703	1886.300
163	1886.700
593	1886.700
333	1886.800
373	1886.800
483	1887.000
573	1887.000
83	1887.300
793	1887.300
203	1887.900
283	1887.900
643	1887.900
353	1888.100
473	1888.100
533	1888.300
403	1888.800
423	1888.800
583	1888.800
193	1889.000
413	1889.000
623	1889.100
143	1889.300
773	1889.300
743	1889.400
313	1889.500
713	1889.500
253	1889.600
363	1889.600
393	1889.600
453	1889.600
693	1889.600
753	1889.600
33	1889.700
123	1889.700
263	1889.700
213	1889.800
323	1889.800
63	1890.000
563	1890.000
3	1890.300
133	1890.400
663	1890.400
783	1890.400
233	1890.500
433	1890.600
443	1890.600
733	1890.600
223	1890.700
653	1890.800
673	1890.900
103	1891.000
603	1891.000
173	1891.100
633	1891.100
93	1891.200
303	1891.200
543	1891.200
553	1891.200
723	1891.200
113	1891.300
293	1891.400
383	1891.400
73	1891.500
243	1891.500
523	1891.500
343	1891.600
513	1891.600
273	1891.700
493	1891.700
683	1891.700
763	1891.700
23	1892.000
463	1892.000
13	1892.200
613	1892.300
503	1892.400
53	1892.600
183	1892.600
43	1892.700
153	1892.700
703	1892.800
593	1893.400
373	1893.500
163	1893.600
333	1893.600
573	1893.600
483	1893.800
793	1893.800
83	1894.300
283	1894.600
203	1894.700
643	1894.700
353	1894.800
473	1894.900
533	1894.900
423	1895.300
583	1895.500
193	1895.700
403	1895.700
623	1895.700
413	1895.900
743	1896.100
773	1896.100
143	1896.300
453	1896.300
33	1896.400
123	1896.400
253	1896.400
313	1896.400
363	1896.400
713	1896.400
753	1896.400
263	1896.600
63	1896.700
213	1896.700
323	1896.700
693	1896.700
783	1896.800
393	1896.900
563	1896.900
3	1897.100
223	1897.100
233	1897.100
663	1897.100
133	1897.200
433	1897.300
443	1897.400
733	1897.400
103	1897.600
653	1897.600
673	1897.600
603	1897.800
303	1897.900
543	1897.900
633	1897.900
93	1898.100
113	1898.100
173	1898.100
383	1898.100
553	1898.100
723	1898.100
293	1898.200
243	1898.300
513	1898.300
763	1898.300
73	1898.400
523	1898.400
683	1898.400
273	1898.500
343	1898.500
493	1898.500
13	1898.600
23	1898.800
613	1898.800
463	1899.000
43	1899.200
503	1899.200
53	1899.300
153	1899.300
183	1899.300
703	1899.300
593	1899.900
373	1900.000
163	1900.200
573	1900.200
333	1900.300
483	1900.600
793	1900.600
83	1900.900
353	1901.200
533	1901.300
203	1901.400
473	1901.400
643	1901.400
283	1901.500
423	1902.000
583	1902.100
403	1902.200
623	1902.300
193	1902.400
413	1902.400
773	1902.700
743	1902.800
453	1902.900
123	1903.000
33	1903.100
313	1903.100
713	1903.100
263	1903.200
253	1903.300
783	1903.300
363	1903.400
753	1903.400
63	1903.500
323	1903.500
563	1903.500
143	1903.600
213	1903.600
693	1903.600
3	1903.800
223	1903.800
233	1903.800
393	1903.800
133	1903.900
433	1903.900
663	1903.900
103	1904.300
443	1904.300
653	1904.400
673	1904.400
733	1904.400
543	1904.500
633	1904.500
603	1904.600
303	1904.700
553	1904.800
173	1904.900
383	1904.900
513	1904.900
93	1905.000
243	1905.000
293	1905.000
723	1905.000
13	1905.100
73	1905.100
113	1905.100
523	1905.100
273	1905.200
493	1905.200
763	1905.200
23	1905.300
343	1905.300
613	1905.300
683	1905.300
463	1905.800
53	1905.900
703	1905.900
43	1906.000
153	1906.000
183	1906.000
503	1906.200
593	1906.300
373	1906.500
573	1906.700
333	1906.800
163	1906.900
483	1907.100
83	1907.300
793	1907.500
533	1907.700
353	1907.800
203	1907.900
473	1907.900
643	1907.900
283	1908.200
423	1908.600
583	1908.600
403	1908.700
623	1908.800
193	1909.000
413	1909.100
773	1909.100
743	1909.400
33	1909.600
453	1909.600
713	1909.600
123	1909.700
263	1909.800
313	1909.800
783	1909.800
563	1909.900
3	1910.200
63	1910.200
363	1910.200
753	1910.200
133	1910.300
223	1910.300
253	1910.300
693	1910.300
213	1910.400
233	1910.400
323	1910.400
433	1910.400
663	1910.500
143	1910.600
393	1910.600
103	1910.800
543	1910.900
673	1910.900
633	1911.000
653	1911.000
443	1911.100
733	1911.100
303	1911.200
603	1911.200
173	1911.300
553	1911.500
93	1911.600
243	1911.600
383	1911.600
513	1911.600
723	1911.600
13	1911.700
273	1911.700
493	1911.700
523	1911.700
613	1911.700
763	1911.700
23	1911.900
73	1911.900
113	1911.900
293	1911.900
343	1911.900
683	1911.900
463	1912.300
43	1912.400
53	1912.400
703	1912.400
153	1912.500
503	1912.600
593	1912.600
183	1912.700
373	1912.900
163	1913.100
573	1913.100
333	1913.200
483	1913.500
83	1913.700
793	1913.800
203	1914.100
473	1914.100
533	1914.100
353	1914.200
643	1914.200
283	1914.600
423	1915.100
193	1915.200
403	1915.200
583	1915.200
623	1915.200
773	1915.300
413	1915.500
743	1915.900
33	1916.100
123	1916.100
713	1916.100
783	1916.100
263	1916.200
313	1916.200
3	1916.300
453	1916.300
563	1916.400
63	1916.600
133	1916.700
753	1916.700
223	1916.800
233	1916.800
253	1916.800
213	1916.900
323	1916.900
363	1916.900
433	1916.900
103	1917.000
693	1917.000
143	1917.100
663	1917.100
393	1917.200
543	1917.200
673	1917.400
443	1917.500
633	1917.500
653	1917.500
733	1917.500
173	1917.600
603	1917.700
303	1917.900
93	1918.000
13	1918.100
273	1918.100
383	1918.100
513	1918.100
723	1918.100
243	1918.200
493	1918.200
553	1918.200
613	1918.200
683	1918.200
763	1918.200
343	1918.300
523	1918.300
113	1918.400
23	1918.500
73	1918.600
293	1918.600
463	1918.700
43	1918.800
53	1918.800
153	1918.800
183	1918.900
503	1918.900
593	1919.000
703	1919.000
373	1919.300
163	1919.400
573	1919.400
333	1919.500
483	1919.800
83	1920.000
793	1920.200
203	1920.300
473	1920.400
533	1920.400
643	1920.400
353	1920.500
283	1920.900
423	1921.400
193	1921.500
403	1921.600
583	1921.600
623	1921.600
773	1921.600
413	1922.000
713	1922.400
33	1922.500
123	1922.500
743	1922.500
3	1922.600
313	1922.600
453	1922.600
783	1922.600
263	1922.700
563	1922.800
63	1923.000
133	1923.000
753	1923.000
233	1923.200
433	1923.200
213	1923.300
223	1923.400
323	1923.400
363	1923.400
393	1923.500
543	1923.500
663	1923.500
693	1923.500
103	1923.600
143	1923.600
253	1923.700
673	1923.700
443	1923.800
173	1923.900
633	1923.900
733	1923.900
653	1924.100
303	1924.200
603	1924.200
273	1924.300
13	1924.400
93	1924.400
613	1924.400
383	1924.500
683	1924.500
763	1924.500
243	1924.600
343	1924.600
513	1924.600
523	1924.600
723	1924.600
493	1924.700
23	1924.800
113	1924.800
73	1925.000
293	1925.000
463	1925.000
553	1925.000
43	1925.100
153	1925.100
183	1925.100
503	1925.200
53	1925.300
593	1925.300
703	1925.500
163	1925.600
373	1925.600
573	1925.600
333	1925.800
483	1925.800
83	1926.200
203	1926.500
793	1926.500
533	1926.600
643	1926.600
473	1926.700
353	1926.800
283	1927.100
193	1927.700
403	1927.700
423	1927.700
623	1927.800
773	1927.800
583	1927.900
413	1928.300
123	1928.600
713	1928.600
33	1928.700
3	1928.800
263	1928.800
453	1928.800
313	1928.900
743	1928.900
563	1929.000
783	1929.000
753	1929.200
63	1929.300
133	1929.400
213	1929.600
233	1929.600
433	1929.600
223	1929.700
363	1929.700
693	1929.700
143	1929.800
323	1929.800
393	1929.800
543	1929.800
663	1929.800
673	1929.900
103	1930.000
443	1930.200
633	1930.200
733	1930.200
173	1930.300
303	1930.300
253	1930.400
273	1930.400
653	1930.500
13	1930.600
93	1930.600
603	1930.600
613	1930.600
513	1930.800
523	1930.800
683	1930.800
763	1930.800
243	1930.900
343	1930.900
383	1930.900
23	1931.000
113	1931.000
493	1931.000
723	1931.000
293	1931.100
153	1931.200
463	1931.200
43	1931.300
73	1931.300
553	1931.300
183	1931.400
503	1931.400
593	1931.400
53	1931.600
163	1931.700
573	1931.700
373	1931.800
703	1931.800
483	1931.900
333	1932.100
83	1932.200
203	1932.600
643	1932.600
793	1932.600
473	1932.800
533	1932.800
353	1933.100
283	1933.200
193	1933.800
403	1933.800
423	1933.900
773	1933.900
583	1934.000
623	1934.000
413	1934.500
123	1934.600
713	1934.700
263	1934.800
3	1934.900
33	1934.900
453	1934.900
563	1935.000
313	1935.100
743	1935.100
783	1935.200
753	1935.300
63	1935.400
133	1935.600
233	1935.600
213	1935.700
143	1935.800
223	1935.800
363	1935.800
433	1935.800
323	1935.900
663	1935.900
693	1935.900
543	1936.000
673	1936.000
103	1936.200
393	1936.200
303	1936.300
443	1936.300
733	1936.300
173	1936.400
273	1936.500
633	1936.600
13	1936.700
253	1936.700
613	1936.700
93	1936.800
603	1936.800
653	1936.800
763	1936.900
243	1937.000
523	1937.000
683	1937.000
23	1937.100
293	1937.100
343	1937.100
383	1937.100
493	1937.100
513	1937.100
113	1937.200
723	1937.200
153	1937.300
463	1937.300
553	1937.300
73	1937.400
503	1937.400
43	1937.500
593	1937.500
183	1937.600
53	1937.700
163	1937.700
573	1937.700
373	1937.900
483	1938.000
703	1938.000
333	1938.100
83	1938.200
643	1938.500
793	1938.600
203	1938.700
533	1938.800
473	1938.900
283	1939.300
353	1939.300
403	1939.800
193	1939.900
583	1940.000
773	1940.000
423	1940.100
623	1940.200
413	1940.600
123	1940.700
263	1940.800
713	1940.800
453	1940.900
3	1941.000
33	1941.000
563	1941.100
313	1941.300
743	1941.300
783	1941.300
753	1941.400
63	1941.500
133	1941.700
143	1941.800
213	1941.800
233	1941.800
223	1941.900
323	1941.900
363	1941.900
663	1941.900
673	1941.900
693	1941.900
433	1942.000
543	1942.100
103	1942.300
303	1942.300
393	1942.300
733	1942.300
443	1942.400
173	1942.500
273	1942.500
13	1942.600
613	1942.600
253	1942.700
633	1942.700
603	1942.800
653	1942.800
93	1942.900
23	1943.000
523	1943.000
763	1943.000
243	1943.100
293	1943.100
343	1943.100
383	1943.100
683	1943.100
113	1943.200
493	1943.200
513	1943.200
723	1943.200
153	1943.300
463	1943.300
503	1943.300
553	1943.300
73	1943.400
43	1943.500
593	1943.500
163	1943.600
183	1943.600
53	1943.700
573	1943.700
373	1943.900
483	1944.000
703	1944.000
83	1944.100
333	1944.100
643	1944.300
793	1944.500
203	1944.600
473	1944.800
533	1944.800
283	1945.200
353	1945.300
403	1945.800
193	1945.900
583	1946.000
773	1946.000
423	1946.100
623	1946.300
123	1946.600
413	1946.600
263	1946.700
713	1946.700
453	1946.800
3	1946.900
33	1947.000
563	1947.000
313	1947.300
743	1947.300
753	1947.300
783	1947.300
63	1947.400
133	1947.700
233	1947.700
143	1947.800
213	1947.800
223	1947.800
673	1947.800
323	1947.900
363	1947.900
693	1947.900
663	1948.000
433	1948.100
103	1948.200
303	1948.200
543	1948.200
733	1948.200
393	1948.300
443	1948.400
13	1948.500
173	1948.500
273	1948.500
613	1948.500
253	1948.700
603	1948.800
633	1948.800
653	1948.800
23	1948.900
93	1948.900
523	1948.900
763	1948.900
293	1949.000
343	1949.000
383	1949.000
683	1949.000
113	1949.200
243	1949.200
463	1949.200
493	1949.200
513	1949.200
553	1949.200
723	1949.200
153	1949.300
503	1949.300
43	1949.400
73	1949.400
593	1949.400
163	1949.500
183	1949.500
53	1949.600
573	1949.600
373	1949.800
483	1949.900
703	1949.900
83	1950.000
333	1950.000
643	1950.100
793	1950.400
203	1950.500
533	1950.700
473	1950.800
283	1951.100
353	1951.200
403	1951.700
193	1951.800
773	1951.900
583	1952.000
423	1952.100
623	1952.300
123	1952.400
263	1952.500
413	1952.500
453	1952.600
713	1952.600
3	1952.800
563	1952.900
33	1953.000
743	1953.200
63	1953.300
313	1953.300
753	1953.300
783	1953.300
133	1953.600
233	1953.600
673	1953.600
143	1953.700
213	1953.700
223	1953.700
363	1953.800
693	1953.800
323	1953.900
303	1954.000
663	1954.000
103	1954.100
543	1954.100
733	1954.100
433	1954.200
13	1954.300
393	1954.300
443	1954.300
273	1954.400
613	1954.400
173	1954.500
253	1954.600
23	1954.700
603	1954.700
633	1954.700
523	1954.800
653	1954.800
763	1954.800
93	1954.900
293	1954.900
343	1954.900
383	1954.900
683	1954.900
463	1955.000
493	1955.100
513	1955.100
553	1955.100
723	1955.100
43	1955.200
113	1955.200
153	1955.200
243	1955.200
503	1955.200
73	1955.300
163	1955.300
593	1955.300
183	1955.400
53	1955.500
573	1955.500
373	1955.700
483	1955.800
703	1955.800
83	1955.900
333	1955.900
643	1955.900
793	1956.300
203	1956.400
533	1956.600
473	1956.700
283	1956.900
353	1957.100
403	1957.600
193	1957.700
583	1957.800
773	1957.800
423	1958.000
623	1958.200
123	1958.300
263	1958.300
413	1958.400
453	1958.400
713	1958.500
3	1958.600
563	1958.800
33	1958.900
743	1959.100
63	1959.200
313	1959.200
753	1959.200
783	1959.200
673	1959.400
133	1959.500
233	1959.500
143	1959.600
213	1959.600
223	1959.600
363	1959.700
693	1959.700
303	1959.800
323	1959.800
103	1959.900
733	1959.900
543	1960.000
663	1960.000
13	1960.100
443	1960.100
393	1960.200
433	1960.200
613	1960.200
273	1960.300
173	1960.400
253	1960.500
603	1960.500
23	1960.600
633	1960.600
383	1960.700
523	1960.700
653	1960.700
763	1960.700
93	1960.800
293	1960.800
343	1960.800
463	1960.800
683	1960.800
43	1961.000
493	1961.000
503	1961.000
513	1961.000
553	1961.000
113	1961.100
153	1961.100
243	1961.100
593	1961.100
723	1961.100
73	1961.200
163	1961.200
183	1961.200
573	1961.300
53	1961.400
373	1961.600
83	1961.700
483	1961.700
643	1961.700
703	1961.700
333	1961.800
203	1962.200
793	1962.200
533	1962.400
473	1962.600
283	1962.700
353	1962.900
193	1963.500
403	1963.500
583	1963.600
773	1963.600
423	1963.900
623	1964.000
263	1964.100
123	1964.200
453	1964.200
413	1964.300
713	1964.300
3	1964.400
33	1964.700
563	1964.700
313	1965.000
743	1965.000
753	1965.000
783	1965.000
63	1965.100
673	1965.200
133	1965.300
233	1965.300
143	1965.500
223	1965.500
363	1965.500
213	1965.600
303	1965.600
693	1965.600
323	1965.700
733	1965.700
103	1965.800
13	1965.900
443	1965.900
543	1965.900
663	1965.900
393	1966.000
613	1966.000
433	1966.100
273	1966.200
173	1966.300
253	1966.300
603	1966.300
23	1966.500
383	1966.500
523	1966.500
633	1966.500
763	1966.500
93	1966.600
293	1966.600
653	1966.600
683	1966.600
343	1966.700
463	1966.700
43	1966.800
503	1966.800
513	1966.800
553	1966.800
113	1966.900
153	1966.900
493	1966.900
73	1967.000
163	1967.000
573	1967.000
593	1967.000
723	1967.000
183	1967.100
243	1967.100
53	1967.300
373	1967.400
83	1967.500
483	1967.500
643	1967.500
703	1967.500
333	1967.700
793	1968.000
203	1968.100
533	1968.200
473	1968.400
283	1968.500
353	1968.700
403	1969.300
193	1969.400
583	1969.400
773	1969.400
423	1969.700
263	1969.800
453	1969.900
623	1969.900
123	1970.000
3	1970.200
413	1970.200
713	1970.200
33	1970.500
563	1970.500
783	1970.800
313	1970.900
673	1970.900
743	1970.900
753	1970.900
63	1971.000
233	1971.000
133	1971.100
143	1971.300
363	1971.300
223	1971.400
303	1971.400
213	1971.500
693	1971.500
733	1971.500
103	1971.600
323	1971.600
13	1971.700
443	1971.700
393	1971.800
543	1971.800
613	1971.800
663	1971.800
433	1971.900
253	1972.100
273	1972.100
173	1972.200
603	1972.200
23	1972.300
383	1972.300
523	1972.300
763	1972.300
93	1972.400
293	1972.400
633	1972.400
343	1972.500
463	1972.500
653	1972.500
683	1972.500
43	1972.600
503	1972.600
553	1972.600
153	1972.700
513	1972.700
73	1972.800
113	1972.800
163	1972.800
493	1972.800
573	1972.800
593	1972.800
183	1972.900
723	1972.900
243	1973.000
53	1973.100
373	1973.200
643	1973.200
83	1973.300
483	1973.300
703	1973.300
333	1973.600
793	1973.800
203	1973.900
533	1974.000
473	1974.200
283	1974.300
353	1974.500
403	1975.100
193	1975.200
583	1975.200
773	1975.200
263	1975.600
423	1975.600
453	1975.600
123	1975.800
623	1975.800
3	1976.000
413	1976.000
713	1976.100
33	1976.400
563	1976.400
673	1976.600
783	1976.600
313	1976.700
743	1976.700
753	1976.700
63	1976.800
233	1976.800
133	1976.900
143	1977.100
303	1977.100
363	1977.100
223	1977.200
213	1977.300
693	1977.300
733	1977.300
103	1977.400
443	1977.400
13	1977.500
323	1977.500
393	1977.600
613	1977.600
543	1977.700
663	1977.700
433	1977.800
253	1977.900
273	1977.900
23	1978.000
603	1978.000
173	1978.100
383	1978.100
523	1978.100
763	1978.100
93	1978.200
293	1978.200
633	1978.200
343	1978.300
463	1978.300
43	1978.400
503	1978.400
553	1978.400
653	1978.400
683	1978.400
153	1978.500
513	1978.500
73	1978.600
113	1978.600
163	1978.600
493	1978.600
573	1978.600
593	1978.600
183	1978.700
723	1978.800
53	1978.900
243	1978.900
373	1978.900
643	1979.000
83	1979.100
483	1979.200
703	1979.200
333	1979.400
793	1979.600
203	1979.700
533	1979.800
473	1980.000
283	1980.100
353	1980.300
403	1980.900
773	1980.900
193	1981.000
583	1981.000
263	1981.300
453	1981.300
423	1981.400
123	1981.600
623	1981.600
3	1981.800
413	1981.800
713	1982.000
563	1982.200
33	1982.300
673	1982.300
313	1982.500
753	1982.500
783	1982.500
63	1982.600
233	1982.600
743	1982.600
133	1982.700
303	1982.900
363	1982.900
143	1983.000
223	1983.000
693	1983.100
733	1983.100
103	1983.200
213	1983.200
443	1983.200
13	1983.300
323	1983.400
393	1983.400
613	1983.400
543	1983.500
433	1983.600
663	1983.600
253	1983.700
273	1983.700
23	1983.800
383	1983.800
603	1983.800
523	1983.900
763	1983.900
93	1984.000
173	1984.000
293	1984.000
633	1984.000
343	1984.100
463	1984.100
43	1984.200
503	1984.200
553	1984.200
683	1984.200
153	1984.300
653	1984.300
73	1984.400
163	1984.400
493	1984.400
513	1984.400
573	1984.400
593	1984.400
113	1984.500
183	1984.500
53	1984.700
373	1984.700
723	1984.700
243	1984.800
643	1984.800
83	1984.900
483	1985.000
703	1985.100
333	1985.200
793	1985.400
203	1985.500
533	1985.600
283	1985.800
473	1985.800
353	1986.100
773	1986.600
403	1986.700
583	1986.700
193	1986.800
263	1987.000
453	1987.000
423	1987.200
123	1987.400
623	1987.400
3	1987.600
413	1987.600
713	1987.800
563	1988.000
673	1988.000
33	1988.200
313	1988.300
753	1988.300
783	1988.300
233	1988.400
743	1988.400
63	1988.500
133	1988.500
303	1988.700
363	1988.700
143	1988.800
223	1988.800
693	1988.900
733	1988.900
103	1989.000
213	1989.000
443	1989.000
13	1989.100
393	1989.200
613	1989.200
323	1989.300
543	1989.300
433	1989.400
273	1989.500
663	1989.500
23	1989.600
253	1989.600
383	1989.600
603	1989.600
523	1989.700
763	1989.700
93	1989.800
293	1989.800
633	1989.800
173	1989.900
343	1989.900
463	1989.900
43	1990.000
503	1990.000
553	1990.000
683	1990.000
153	1990.100
653	1990.100
73	1990.200
163	1990.200
493	1990.200
513	1990.200
573	1990.200
593	1990.200
113	1990.300
183	1990.300
53	1990.500
373	1990.500
643	1990.500
723	1990.600
83	1990.700
243	1990.700
483	1990.800
703	1990.900
333	1991.000
793	1991.200
203	1991.300
533	1991.300
283	1991.600
473	1991.600
353	1991.900
773	1992.300
583	1992.400
403	1992.500
193	1992.600
263	1992.700
453	1992.700
423	1993.000
123	1993.200
623	1993.200
3	1993.400
413	1993.400
713	1993.600
563	1993.800
673	1993.800
33	1994.000
313	1994.100
753	1994.100
783	1994.100
233	1994.200
63	1994.300
133	1994.300
743	1994.300
303	1994.500
363	1994.500
143	1994.600
223	1994.600
733	1994.600
103	1994.700
693	1994.700
13	1994.800
443	1994.800
213	1994.900
613	1994.900
393	1995.000
543	1995.100
323	1995.200
433	1995.200
383	1995.300
603	1995.300
23	1995.400
253	1995.400
273	1995.400
663	1995.400
523	1995.500
763	1995.500
93	1995.600
293	1995.600
633	1995.600
173	1995.700
343	1995.700
463	1995.700
43	1995.800
503	1995.800
553	1995.800
683	1995.800
153	1995.900
593	1995.900
653	1995.900
73	1996.000
163	1996.000
493	1996.000
513	1996.000
573	1996.000
113	1996.100
183	1996.100
53	1996.300
373	1996.300
643	1996.300
83	1996.500
243	1996.500
723	1996.500
483	1996.600
703	1996.700
333	1996.800
533	1997.000
793	1997.000
203	1997.100
283	1997.400
473	1997.400
353	1997.700
773	1998.000
583	1998.100
403	1998.300
193	1998.400
263	1998.400
453	1998.500
423	1998.800
123	1999.000
623	1999.000
3	1999.200
413	1999.200
713	1999.400
673	1999.500
563	1999.600
33	1999.800
313	1999.900
753	1999.900
783	1999.900
133	2000.000
233	2000.000
