# NEST version: UNKNOWN
# RecordingBackendASCII version: 2
sender	time_ms	w
805	1.000	0.000
805	2.000	0.000
805	3.000	0.000
805	4.000	0.000
805	5.000	0.000
805	6.000	0.000
805	7.000	0.000
805	8.000	0.000
805	9.000	0.000
805	10.000	0.000
805	11.000	0.000
805	12.000	0.000
805	13.000	0.000
805	14.000	0.000
805	15.000	0.000
805	16.000	0.000
805	17.000	0.000
805	18.000	0.000
805	19.000	0.000
805	20.000	0.000
805	21.000	0.000
805	22.000	0.000
805	23.000	0.000
805	24.000	0.000
805	25.000	0.000
805	26.000	0.000
805	27.000	0.000
805	28.000	0.000
805	29.000	0.000
805	30.000	0.000
805	31.000	0.000
805	32.000	0.000
805	33.000	0.000
805	34.000	0.000
805	35.000	0.000
805	36.000	0.000
805	37.000	0.000
805	38.000	0.000
805	39.000	0.000
805	40.000	0.000
805	41.000	0.000
805	42.000	0.000
805	43.000	0.000
805	44.000	0.000
805	45.000	0.000
805	46.000	0.000
805	47.000	0.000
805	48.000	0.000
805	49.000	0.000
805	50.000	0.000
805	51.000	0.000
805	52.000	0.000
805	53.000	0.000
805	54.000	0.000
805	55.000	0.000
805	56.000	0.000
805	57.000	0.000
805	58.000	0.000
805	59.000	0.000
805	60.000	0.000
805	61.000	0.000
805	62.000	0.000
805	63.000	0.000
805	64.000	0.000
805	65.000	0.000
805	66.000	0.000
805	67.000	0.000
805	68.000	0.000
805	69.000	0.000
805	70.000	0.000
805	71.000	0.000
805	72.000	0.000
805	73.000	0.000
805	74.000	0.000
805	75.000	0.000
805	76.000	0.000
805	77.000	0.000
805	78.000	0.000
805	79.000	0.000
805	80.000	0.000
805	81.000	0.000
805	82.000	0.000
805	83.000	0.000
805	84.000	0.000
805	85.000	0.000
805	86.000	0.000
805	87.000	0.000
805	88.000	0.000
805	89.000	0.000
805	90.000	0.000
805	91.000	0.000
805	92.000	0.000
805	93.000	0.000
805	94.000	0.000
805	95.000	0.000
805	96.000	0.000
805	97.000	0.000
805	98.000	0.000
805	99.000	0.000
805	100.000	0.000
805	101.000	0.000
805	102.000	0.000
805	103.000	0.000
805	104.000	0.000
805	105.000	0.000
805	106.000	0.000
805	107.000	0.000
805	108.000	0.000
805	109.000	0.000
805	110.000	0.000
805	111.000	0.000
805	112.000	0.000
805	113.000	0.000
805	114.000	0.000
805	115.000	0.000
805	116.000	0.000
805	117.000	0.000
805	118.000	0.000
805	119.000	0.000
805	120.000	0.000
805	121.000	0.000
805	122.000	0.000
805	123.000	0.000
805	124.000	0.000
805	125.000	0.000
805	126.000	0.000
805	127.000	0.000
805	128.000	0.000
805	129.000	0.000
805	130.000	0.000
805	131.000	0.000
805	132.000	0.000
805	133.000	0.000
805	134.000	0.000
805	135.000	0.000
805	136.000	0.000
805	137.000	0.000
805	138.000	0.000
805	139.000	0.000
805	140.000	0.000
805	141.000	0.000
805	142.000	0.000
805	143.000	0.000
805	144.000	0.000
805	145.000	0.000
805	146.000	0.000
805	147.000	0.000
805	148.000	0.000
805	149.000	0.000
805	150.000	0.000
805	151.000	0.000
805	152.000	0.000
805	153.000	0.000
805	154.000	0.000
805	155.000	0.000
805	156.000	0.000
805	157.000	0.000
805	158.000	0.000
805	159.000	0.000
805	160.000	0.000
805	161.000	0.000
805	162.000	0.000
805	163.000	0.000
805	164.000	0.000
805	165.000	0.000
805	166.000	0.000
805	167.000	0.000
805	168.000	0.000
805	169.000	0.000
805	170.000	0.000
805	171.000	0.000
805	172.000	0.000
805	173.000	0.000
805	174.000	0.000
805	175.000	0.000
805	176.000	0.000
805	177.000	0.000
805	178.000	0.000
805	179.000	0.000
805	180.000	0.000
805	181.000	0.000
805	182.000	0.000
805	183.000	0.000
805	184.000	0.000
805	185.000	0.000
805	186.000	0.000
805	187.000	0.000
805	188.000	0.000
805	189.000	0.000
805	190.000	0.000
805	191.000	0.000
805	192.000	0.000
805	193.000	0.000
805	194.000	0.000
805	195.000	0.000
805	196.000	0.000
805	197.000	0.000
805	198.000	0.000
805	199.000	0.000
805	200.000	0.000
805	201.000	0.000
805	202.000	0.000
805	203.000	0.000
805	204.000	0.000
805	205.000	0.000
805	206.000	0.000
805	207.000	0.000
805	208.000	0.000
805	209.000	0.000
805	210.000	0.000
805	211.000	0.000
805	212.000	0.000
805	213.000	0.000
805	214.000	0.000
805	215.000	0.000
805	216.000	0.000
805	217.000	0.000
805	218.000	0.000
805	219.000	0.000
805	220.000	0.000
805	221.000	0.000
805	222.000	0.000
805	223.000	0.000
805	224.000	0.000
805	225.000	0.000
805	226.000	0.000
805	227.000	0.000
805	228.000	0.000
805	229.000	0.000
805	230.000	0.000
805	231.000	0.000
805	232.000	0.000
805	233.000	0.000
805	234.000	0.000
805	235.000	0.000
805	236.000	0.000
805	237.000	0.000
805	238.000	0.000
805	239.000	0.000
805	240.000	0.000
805	241.000	0.000
805	242.000	0.000
805	243.000	0.000
805	244.000	0.000
805	245.000	0.000
805	246.000	0.000
805	247.000	0.000
805	248.000	0.000
805	249.000	0.000
805	250.000	0.000
805	251.000	0.000
805	252.000	0.000
805	253.000	0.000
805	254.000	0.000
805	255.000	0.000
805	256.000	0.000
805	257.000	0.000
805	258.000	0.000
805	259.000	0.000
805	260.000	0.000
805	261.000	0.000
805	262.000	0.000
805	263.000	0.000
805	264.000	0.000
805	265.000	0.000
805	266.000	0.000
805	267.000	0.000
805	268.000	0.000
805	269.000	0.000
805	270.000	0.000
805	271.000	0.000
805	272.000	0.000
805	273.000	0.000
805	274.000	0.000
805	275.000	0.000
805	276.000	0.000
805	277.000	0.000
805	278.000	0.000
805	279.000	0.000
805	280.000	0.000
805	281.000	0.000
805	282.000	0.000
805	283.000	0.000
805	284.000	0.000
805	285.000	0.000
805	286.000	0.000
805	287.000	0.000
805	288.000	0.000
805	289.000	0.000
805	290.000	0.000
805	291.000	0.000
805	292.000	0.000
805	293.000	0.000
805	294.000	0.000
805	295.000	0.000
805	296.000	0.000
805	297.000	0.000
805	298.000	0.000
805	299.000	0.000
805	300.000	0.000
805	301.000	0.000
805	302.000	0.000
805	303.000	0.000
805	304.000	0.000
805	305.000	0.000
805	306.000	0.000
805	307.000	0.000
805	308.000	0.000
805	309.000	0.000
805	310.000	0.000
805	311.000	0.000
805	312.000	0.000
805	313.000	0.000
805	314.000	0.000
805	315.000	0.000
805	316.000	0.000
805	317.000	0.000
805	318.000	0.000
805	319.000	0.000
805	320.000	0.000
805	321.000	0.000
805	322.000	0.000
805	323.000	0.000
805	324.000	0.000
805	325.000	0.000
805	326.000	0.000
805	327.000	0.000
805	328.000	0.000
805	329.000	0.000
805	330.000	0.000
805	331.000	0.000
805	332.000	0.000
805	333.000	0.000
805	334.000	0.000
805	335.000	0.000
805	336.000	0.000
805	337.000	0.000
805	338.000	0.000
805	339.000	0.000
805	340.000	0.000
805	341.000	0.000
805	342.000	0.000
805	343.000	0.000
805	344.000	0.000
805	345.000	0.000
805	346.000	0.000
805	347.000	0.000
805	348.000	0.000
805	349.000	0.000
805	350.000	0.000
805	351.000	0.000
805	352.000	0.000
805	353.000	0.000
805	354.000	0.000
805	355.000	0.000
805	356.000	0.000
805	357.000	0.000
805	358.000	0.000
805	359.000	0.000
805	360.000	0.000
805	361.000	0.000
805	362.000	0.000
805	363.000	0.000
805	364.000	0.000
805	365.000	0.000
805	366.000	0.000
805	367.000	0.000
805	368.000	0.000
805	369.000	0.000
805	370.000	0.000
805	371.000	0.000
805	372.000	0.000
805	373.000	0.000
805	374.000	0.000
805	375.000	0.000
805	376.000	0.000
805	377.000	0.000
805	378.000	0.000
805	379.000	0.000
805	380.000	0.000
805	381.000	0.000
805	382.000	0.000
805	383.000	0.000
805	384.000	0.000
805	385.000	0.000
805	386.000	0.000
805	387.000	0.000
805	388.000	0.000
805	389.000	0.000
805	390.000	0.000
805	391.000	0.000
805	392.000	0.000
805	393.000	0.000
805	394.000	0.000
805	395.000	0.000
805	396.000	0.000
805	397.000	0.000
805	398.000	0.000
805	399.000	0.000
805	400.000	0.000
805	401.000	0.000
805	402.000	0.000
805	403.000	0.000
805	404.000	0.000
805	405.000	0.000
805	406.000	0.000
805	407.000	0.000
805	408.000	0.000
805	409.000	0.000
805	410.000	0.000
805	411.000	0.000
805	412.000	0.000
805	413.000	0.000
805	414.000	0.000
805	415.000	0.000
805	416.000	0.000
805	417.000	0.000
805	418.000	0.000
805	419.000	0.000
805	420.000	0.000
805	421.000	0.000
805	422.000	0.000
805	423.000	0.000
805	424.000	0.000
805	425.000	0.000
805	426.000	0.000
805	427.000	0.000
805	428.000	0.000
805	429.000	0.000
805	430.000	0.000
805	431.000	0.000
805	432.000	0.000
805	433.000	0.000
805	434.000	0.000
805	435.000	0.000
805	436.000	0.000
805	437.000	0.000
805	438.000	0.000
805	439.000	0.000
805	440.000	0.000
805	441.000	0.000
805	442.000	0.000
805	443.000	0.000
805	444.000	0.000
805	445.000	0.000
805	446.000	0.000
805	447.000	0.000
805	448.000	0.000
805	449.000	0.000
805	450.000	0.000
805	451.000	0.000
805	452.000	0.000
805	453.000	0.000
805	454.000	0.000
805	455.000	0.000
805	456.000	0.000
805	457.000	0.000
805	458.000	0.000
805	459.000	0.000
805	460.000	0.000
805	461.000	0.000
805	462.000	0.000
805	463.000	0.000
805	464.000	0.000
805	465.000	0.000
805	466.000	0.000
805	467.000	0.000
805	468.000	0.000
805	469.000	0.000
805	470.000	0.000
805	471.000	0.000
805	472.000	0.000
805	473.000	0.000
805	474.000	0.000
805	475.000	0.000
805	476.000	0.000
805	477.000	0.000
805	478.000	0.000
805	479.000	0.000
805	480.000	0.000
805	481.000	0.000
805	482.000	0.000
805	483.000	0.000
805	484.000	0.000
805	485.000	0.000
805	486.000	0.000
805	487.000	0.000
805	488.000	0.000
805	489.000	0.000
805	490.000	0.000
805	491.000	0.000
805	492.000	0.000
805	493.000	0.000
805	494.000	0.000
805	495.000	0.000
805	496.000	0.000
805	497.000	0.000
805	498.000	0.000
805	499.000	0.000
805	500.000	0.000
805	501.000	0.000
805	502.000	0.000
805	503.000	0.000
805	504.000	0.000
805	505.000	0.000
805	506.000	0.000
805	507.000	0.000
805	508.000	0.000
805	509.000	0.000
805	510.000	0.000
805	511.000	0.000
805	512.000	0.000
805	513.000	0.000
805	514.000	0.000
805	515.000	0.000
805	516.000	0.000
805	517.000	0.000
805	518.000	0.000
805	519.000	0.000
805	520.000	0.000
805	521.000	0.000
805	522.000	0.000
805	523.000	0.000
805	524.000	0.000
805	525.000	0.000
805	526.000	0.000
805	527.000	0.000
805	528.000	0.000
805	529.000	0.000
805	530.000	0.000
805	531.000	0.000
805	532.000	0.000
805	533.000	0.000
805	534.000	0.000
805	535.000	0.000
805	536.000	0.000
805	537.000	0.000
805	538.000	0.000
805	539.000	0.000
805	540.000	0.000
805	541.000	0.000
805	542.000	0.000
805	543.000	0.000
805	544.000	0.000
805	545.000	0.000
805	546.000	0.000
805	547.000	0.000
805	548.000	0.000
805	549.000	0.000
805	550.000	0.000
805	551.000	0.000
805	552.000	0.000
805	553.000	0.000
805	554.000	0.000
805	555.000	0.000
805	556.000	0.000
805	557.000	0.000
805	558.000	0.000
805	559.000	0.000
805	560.000	0.000
805	561.000	0.000
805	562.000	0.000
805	563.000	0.000
805	564.000	0.000
805	565.000	0.000
805	566.000	0.000
805	567.000	0.000
805	568.000	0.000
805	569.000	0.000
805	570.000	0.000
805	571.000	0.000
805	572.000	0.000
805	573.000	0.000
805	574.000	0.000
805	575.000	0.000
805	576.000	0.000
805	577.000	0.000
805	578.000	0.000
805	579.000	0.000
805	580.000	0.000
805	581.000	0.000
805	582.000	0.000
805	583.000	0.000
805	584.000	0.000
805	585.000	0.000
805	586.000	0.000
805	587.000	0.000
805	588.000	0.000
805	589.000	0.000
805	590.000	0.000
805	591.000	0.000
805	592.000	0.000
805	593.000	0.000
805	594.000	0.000
805	595.000	0.000
805	596.000	0.000
805	597.000	0.000
805	598.000	0.000
805	599.000	0.000
805	600.000	0.000
805	601.000	0.000
805	602.000	0.000
805	603.000	0.000
805	604.000	0.000
805	605.000	0.000
805	606.000	0.000
805	607.000	0.000
805	608.000	0.000
805	609.000	0.000
805	610.000	0.000
805	611.000	0.000
805	612.000	0.000
805	613.000	0.000
805	614.000	0.000
805	615.000	0.000
805	616.000	0.000
805	617.000	0.000
805	618.000	0.000
805	619.000	0.000
805	620.000	0.000
805	621.000	0.000
805	622.000	0.000
805	623.000	0.000
805	624.000	0.000
805	625.000	0.000
805	626.000	0.000
805	627.000	0.000
805	628.000	0.000
805	629.000	0.000
805	630.000	0.000
805	631.000	0.000
805	632.000	0.000
805	633.000	0.000
805	634.000	0.000
805	635.000	0.000
805	636.000	0.000
805	637.000	0.000
805	638.000	0.000
805	639.000	0.000
805	640.000	0.000
805	641.000	0.000
805	642.000	0.000
805	643.000	0.000
805	644.000	0.000
805	645.000	0.000
805	646.000	0.000
805	647.000	0.000
805	648.000	0.000
805	649.000	0.000
805	650.000	0.000
805	651.000	0.000
805	652.000	0.000
805	653.000	0.000
805	654.000	0.000
805	655.000	0.000
805	656.000	0.000
805	657.000	0.000
805	658.000	0.000
805	659.000	0.000
805	660.000	0.000
805	661.000	0.000
805	662.000	0.000
805	663.000	0.000
805	664.000	0.000
805	665.000	0.000
805	666.000	0.000
805	667.000	0.000
805	668.000	0.000
805	669.000	0.000
805	670.000	0.000
805	671.000	0.000
805	672.000	0.000
805	673.000	0.000
805	674.000	0.000
805	675.000	0.000
805	676.000	0.000
805	677.000	0.000
805	678.000	0.000
805	679.000	0.000
805	680.000	0.000
805	681.000	0.000
805	682.000	0.000
805	683.000	0.000
805	684.000	0.000
805	685.000	0.000
805	686.000	0.000
805	687.000	0.000
805	688.000	0.000
805	689.000	0.000
805	690.000	0.000
805	691.000	0.000
805	692.000	0.000
805	693.000	0.000
805	694.000	0.000
805	695.000	0.000
805	696.000	0.000
805	697.000	0.000
805	698.000	0.000
805	699.000	0.000
805	700.000	0.000
805	701.000	0.000
805	702.000	0.000
805	703.000	0.000
805	704.000	0.000
805	705.000	0.000
805	706.000	0.000
805	707.000	0.000
805	708.000	0.000
805	709.000	0.000
805	710.000	0.000
805	711.000	0.000
805	712.000	0.000
805	713.000	0.000
805	714.000	0.000
805	715.000	0.000
805	716.000	0.000
805	717.000	0.000
805	718.000	0.000
805	719.000	0.000
805	720.000	0.000
805	721.000	0.000
805	722.000	0.000
805	723.000	0.000
805	724.000	0.000
805	725.000	0.000
805	726.000	0.000
805	727.000	0.000
805	728.000	0.000
805	729.000	0.000
805	730.000	0.000
805	731.000	0.000
805	732.000	0.000
805	733.000	0.000
805	734.000	0.000
805	735.000	0.000
805	736.000	0.000
805	737.000	0.000
805	738.000	0.000
805	739.000	0.000
805	740.000	0.000
805	741.000	0.000
805	742.000	0.000
805	743.000	0.000
805	744.000	0.000
805	745.000	0.000
805	746.000	0.000
805	747.000	0.000
805	748.000	0.000
805	749.000	0.000
805	750.000	0.000
805	751.000	0.000
805	752.000	0.000
805	753.000	0.000
805	754.000	0.000
805	755.000	0.000
805	756.000	0.000
805	757.000	0.000
805	758.000	0.000
805	759.000	0.000
805	760.000	0.000
805	761.000	0.000
805	762.000	0.000
805	763.000	0.000
805	764.000	0.000
805	765.000	0.000
805	766.000	0.000
805	767.000	0.000
805	768.000	0.000
805	769.000	0.000
805	770.000	0.000
805	771.000	0.000
805	772.000	0.000
805	773.000	0.000
805	774.000	0.000
805	775.000	0.000
805	776.000	0.000
805	777.000	0.000
805	778.000	0.000
805	779.000	0.000
805	780.000	0.000
805	781.000	0.000
805	782.000	0.000
805	783.000	0.000
805	784.000	0.000
805	785.000	0.000
805	786.000	0.000
805	787.000	0.000
805	788.000	0.000
805	789.000	0.000
805	790.000	0.000
805	791.000	0.000
805	792.000	0.000
805	793.000	0.000
805	794.000	0.000
805	795.000	0.000
805	796.000	0.000
805	797.000	0.000
805	798.000	0.000
805	799.000	0.000
805	800.000	0.000
805	801.000	0.000
805	802.000	0.000
805	803.000	0.000
805	804.000	0.000
805	805.000	0.000
805	806.000	0.000
805	807.000	0.000
805	808.000	0.000
805	809.000	0.000
805	810.000	0.000
805	811.000	0.000
805	812.000	0.000
805	813.000	0.000
805	814.000	0.000
805	815.000	0.000
805	816.000	0.000
805	817.000	0.000
805	818.000	0.000
805	819.000	0.000
805	820.000	0.000
805	821.000	0.000
805	822.000	0.000
805	823.000	0.000
805	824.000	0.000
805	825.000	0.000
805	826.000	0.000
805	827.000	0.000
805	828.000	0.000
805	829.000	0.000
805	830.000	0.000
805	831.000	0.000
805	832.000	0.000
805	833.000	0.000
805	834.000	0.000
805	835.000	0.000
805	836.000	0.000
805	837.000	0.000
805	838.000	0.000
805	839.000	0.000
805	840.000	0.000
805	841.000	0.000
805	842.000	0.000
805	843.000	0.000
805	844.000	0.000
805	845.000	0.000
805	846.000	0.000
805	847.000	0.000
805	848.000	0.000
805	849.000	0.000
805	850.000	0.000
805	851.000	0.000
805	852.000	0.000
805	853.000	0.000
805	854.000	0.000
805	855.000	0.000
805	856.000	0.000
805	857.000	0.000
805	858.000	0.000
805	859.000	0.000
805	860.000	0.000
805	861.000	0.000
805	862.000	0.000
805	863.000	0.000
805	864.000	0.000
805	865.000	0.000
805	866.000	0.000
805	867.000	0.000
805	868.000	0.000
805	869.000	0.000
805	870.000	0.000
805	871.000	0.000
805	872.000	0.000
805	873.000	0.000
805	874.000	0.000
805	875.000	0.000
805	876.000	0.000
805	877.000	0.000
805	878.000	0.000
805	879.000	0.000
805	880.000	0.000
805	881.000	0.000
805	882.000	0.000
805	883.000	0.000
805	884.000	0.000
805	885.000	0.000
805	886.000	0.000
805	887.000	0.000
805	888.000	0.000
805	889.000	0.000
805	890.000	0.000
805	891.000	0.000
805	892.000	0.000
805	893.000	0.000
805	894.000	0.000
805	895.000	0.000
805	896.000	0.000
805	897.000	0.000
805	898.000	0.000
805	899.000	0.000
805	900.000	0.000
805	901.000	0.000
805	902.000	0.000
805	903.000	0.000
805	904.000	0.000
805	905.000	0.000
805	906.000	0.000
805	907.000	0.000
805	908.000	0.000
805	909.000	0.000
805	910.000	0.000
805	911.000	0.000
805	912.000	0.000
805	913.000	0.000
805	914.000	0.000
805	915.000	0.000
805	916.000	0.000
805	917.000	0.000
805	918.000	0.000
805	919.000	0.000
805	920.000	0.000
805	921.000	0.000
805	922.000	0.000
805	923.000	0.000
805	924.000	0.000
805	925.000	0.000
805	926.000	0.000
805	927.000	0.000
805	928.000	0.000
805	929.000	0.000
805	930.000	0.000
805	931.000	0.000
805	932.000	0.000
805	933.000	0.000
805	934.000	0.000
805	935.000	0.000
805	936.000	0.000
805	937.000	0.000
805	938.000	0.000
805	939.000	0.000
805	940.000	0.000
805	941.000	0.000
805	942.000	0.000
805	943.000	0.000
805	944.000	0.000
805	945.000	0.000
805	946.000	0.000
805	947.000	0.000
805	948.000	0.000
805	949.000	0.000
805	950.000	0.000
805	951.000	0.000
805	952.000	0.000
805	953.000	0.000
805	954.000	0.000
805	955.000	0.000
805	956.000	0.000
805	957.000	0.000
805	958.000	0.000
805	959.000	0.000
805	960.000	0.000
805	961.000	0.000
805	962.000	0.000
805	963.000	0.000
805	964.000	0.000
805	965.000	0.000
805	966.000	0.000
805	967.000	0.000
805	968.000	0.000
805	969.000	0.000
805	970.000	0.000
805	971.000	0.000
805	972.000	0.000
805	973.000	0.000
805	974.000	0.000
805	975.000	0.000
805	976.000	0.000
805	977.000	0.000
805	978.000	0.000
805	979.000	0.000
805	980.000	0.000
805	981.000	0.000
805	982.000	0.000
805	983.000	0.000
805	984.000	0.000
805	985.000	0.000
805	986.000	0.000
805	987.000	0.000
805	988.000	0.000
805	989.000	0.000
805	990.000	0.000
805	991.000	0.000
805	992.000	0.000
805	993.000	0.000
805	994.000	0.000
805	995.000	0.000
805	996.000	0.000
805	997.000	0.000
805	998.000	0.000
805	999.000	0.000
805	1000.000	0.000
805	1001.000	0.000
805	1002.000	0.000
805	1003.000	0.000
805	1004.000	0.000
805	1005.000	0.000
805	1006.000	0.000
805	1007.000	0.000
805	1008.000	0.000
805	1009.000	0.000
805	1010.000	0.000
805	1011.000	0.000
805	1012.000	0.000
805	1013.000	0.000
805	1014.000	0.000
805	1015.000	0.000
805	1016.000	0.000
805	1017.000	0.000
805	1018.000	0.000
805	1019.000	0.000
805	1020.000	0.000
805	1021.000	0.000
805	1022.000	0.000
805	1023.000	0.000
805	1024.000	0.000
805	1025.000	0.000
805	1026.000	0.000
805	1027.000	0.000
805	1028.000	0.000
805	1029.000	0.000
805	1030.000	0.000
805	1031.000	0.000
805	1032.000	0.000
805	1033.000	0.000
805	1034.000	0.000
805	1035.000	0.000
805	1036.000	0.000
805	1037.000	0.000
805	1038.000	0.000
805	1039.000	0.000
805	1040.000	0.000
805	1041.000	0.000
805	1042.000	0.000
805	1043.000	0.000
805	1044.000	0.000
805	1045.000	0.000
805	1046.000	0.000
805	1047.000	0.000
805	1048.000	0.000
805	1049.000	0.000
805	1050.000	0.000
805	1051.000	0.000
805	1052.000	0.000
805	1053.000	0.000
805	1054.000	0.000
805	1055.000	0.000
805	1056.000	0.000
805	1057.000	0.000
805	1058.000	0.000
805	1059.000	0.000
805	1060.000	0.000
805	1061.000	0.000
805	1062.000	0.000
805	1063.000	0.000
805	1064.000	0.000
805	1065.000	0.000
805	1066.000	0.000
805	1067.000	0.000
805	1068.000	0.000
805	1069.000	0.000
805	1070.000	0.000
805	1071.000	0.000
805	1072.000	0.000
805	1073.000	0.000
805	1074.000	0.000
805	1075.000	0.000
805	1076.000	0.000
805	1077.000	0.000
805	1078.000	0.000
805	1079.000	0.000
805	1080.000	0.000
805	1081.000	0.000
805	1082.000	0.000
805	1083.000	0.000
805	1084.000	0.000
805	1085.000	0.000
805	1086.000	0.000
805	1087.000	0.000
805	1088.000	0.000
805	1089.000	0.000
805	1090.000	0.000
805	1091.000	0.000
805	1092.000	0.000
805	1093.000	0.000
805	1094.000	0.000
805	1095.000	0.000
805	1096.000	0.000
805	1097.000	0.000
805	1098.000	0.000
805	1099.000	0.000
805	1100.000	0.000
805	1101.000	0.000
805	1102.000	0.000
805	1103.000	0.000
805	1104.000	0.000
805	1105.000	0.000
805	1106.000	0.000
805	1107.000	0.000
805	1108.000	0.000
805	1109.000	0.000
805	1110.000	0.000
805	1111.000	0.000
805	1112.000	0.000
805	1113.000	0.000
805	1114.000	0.000
805	1115.000	0.000
805	1116.000	0.000
805	1117.000	0.000
805	1118.000	0.000
805	1119.000	0.000
805	1120.000	0.000
805	1121.000	0.000
805	1122.000	0.000
805	1123.000	0.000
805	1124.000	0.000
805	1125.000	0.000
805	1126.000	0.000
805	1127.000	0.000
805	1128.000	0.000
805	1129.000	0.000
805	1130.000	0.000
805	1131.000	0.000
805	1132.000	0.000
805	1133.000	0.000
805	1134.000	0.000
805	1135.000	0.000
805	1136.000	0.000
805	1137.000	0.000
805	1138.000	0.000
805	1139.000	0.000
805	1140.000	0.000
805	1141.000	0.000
805	1142.000	0.000
805	1143.000	0.000
805	1144.000	0.000
805	1145.000	0.000
805	1146.000	0.000
805	1147.000	0.000
805	1148.000	0.000
805	1149.000	0.000
805	1150.000	0.000
805	1151.000	0.000
805	1152.000	0.000
805	1153.000	0.000
805	1154.000	0.000
805	1155.000	0.000
805	1156.000	0.000
805	1157.000	0.000
805	1158.000	0.000
805	1159.000	0.000
805	1160.000	0.000
805	1161.000	0.000
805	1162.000	0.000
805	1163.000	0.000
805	1164.000	0.000
805	1165.000	0.000
805	1166.000	0.000
805	1167.000	0.000
805	1168.000	0.000
805	1169.000	0.000
805	1170.000	0.000
805	1171.000	0.000
805	1172.000	0.000
805	1173.000	0.000
805	1174.000	0.000
805	1175.000	0.000
805	1176.000	0.000
805	1177.000	0.000
805	1178.000	0.000
805	1179.000	0.000
805	1180.000	0.000
805	1181.000	0.000
805	1182.000	0.000
805	1183.000	0.000
805	1184.000	0.000
805	1185.000	0.000
805	1186.000	0.000
805	1187.000	0.000
805	1188.000	0.000
805	1189.000	0.000
805	1190.000	0.000
805	1191.000	0.000
805	1192.000	0.000
805	1193.000	0.000
805	1194.000	0.000
805	1195.000	0.000
805	1196.000	0.000
805	1197.000	0.000
805	1198.000	0.000
805	1199.000	0.000
805	1200.000	0.000
805	1201.000	0.000
805	1202.000	0.000
805	1203.000	0.000
805	1204.000	0.000
805	1205.000	0.000
805	1206.000	0.000
805	1207.000	0.000
805	1208.000	0.000
805	1209.000	0.000
805	1210.000	0.000
805	1211.000	0.000
805	1212.000	0.000
805	1213.000	0.000
805	1214.000	0.000
805	1215.000	0.000
805	1216.000	0.000
805	1217.000	0.000
805	1218.000	0.000
805	1219.000	0.000
805	1220.000	0.000
805	1221.000	0.000
805	1222.000	0.000
805	1223.000	0.000
805	1224.000	0.000
805	1225.000	0.000
805	1226.000	0.000
805	1227.000	0.000
805	1228.000	0.000
805	1229.000	0.000
805	1230.000	0.000
805	1231.000	0.000
805	1232.000	0.000
805	1233.000	0.000
805	1234.000	0.000
805	1235.000	0.000
805	1236.000	0.000
805	1237.000	0.000
805	1238.000	0.000
805	1239.000	0.000
805	1240.000	0.000
805	1241.000	0.000
805	1242.000	0.000
805	1243.000	0.000
805	1244.000	0.000
805	1245.000	0.000
805	1246.000	0.000
805	1247.000	0.000
805	1248.000	0.000
805	1249.000	0.000
805	1250.000	0.000
805	1251.000	0.000
805	1252.000	0.000
805	1253.000	0.000
805	1254.000	0.000
805	1255.000	0.000
805	1256.000	0.000
805	1257.000	0.000
805	1258.000	0.000
805	1259.000	0.000
805	1260.000	0.000
805	1261.000	0.000
805	1262.000	0.000
805	1263.000	0.000
805	1264.000	0.000
805	1265.000	0.000
805	1266.000	0.000
805	1267.000	0.000
805	1268.000	0.000
805	1269.000	0.000
805	1270.000	0.000
805	1271.000	0.000
805	1272.000	0.000
805	1273.000	0.000
805	1274.000	0.000
805	1275.000	0.000
805	1276.000	0.000
805	1277.000	0.000
805	1278.000	0.000
805	1279.000	0.000
805	1280.000	0.000
805	1281.000	0.000
805	1282.000	0.000
805	1283.000	0.000
805	1284.000	0.000
805	1285.000	0.000
805	1286.000	0.000
805	1287.000	0.000
805	1288.000	0.000
805	1289.000	0.000
805	1290.000	0.000
805	1291.000	0.000
805	1292.000	0.000
805	1293.000	0.000
805	1294.000	0.000
805	1295.000	0.000
805	1296.000	0.000
805	1297.000	0.000
805	1298.000	0.000
805	1299.000	0.000
805	1300.000	0.000
805	1301.000	0.000
805	1302.000	0.000
805	1303.000	0.000
805	1304.000	0.000
805	1305.000	0.000
805	1306.000	0.000
805	1307.000	0.000
805	1308.000	0.000
805	1309.000	0.000
805	1310.000	0.000
805	1311.000	0.000
805	1312.000	0.000
805	1313.000	0.000
805	1314.000	0.000
805	1315.000	0.000
805	1316.000	0.000
805	1317.000	0.000
805	1318.000	0.000
805	1319.000	0.000
805	1320.000	0.000
805	1321.000	0.000
805	1322.000	0.000
805	1323.000	0.000
805	1324.000	0.000
805	1325.000	0.000
805	1326.000	0.000
805	1327.000	0.000
805	1328.000	0.000
805	1329.000	0.000
805	1330.000	0.000
805	1331.000	0.000
805	1332.000	0.000
805	1333.000	0.000
805	1334.000	0.000
805	1335.000	0.000
805	1336.000	0.000
805	1337.000	0.000
805	1338.000	0.000
805	1339.000	0.000
805	1340.000	0.000
805	1341.000	0.000
805	1342.000	0.000
805	1343.000	0.000
805	1344.000	0.000
805	1345.000	0.000
805	1346.000	0.000
805	1347.000	0.000
805	1348.000	0.000
805	1349.000	0.000
805	1350.000	0.000
805	1351.000	0.000
805	1352.000	0.000
805	1353.000	0.000
805	1354.000	0.000
805	1355.000	0.000
805	1356.000	0.000
805	1357.000	0.000
805	1358.000	0.000
805	1359.000	0.000
805	1360.000	0.000
805	1361.000	0.000
805	1362.000	0.000
805	1363.000	0.000
805	1364.000	0.000
805	1365.000	0.000
805	1366.000	0.000
805	1367.000	0.000
805	1368.000	0.000
805	1369.000	0.000
805	1370.000	0.000
805	1371.000	0.000
805	1372.000	0.000
805	1373.000	0.000
805	1374.000	0.000
805	1375.000	0.000
805	1376.000	0.000
805	1377.000	0.000
805	1378.000	0.000
805	1379.000	0.000
805	1380.000	0.000
805	1381.000	0.000
805	1382.000	0.000
805	1383.000	0.000
805	1384.000	0.000
805	1385.000	0.000
805	1386.000	0.000
805	1387.000	0.000
805	1388.000	0.000
805	1389.000	0.000
805	1390.000	0.000
805	1391.000	0.000
805	1392.000	0.000
805	1393.000	0.000
805	1394.000	0.000
805	1395.000	0.000
805	1396.000	0.000
805	1397.000	0.000
805	1398.000	0.000
805	1399.000	0.000
805	1400.000	0.000
805	1401.000	0.000
805	1402.000	0.000
805	1403.000	0.000
805	1404.000	0.000
805	1405.000	0.000
805	1406.000	0.000
805	1407.000	0.000
805	1408.000	0.000
805	1409.000	0.000
805	1410.000	0.000
805	1411.000	0.000
805	1412.000	0.000
805	1413.000	0.000
805	1414.000	0.000
805	1415.000	0.000
805	1416.000	0.000
805	1417.000	0.000
805	1418.000	0.000
805	1419.000	0.000
805	1420.000	0.000
805	1421.000	0.000
805	1422.000	0.000
805	1423.000	0.000
805	1424.000	0.000
805	1425.000	0.000
805	1426.000	0.000
805	1427.000	0.000
805	1428.000	0.000
805	1429.000	0.000
805	1430.000	0.000
805	1431.000	0.000
805	1432.000	0.000
805	1433.000	0.000
805	1434.000	0.000
805	1435.000	0.000
805	1436.000	0.000
805	1437.000	0.000
805	1438.000	0.000
805	1439.000	0.000
805	1440.000	0.000
805	1441.000	0.000
805	1442.000	0.000
805	1443.000	0.000
805	1444.000	0.000
805	1445.000	0.000
805	1446.000	0.000
805	1447.000	0.000
805	1448.000	0.000
805	1449.000	0.000
805	1450.000	0.000
805	1451.000	0.000
805	1452.000	0.000
805	1453.000	0.000
805	1454.000	0.000
805	1455.000	0.000
805	1456.000	0.000
805	1457.000	0.000
805	1458.000	0.000
805	1459.000	0.000
805	1460.000	0.000
805	1461.000	0.000
805	1462.000	0.000
805	1463.000	0.000
805	1464.000	0.000
805	1465.000	0.000
805	1466.000	0.000
805	1467.000	0.000
805	1468.000	0.000
805	1469.000	0.000
805	1470.000	0.000
805	1471.000	0.000
805	1472.000	0.000
805	1473.000	0.000
805	1474.000	0.000
805	1475.000	0.000
805	1476.000	0.000
805	1477.000	0.000
805	1478.000	0.000
805	1479.000	0.000
805	1480.000	0.000
805	1481.000	0.000
805	1482.000	0.000
805	1483.000	0.000
805	1484.000	0.000
805	1485.000	0.000
805	1486.000	0.000
805	1487.000	0.000
805	1488.000	0.000
805	1489.000	0.000
805	1490.000	0.000
805	1491.000	0.000
805	1492.000	0.000
805	1493.000	0.000
805	1494.000	0.000
805	1495.000	0.000
805	1496.000	0.000
805	1497.000	0.000
805	1498.000	0.000
805	1499.000	0.000
805	1500.000	0.000
805	1501.000	0.000
805	1502.000	0.000
805	1503.000	0.000
805	1504.000	0.000
805	1505.000	0.000
805	1506.000	0.000
805	1507.000	0.000
805	1508.000	0.000
805	1509.000	0.000
805	1510.000	0.000
805	1511.000	0.000
805	1512.000	0.000
805	1513.000	0.000
805	1514.000	0.000
805	1515.000	0.000
805	1516.000	0.000
805	1517.000	0.000
805	1518.000	0.000
805	1519.000	0.000
805	1520.000	0.000
805	1521.000	0.000
805	1522.000	0.000
805	1523.000	0.000
805	1524.000	0.000
805	1525.000	0.000
805	1526.000	0.000
805	1527.000	0.000
805	1528.000	0.000
805	1529.000	0.000
805	1530.000	0.000
805	1531.000	0.000
805	1532.000	0.000
805	1533.000	0.000
805	1534.000	0.000
805	1535.000	0.000
805	1536.000	0.000
805	1537.000	0.000
805	1538.000	0.000
805	1539.000	0.000
805	1540.000	0.000
805	1541.000	0.000
805	1542.000	0.000
805	1543.000	0.000
805	1544.000	0.000
805	1545.000	0.000
805	1546.000	0.000
805	1547.000	0.000
805	1548.000	0.000
805	1549.000	0.000
805	1550.000	0.000
805	1551.000	0.000
805	1552.000	0.000
805	1553.000	0.000
805	1554.000	0.000
805	1555.000	0.000
805	1556.000	0.000
805	1557.000	0.000
805	1558.000	0.000
805	1559.000	0.000
805	1560.000	0.000
805	1561.000	0.000
805	1562.000	0.000
805	1563.000	0.000
805	1564.000	0.000
805	1565.000	0.000
805	1566.000	0.000
805	1567.000	0.000
805	1568.000	0.000
805	1569.000	0.000
805	1570.000	0.000
805	1571.000	0.000
805	1572.000	0.000
805	1573.000	0.000
805	1574.000	0.000
805	1575.000	0.000
805	1576.000	0.000
805	1577.000	0.000
805	1578.000	0.000
805	1579.000	0.000
805	1580.000	0.000
805	1581.000	0.000
805	1582.000	0.000
805	1583.000	0.000
805	1584.000	0.000
805	1585.000	0.000
805	1586.000	0.000
805	1587.000	0.000
805	1588.000	0.000
805	1589.000	0.000
805	1590.000	0.000
805	1591.000	0.000
805	1592.000	0.000
805	1593.000	0.000
805	1594.000	0.000
805	1595.000	0.000
805	1596.000	0.000
805	1597.000	0.000
805	1598.000	0.000
805	1599.000	0.000
805	1600.000	0.000
805	1601.000	0.000
805	1602.000	0.000
805	1603.000	0.000
805	1604.000	0.000
805	1605.000	0.000
805	1606.000	0.000
805	1607.000	0.000
805	1608.000	0.000
805	1609.000	0.000
805	1610.000	0.000
805	1611.000	0.000
805	1612.000	0.000
805	1613.000	0.000
805	1614.000	0.000
805	1615.000	0.000
805	1616.000	0.000
805	1617.000	0.000
805	1618.000	0.000
805	1619.000	0.000
805	1620.000	0.000
805	1621.000	0.000
805	1622.000	0.000
805	1623.000	0.000
805	1624.000	0.000
805	1625.000	0.000
805	1626.000	0.000
805	1627.000	0.000
805	1628.000	0.000
805	1629.000	0.000
805	1630.000	0.000
805	1631.000	0.000
805	1632.000	0.000
805	1633.000	0.000
805	1634.000	0.000
805	1635.000	0.000
805	1636.000	0.000
805	1637.000	0.000
805	1638.000	0.000
805	1639.000	0.000
805	1640.000	0.000
805	1641.000	0.000
805	1642.000	0.000
805	1643.000	0.000
805	1644.000	0.000
805	1645.000	0.000
805	1646.000	0.000
805	1647.000	0.000
805	1648.000	0.000
805	1649.000	0.000
805	1650.000	0.000
805	1651.000	0.000
805	1652.000	0.000
805	1653.000	0.000
805	1654.000	0.000
805	1655.000	0.000
805	1656.000	0.000
805	1657.000	0.000
805	1658.000	0.000
805	1659.000	0.000
805	1660.000	0.000
805	1661.000	0.000
805	1662.000	0.000
805	1663.000	0.000
805	1664.000	0.000
805	1665.000	0.000
805	1666.000	0.000
805	1667.000	0.000
805	1668.000	0.000
805	1669.000	0.000
805	1670.000	0.000
805	1671.000	0.000
805	1672.000	0.000
805	1673.000	0.000
805	1674.000	0.000
805	1675.000	0.000
805	1676.000	0.000
805	1677.000	0.000
805	1678.000	0.000
805	1679.000	0.000
805	1680.000	0.000
805	1681.000	0.000
805	1682.000	0.000
805	1683.000	0.000
805	1684.000	0.000
805	1685.000	0.000
805	1686.000	0.000
805	1687.000	0.000
805	1688.000	0.000
805	1689.000	0.000
805	1690.000	0.000
805	1691.000	0.000
805	1692.000	0.000
805	1693.000	0.000
805	1694.000	0.000
805	1695.000	0.000
805	1696.000	0.000
805	1697.000	0.000
805	1698.000	0.000
805	1699.000	0.000
805	1700.000	0.000
805	1701.000	0.000
805	1702.000	0.000
805	1703.000	0.000
805	1704.000	0.000
805	1705.000	0.000
805	1706.000	0.000
805	1707.000	0.000
805	1708.000	0.000
805	1709.000	0.000
805	1710.000	0.000
805	1711.000	0.000
805	1712.000	0.000
805	1713.000	0.000
805	1714.000	0.000
805	1715.000	0.000
805	1716.000	0.000
805	1717.000	0.000
805	1718.000	0.000
805	1719.000	0.000
805	1720.000	0.000
805	1721.000	0.000
805	1722.000	0.000
805	1723.000	0.000
805	1724.000	0.000
805	1725.000	0.000
805	1726.000	0.000
805	1727.000	0.000
805	1728.000	0.000
805	1729.000	0.000
805	1730.000	0.000
805	1731.000	0.000
805	1732.000	0.000
805	1733.000	0.000
805	1734.000	0.000
805	1735.000	0.000
805	1736.000	0.000
805	1737.000	0.000
805	1738.000	0.000
805	1739.000	0.000
805	1740.000	0.000
805	1741.000	0.000
805	1742.000	0.000
805	1743.000	0.000
805	1744.000	0.000
805	1745.000	0.000
805	1746.000	0.000
805	1747.000	0.000
805	1748.000	0.000
805	1749.000	0.000
805	1750.000	0.000
805	1751.000	0.000
805	1752.000	0.000
805	1753.000	0.000
805	1754.000	0.000
805	1755.000	0.000
805	1756.000	0.000
805	1757.000	0.000
805	1758.000	0.000
805	1759.000	0.000
805	1760.000	0.000
805	1761.000	0.000
805	1762.000	0.000
805	1763.000	0.000
805	1764.000	0.000
805	1765.000	0.000
805	1766.000	0.000
805	1767.000	0.000
805	1768.000	0.000
805	1769.000	0.000
805	1770.000	0.000
805	1771.000	0.000
805	1772.000	0.000
805	1773.000	0.000
805	1774.000	0.000
805	1775.000	0.000
805	1776.000	0.000
805	1777.000	0.000
805	1778.000	0.000
805	1779.000	0.000
805	1780.000	0.000
805	1781.000	0.000
805	1782.000	0.000
805	1783.000	0.000
805	1784.000	0.000
805	1785.000	0.000
805	1786.000	0.000
805	1787.000	0.000
805	1788.000	0.000
805	1789.000	0.000
805	1790.000	0.000
805	1791.000	0.000
805	1792.000	0.000
805	1793.000	0.000
805	1794.000	0.000
805	1795.000	0.000
805	1796.000	0.000
805	1797.000	0.000
805	1798.000	0.000
805	1799.000	0.000
805	1800.000	0.000
805	1801.000	0.000
805	1802.000	0.000
805	1803.000	0.000
805	1804.000	0.000
805	1805.000	0.000
805	1806.000	0.000
805	1807.000	0.000
805	1808.000	0.000
805	1809.000	0.000
805	1810.000	0.000
805	1811.000	0.000
805	1812.000	0.000
805	1813.000	0.000
805	1814.000	0.000
805	1815.000	0.000
805	1816.000	0.000
805	1817.000	0.000
805	1818.000	0.000
805	1819.000	0.000
805	1820.000	0.000
805	1821.000	0.000
805	1822.000	0.000
805	1823.000	0.000
805	1824.000	0.000
805	1825.000	0.000
805	1826.000	0.000
805	1827.000	0.000
805	1828.000	0.000
805	1829.000	0.000
805	1830.000	0.000
805	1831.000	0.000
805	1832.000	0.000
805	1833.000	0.000
805	1834.000	0.000
805	1835.000	0.000
805	1836.000	0.000
805	1837.000	0.000
805	1838.000	0.000
805	1839.000	0.000
805	1840.000	0.000
805	1841.000	0.000
805	1842.000	0.000
805	1843.000	0.000
805	1844.000	0.000
805	1845.000	0.000
805	1846.000	0.000
805	1847.000	0.000
805	1848.000	0.000
805	1849.000	0.000
805	1850.000	0.000
805	1851.000	0.000
805	1852.000	0.000
805	1853.000	0.000
805	1854.000	0.000
805	1855.000	0.000
805	1856.000	0.000
805	1857.000	0.000
805	1858.000	0.000
805	1859.000	0.000
805	1860.000	0.000
805	1861.000	0.000
805	1862.000	0.000
805	1863.000	0.000
805	1864.000	0.000
805	1865.000	0.000
805	1866.000	0.000
805	1867.000	0.000
805	1868.000	0.000
805	1869.000	0.000
805	1870.000	0.000
805	1871.000	0.000
805	1872.000	0.000
805	1873.000	0.000
805	1874.000	0.000
805	1875.000	0.000
805	1876.000	0.000
805	1877.000	0.000
805	1878.000	0.000
805	1879.000	0.000
805	1880.000	0.000
805	1881.000	0.000
805	1882.000	0.000
805	1883.000	0.000
805	1884.000	0.000
805	1885.000	0.000
805	1886.000	0.000
805	1887.000	0.000
805	1888.000	0.000
805	1889.000	0.000
805	1890.000	0.000
805	1891.000	0.000
805	1892.000	0.000
805	1893.000	0.000
805	1894.000	0.000
805	1895.000	0.000
805	1896.000	0.000
805	1897.000	0.000
805	1898.000	0.000
805	1899.000	0.000
805	1900.000	0.000
805	1901.000	0.000
805	1902.000	0.000
805	1903.000	0.000
805	1904.000	0.000
805	1905.000	0.000
805	1906.000	0.000
805	1907.000	0.000
805	1908.000	0.000
805	1909.000	0.000
805	1910.000	0.000
805	1911.000	0.000
805	1912.000	0.000
805	1913.000	0.000
805	1914.000	0.000
805	1915.000	0.000
805	1916.000	0.000
805	1917.000	0.000
805	1918.000	0.000
805	1919.000	0.000
805	1920.000	0.000
805	1921.000	0.000
805	1922.000	0.000
805	1923.000	0.000
805	1924.000	0.000
805	1925.000	0.000
805	1926.000	0.000
805	1927.000	0.000
805	1928.000	0.000
805	1929.000	0.000
805	1930.000	0.000
805	1931.000	0.000
805	1932.000	0.000
805	1933.000	0.000
805	1934.000	0.000
805	1935.000	0.000
805	1936.000	0.000
805	1937.000	0.000
805	1938.000	0.000
805	1939.000	0.000
805	1940.000	0.000
805	1941.000	0.000
805	1942.000	0.000
805	1943.000	0.000
805	1944.000	0.000
805	1945.000	0.000
805	1946.000	0.000
805	1947.000	0.000
805	1948.000	0.000
805	1949.000	0.000
805	1950.000	0.000
805	1951.000	0.000
805	1952.000	0.000
805	1953.000	0.000
805	1954.000	0.000
805	1955.000	0.000
805	1956.000	0.000
805	1957.000	0.000
805	1958.000	0.000
805	1959.000	0.000
805	1960.000	0.000
805	1961.000	0.000
805	1962.000	0.000
805	1963.000	0.000
805	1964.000	0.000
805	1965.000	0.000
805	1966.000	0.000
805	1967.000	0.000
805	1968.000	0.000
805	1969.000	0.000
805	1970.000	0.000
805	1971.000	0.000
805	1972.000	0.000
805	1973.000	0.000
805	1974.000	0.000
805	1975.000	0.000
805	1976.000	0.000
805	1977.000	0.000
805	1978.000	0.000
805	1979.000	0.000
805	1980.000	0.000
805	1981.000	0.000
805	1982.000	0.000
805	1983.000	0.000
805	1984.000	0.000
805	1985.000	0.000
805	1986.000	0.000
805	1987.000	0.000
805	1988.000	0.000
805	1989.000	0.000
805	1990.000	0.000
805	1991.000	0.000
805	1992.000	0.000
805	1993.000	0.000
805	1994.000	0.000
805	1995.000	0.000
805	1996.000	0.000
805	1997.000	0.000
805	1998.000	0.000
805	1999.000	0.000
805	2000.000	0.000
