# NEST version: UNKNOWN
# RecordingBackendASCII version: 2
sender	time_ms
1661	1.900
1181	3.000
1431	481.500
1551	761.000
1791	765.100
1711	766.500
1251	771.400
1421	775.800
1101	777.800
1391	789.400
1601	789.400
1131	1222.000
1731	1228.000
1691	1296.200
1771	1302.600
1421	1302.700
1201	1307.200
1791	1307.200
1001	1307.600
1051	1307.900
1361	1308.000
1161	1308.600
1451	1309.000
1681	1309.300
1441	1309.500
1211	1309.600
1301	1309.600
1231	1310.800
1601	1311.800
1311	1313.000
1171	1313.600
1611	1313.800
1191	1313.900
1081	1314.300
1381	1314.800
1501	1314.800
1671	1315.200
1561	1315.600
1281	1315.700
1331	1315.900
1111	1317.200
1431	1317.300
1291	1317.600
1241	1317.900
1011	1318.000
1651	1318.300
1781	1319.200
1261	1319.400
1141	1319.600
1661	1320.200
1761	1320.500
1641	1320.900
1091	1321.100
1461	1321.800
1631	1321.800
1041	1321.900
1181	1322.100
1341	1322.100
1691	1322.200
1521	1322.300
1031	1322.400
1071	1322.600
1731	1322.700
1711	1322.800
1391	1323.900
1221	1324.200
1571	1324.300
1321	1324.800
1351	1325.400
1551	1325.500
1251	1326.000
1741	1326.100
1161	1327.100
1681	1327.100
1541	1328.200
1021	1328.300
1531	1330.400
1481	1330.700
1331	1330.800
1621	1331.200
1701	1331.300
1411	1331.400
1771	1331.500
1271	1331.600
1441	1332.400
1371	1333.100
1791	1333.400
1651	1334.200
1451	1334.400
1491	1334.800
1361	1335.100
1131	1337.200
1311	1337.500
1471	1338.400
1501	1338.600
1101	1339.400
1231	1341.400
1611	1342.700
1761	1343.400
1241	1343.600
1421	1345.700
1191	1347.000
1171	1347.300
1211	1347.800
1751	1348.000
1581	1348.100
1571	1348.600
1041	1350.300
1161	1353.800
1401	1357.000
1221	1358.600
1181	1359.300
1151	1359.400
1291	1360.300
1541	1363.000
1361	1363.500
1431	1364.800
1251	1365.700
1461	1365.800
1781	1367.700
1061	1369.300
1101	1369.600
1441	1370.400
1281	1371.500
1111	1373.400
1481	1373.700
1601	1375.700
1261	1379.300
1351	1379.500
1761	1380.400
1071	1381.700
1521	1381.900
1751	1383.900
1661	1384.000
1091	1384.100
1041	1386.500
1321	1387.000
1471	1393.100
1021	1393.300
1771	1393.500
1741	1394.100
1221	1394.400
1331	1395.500
1141	1396.300
1001	1396.700
1631	1397.700
1341	1398.200
1651	1398.900
1081	1400.100
1391	1402.100
1241	1405.000
1441	1405.600
1711	1406.400
1311	1406.500
1581	1407.200
1201	1407.400
1431	1409.700
1171	1409.800
1491	1410.000
1641	1413.000
1671	1416.100
1351	1416.300
1111	1419.200
1521	1420.800
1281	1421.900
1031	1422.100
1791	1422.300
1191	1422.700
1481	1423.500
1771	1423.600
1371	1424.300
1611	1429.400
1391	1431.100
1621	1434.100
1551	1436.600
1461	1437.700
1301	1445.500
1311	1447.800
1571	1463.400
1111	1532.600
1431	1644.200
1511	1650.400
1001	1651.900
1721	1652.900
1051	1653.400
1031	1653.500
1291	1654.400
1141	1655.600
1251	1656.400
1151	1657.100
1711	1657.100
1761	1657.300
1671	1658.100
1111	1659.000
1731	1660.400
1171	1660.600
1321	1660.800
1601	1660.800
1261	1661.100
1081	1662.400
1781	1662.600
1181	1663.000
1191	1663.200
1521	1663.400
1561	1663.800
1301	1664.500
1131	1664.700
1311	1664.800
1701	1665.000
1241	1665.100
1331	1665.100
1441	1665.800
1611	1665.800
1651	1665.800
1361	1666.000
1271	1666.100
1091	1666.200
1411	1666.500
1161	1667.100
1071	1667.600
1281	1667.800
1461	1668.200
1491	1668.400
1471	1668.500
1631	1668.900
1751	1669.200
1541	1669.300
1201	1669.800
1501	1670.300
1641	1670.700
1041	1670.900
1551	1671.000
1061	1671.300
1381	1671.600
1531	1671.800
1571	1672.700
1581	1673.400
1791	1673.700
1231	1673.900
1691	1674.100
1721	1674.100
1021	1674.200
1101	1674.500
1351	1675.500
1661	1675.700
1511	1675.900
1711	1676.000
1151	1676.700
1401	1676.900
1681	1677.100
1171	1677.200
1421	1677.300
1001	1677.600
1371	1677.600
1731	1678.200
1781	1678.400
1321	1678.500
1451	1678.600
1141	1679.000
1291	1679.000
1121	1679.200
1601	1679.200
1181	1679.300
1341	1679.300
1191	1679.400
1111	1679.500
1761	1679.900
1771	1680.100
1481	1680.400
1261	1680.500
1391	1680.500
1521	1680.500
1211	1680.700
1301	1681.000
1361	1681.000
1621	1681.000
1011	1681.200
1431	1681.400
1031	1681.600
1751	1682.300
1271	1682.400
1591	1682.700
1131	1682.900
1701	1682.900
1241	1683.000
1651	1683.000
1081	1683.100
1331	1683.200
1671	1683.200
1071	1683.500
1161	1683.500
1251	1683.600
1221	1684.100
1201	1684.300
1311	1684.400
1281	1684.500
1611	1684.500
1461	1684.600
1061	1684.700
1041	1684.800
1091	1684.900
1491	1684.900
1631	1685.400
1411	1685.900
1501	1686.000
1381	1686.400
1551	1686.500
1581	1686.500
1571	1686.800
1741	1686.800
1471	1686.900
1641	1686.900
1721	1687.100
1691	1687.200
1231	1687.400
1561	1687.400
1791	1687.400
1531	1687.500
1171	1688.000
1661	1688.000
1151	1688.200
1321	1688.300
1541	1688.300
1421	1688.700
1181	1689.100
1291	1689.100
1051	1689.300
1441	1689.300
1021	1689.400
1401	1689.700
1711	1689.700
1781	1689.700
1101	1689.900
1451	1689.900
1731	1690.000
1601	1690.200
1351	1690.400
1001	1690.500
1341	1690.500
1371	1690.500
1761	1690.700
1511	1690.900
1521	1691.500
1361	1691.700
1681	1691.700
1031	1691.800
1141	1691.800
1211	1691.800
1191	1691.900
1391	1692.000
1241	1692.100
1431	1692.400
1011	1692.500
1121	1692.500
1301	1692.500
1481	1692.600
1771	1692.700
1261	1693.000
1081	1693.300
1751	1693.300
1271	1693.400
1111	1693.700
1621	1693.900
1131	1694.000
1161	1694.000
1461	1694.000
1671	1694.000
1331	1694.100
1591	1694.100
1701	1694.100
1631	1694.300
1491	1694.500
1071	1694.600
1061	1694.700
1311	1694.900
1251	1695.000
1281	1695.000
1611	1695.000
1091	1695.100
1651	1695.200
1041	1695.300
1411	1695.600
1221	1695.900
1741	1696.100
1231	1696.200
1571	1696.200
1691	1696.200
1201	1696.300
1471	1696.400
1581	1696.400
1381	1696.800
1561	1696.800
1721	1696.800
1641	1697.100
1151	1697.400
1171	1697.400
1291	1697.400
1321	1697.400
1501	1697.400
1541	1697.400
1791	1697.400
1531	1697.500
1551	1697.500
1661	1697.700
1441	1697.900
1421	1698.200
1181	1698.400
1781	1698.500
1021	1698.600
1711	1698.600
1051	1698.800
1731	1698.800
1451	1698.900
1401	1699.000
1341	1699.100
1601	1699.400
1101	1699.700
1351	1699.800
1191	1700.200
1211	1700.300
1761	1700.400
1001	1700.500
1511	1700.500
1141	1700.700
1681	1700.800
1771	1700.800
1371	1700.900
1011	1701.000
1241	1701.000
1361	1701.300
1121	1701.500
1301	1701.500
1431	1701.500
1081	1701.900
1161	1701.900
1481	1701.900
1521	1701.900
1331	1702.200
1671	1702.200
1031	1702.300
1391	1702.300
1631	1702.400
1491	1702.500
1261	1702.600
1271	1702.600
1461	1702.600
1061	1702.700
1111	1702.800
1131	1702.800
1611	1703.200
1091	1703.300
1311	1703.300
1281	1703.500
1251	1703.600
1621	1703.600
1411	1703.700
1651	1703.700
1041	1703.800
1071	1703.800
1221	1703.800
1751	1703.800
1701	1703.900
1591	1704.000
1571	1704.200
1471	1704.300
1741	1704.500
1581	1704.600
1691	1704.600
1201	1704.700
1151	1705.100
1641	1705.100
1231	1705.300
1321	1705.300
1291	1705.400
1381	1705.400
1561	1705.400
1171	1705.500
1541	1705.500
1791	1705.500
1661	1705.700
1441	1705.800
1531	1705.800
1501	1706.100
1551	1706.100
1721	1706.300
1711	1706.400
1181	1706.500
1781	1706.500
1731	1706.700
1421	1706.900
1601	1707.000
1021	1707.200
1451	1707.200
1341	1707.400
1051	1707.600
1401	1707.700
1101	1707.800
1351	1707.800
1191	1708.200
1761	1708.200
1771	1708.300
1511	1708.600
1141	1708.800
1371	1708.800
1001	1709.000
1011	1709.000
1211	1709.000
1241	1709.100
1681	1709.300
1121	1709.400
1481	1709.400
1161	1709.500
1301	1709.700
1671	1709.700
1031	1709.800
1081	1709.800
1331	1709.800
1271	1709.900
1361	1709.900
1631	1709.900
1491	1710.000
1431	1710.100
1521	1710.100
1461	1710.200
1111	1710.500
1611	1710.700
1061	1710.900
1091	1710.900
1391	1711.000
1261	1711.100
1131	1711.200
1281	1711.200
1311	1711.200
1651	1711.200
1221	1711.300
1251	1711.300
1621	1711.300
1751	1711.300
1041	1711.400
1071	1711.400
1411	1711.400
1571	1711.400
1471	1711.800
1591	1711.800
1701	1711.900
1741	1712.000
1581	1712.200
1691	1712.200
1201	1712.500
1321	1712.600
1641	1712.600
1151	1712.700
1291	1712.700
1441	1712.800
1231	1712.900
1541	1712.900
1561	1712.900
1171	1713.100
1381	1713.100
1531	1713.200
1791	1713.200
1501	1713.400
1661	1713.400
1711	1713.800
1721	1713.900
1781	1713.900
1551	1714.000
1181	1714.200
1731	1714.400
1341	1714.500
1601	1714.500
1451	1714.600
1421	1714.700
1351	1715.000
1021	1715.100
1761	1715.200
1101	1715.400
1401	1715.400
1191	1715.500
1771	1715.500
1051	1715.800
1511	1715.900
1011	1716.500
1371	1716.500
1001	1716.600
1141	1716.600
1211	1716.600
1481	1716.700
1681	1716.700
1121	1716.900
1301	1716.900
1031	1717.000
1161	1717.000
1271	1717.000
1361	1717.000
1671	1717.000
1241	1717.100
1081	1717.300
1331	1717.300
1491	1717.300
1461	1717.500
1521	1717.500
1631	1717.500
1111	1717.800
1431	1717.900
1061	1718.000
1281	1718.200
1571	1718.200
1651	1718.200
1091	1718.300
1261	1718.300
1611	1718.300
1221	1718.400
1071	1718.500
1131	1718.500
1391	1718.500
1621	1718.600
1751	1718.600
1041	1718.800
1251	1718.800
1411	1718.800
1591	1718.900
1311	1719.000
1741	1719.000
1581	1719.100
1701	1719.100
1471	1719.300
1691	1719.400
1201	1719.900
1231	1719.900
1441	1719.900
1291	1720.000
1321	1720.000
1151	1720.100
1541	1720.100
1641	1720.100
1381	1720.300
1531	1720.300
1561	1720.300
1791	1720.300
1171	1720.600
1661	1720.900
1721	1721.000
1781	1721.000
1501	1721.100
1551	1721.100
1341	1721.200
1181	1721.300
1711	1721.400
1451	1721.500
1421	1721.700
1731	1721.800
1601	1722.000
1021	1722.200
1351	1722.200
1761	1722.300
1191	1722.400
1771	1722.400
1401	1722.600
1101	1722.700
1511	1723.000
1051	1723.300
1141	1723.300
1371	1723.400
1001	1723.600
1211	1723.600
1161	1723.800
1481	1723.800
1681	1723.800
1011	1723.900
1121	1723.900
1301	1723.900
1031	1724.000
1361	1724.000
1671	1724.000
1271	1724.300
1521	1724.300
1241	1724.400
1331	1724.400
1461	1724.500
1111	1724.600
1491	1724.700
1571	1724.800
1061	1724.900
1081	1724.900
1631	1724.900
1281	1725.000
1431	1725.000
1651	1725.000
1261	1725.300
1751	1725.300
1071	1725.400
1091	1725.400
1131	1725.500
1221	1725.600
1621	1725.600
1391	1725.700
1041	1725.900
1611	1725.900
1251	1726.000
1311	1726.000
1591	1726.000
1741	1726.000
1581	1726.200
1701	1726.200
1411	1726.300
1691	1726.400
1471	1726.500
1231	1726.800
1201	1727.000
1321	1727.000
1441	1727.000
1151	1727.100
1531	1727.100
1561	1727.200
1381	1727.300
1641	1727.300
1791	1727.300
1291	1727.400
1541	1727.400
1171	1727.800
1661	1727.800
1721	1728.100
1781	1728.100
1341	1728.200
1501	1728.200
1451	1728.300
1551	1728.300
1421	1728.600
1711	1728.700
1181	1728.800
1731	1728.800
1761	1729.000
1601	1729.100
1021	1729.200
1191	1729.200
1771	1729.200
1401	1729.500
1351	1729.600
1101	1729.800
1511	1730.000
1141	1730.200
1371	1730.200
1051	1730.300
1211	1730.500
1681	1730.600
1001	1730.700
1361	1730.800
1011	1730.900
1031	1730.900
1121	1730.900
1161	1730.900
1301	1730.900
1521	1730.900
1271	1731.000
1481	1731.000
1241	1731.100
1331	1731.100
1671	1731.200
1111	1731.400
1461	1731.400
1571	1731.400
1061	1731.600
1081	1731.700
1491	1731.700
1281	1731.900
1431	1731.900
1751	1731.900
1071	1732.000
1631	1732.000
1651	1732.000
1261	1732.200
1131	1732.500
1221	1732.500
1041	1732.700
1391	1732.800
1611	1732.800
1621	1732.800
1581	1732.900
1591	1732.900
1741	1732.900
1311	1733.000
1091	1733.100
1251	1733.100
1701	1733.200
1411	1733.300
1691	1733.300
1231	1733.600
1471	1733.600
1321	1733.900
1381	1733.900
1441	1733.900
1531	1733.900
1151	1734.000
1201	1734.000
1561	1734.000
1791	1734.000
1291	1734.200
1541	1734.300
1641	1734.400
1661	1734.500
1341	1734.800
1721	1734.800
1171	1734.900
1501	1735.000
1421	1735.300
1781	1735.400
1451	1735.500
1551	1735.500
1711	1735.600
1181	1735.700
1731	1735.700
1761	1735.800
1771	1735.800
1021	1735.900
1191	1736.100
1601	1736.100
1401	1736.200
1351	1736.600
1101	1736.700
1511	1736.800
1051	1736.900
1141	1736.900
1371	1737.000
1211	1737.400
1361	1737.400
1521	1737.500
1681	1737.500
1031	1737.600
1241	1737.600
1001	1737.700
1011	1737.700
1301	1737.700
1271	1737.800
1331	1737.900
1481	1737.900
1121	1738.000
1111	1738.100
1161	1738.100
1061	1738.200
1671	1738.200
1461	1738.400
1491	1738.500
1571	1738.500
1071	1738.600
1631	1738.700
1751	1738.700
1281	1738.800
1431	1738.800
1081	1738.900
1651	1739.000
1131	1739.100
1261	1739.100
1221	1739.500
1041	1739.600
1581	1739.600
1391	1739.700
1591	1739.700
1611	1739.700
1311	1739.800
1621	1739.800
1741	1739.800
1691	1740.000
1251	1740.200
1411	1740.200
1701	1740.200
1091	1740.300
1231	1740.300
1441	1740.500
1791	1740.500
1381	1740.600
1531	1740.600
1151	1740.700
1321	1740.700
1471	1740.700
1561	1740.700
1201	1740.900
1291	1741.000
1661	1741.000
1541	1741.100
1641	1741.300
1171	1741.500
1721	1741.500
1341	1741.600
1501	1741.600
1421	1742.000
1731	1742.200
1771	1742.200
1781	1742.200
1451	1742.400
1551	1742.400
1711	1742.400
1181	1742.600
1761	1742.600
1021	1742.800
1191	1742.800
1601	1742.800
1401	1742.900
1101	1743.400
1351	1743.400
1051	1743.600
1141	1743.600
1361	1743.800
1371	1743.800
1511	1743.800
1521	1744.100
1011	1744.200
1241	1744.200
1681	1744.300
1031	1744.400
1211	1744.400
1271	1744.500
1301	1744.500
1121	1744.600
1331	1744.600
1481	1744.600
1061	1744.900
1111	1744.900
1161	1744.900
1001	1745.100
1491	1745.100
1671	1745.100
1461	1745.200
1071	1745.300
1431	1745.300
1571	1745.300
1281	1745.400
1631	1745.400
1751	1745.400
1261	1745.600
1081	1745.800
1131	1745.900
1651	1746.000
1221	1746.200
1041	1746.300
1581	1746.300
1611	1746.300
1311	1746.500
1391	1746.500
1591	1746.500
1621	1746.500
1741	1746.700
1691	1746.800
1701	1747.000
1441	1747.100
1531	1747.100
1791	1747.100
1091	1747.200
1231	1747.200
1251	1747.200
1321	1747.200
1381	1747.200
1411	1747.200
1561	1747.200
1151	1747.300
1471	1747.300
1201	1747.600
1661	1747.600
1541	1747.700
1291	1747.800
1721	1748.100
1171	1748.200
1341	1748.200
1501	1748.200
1641	1748.200
1421	1748.600
1731	1748.800
1711	1748.900
1771	1748.900
1781	1748.900
1451	1749.000
1181	1749.200
1551	1749.300
1601	1749.300
1761	1749.400
1021	1749.600
1191	1749.600
1401	1749.600
1101	1749.900
1361	1750.200
1051	1750.300
1141	1750.300
1351	1750.300
1241	1750.600
1521	1750.600
1371	1750.700
1011	1750.800
1511	1750.800
1271	1751.100
1031	1751.200
1121	1751.200
1301	1751.200
1331	1751.200
1681	1751.200
1481	1751.300
1211	1751.400
1061	1751.500
1111	1751.600
1161	1751.600
1491	1751.700
1431	1751.800
1671	1751.800
1461	1751.900
1001	1752.000
1071	1752.000
1571	1752.000
1261	1752.100
1281	1752.100
1631	1752.200
1081	1752.400
1751	1752.400
1131	1752.700
1611	1752.900
1651	1752.900
1221	1753.000
1581	1753.000
1041	1753.100
1311	1753.200
1621	1753.200
1391	1753.300
1591	1753.500
1441	1753.600
1561	1753.600
1691	1753.600
1741	1753.600
1321	1753.700
1471	1753.700
1531	1753.700
1701	1753.700
1091	1753.900
1151	1753.900
1381	1753.900
1791	1753.900
1231	1754.000
1411	1754.000
1251	1754.100
1541	1754.100
1201	1754.200
1661	1754.200
1291	1754.400
1721	1754.700
1501	1754.800
1171	1754.900
1341	1755.000
1641	1755.100
1421	1755.300
1731	1755.300
1711	1755.400
1451	1755.500
1781	1755.500
1771	1755.600
1181	1755.700
1551	1756.100
1601	1756.100
1761	1756.100
1191	1756.200
1021	1756.400
1401	1756.400
1101	1756.700
1361	1756.700
1051	1756.900
1141	1756.900
1351	1757.000
1241	1757.100
1011	1757.300
1511	1757.300
1371	1757.400
1521	1757.600
1271	1757.700
1331	1757.700
1121	1757.800
1301	1758.000
1481	1758.000
1031	1758.100
1161	1758.100
1061	1758.200
1211	1758.200
1681	1758.200
1111	1758.300
1431	1758.300
1491	1758.400
1461	1758.500
1671	1758.500
1001	1758.600
1261	1758.600
1071	1758.700
1281	1758.700
1571	1758.800
1081	1758.900
1631	1759.000
1751	1759.100
1131	1759.300
1651	1759.500
1041	1759.600
1221	1759.600
1611	1759.600
1621	1759.700
1311	1759.800
1581	1759.800
1391	1760.000
1561	1760.200
1701	1760.200
1321	1760.300
1441	1760.300
1471	1760.300
1531	1760.300
1591	1760.300
1741	1760.300
1151	1760.500
1381	1760.500
1091	1760.600
1231	1760.600
1411	1760.600
1541	1760.600
1691	1760.600
1791	1760.600
1201	1760.700
1251	1760.700
1661	1760.800
1291	1761.100
1501	1761.200
1171	1761.300
1721	1761.300
1341	1761.600
1641	1761.800
1731	1761.800
1711	1761.900
1421	1762.000
1451	1762.000
1781	1762.000
1181	1762.300
1771	1762.300
1761	1762.600
1551	1762.700
1191	1762.800
1401	1763.000
1601	1763.000
1021	1763.100
1101	1763.400
1361	1763.400
1141	1763.500
1241	1763.700
1351	1763.700
1051	1763.900
1011	1764.000
1271	1764.000
1371	1764.000
1511	1764.000
1331	1764.100
1521	1764.300
1121	1764.400
1031	1764.600
1301	1764.600
1481	1764.600
1061	1764.700
1111	1764.700
1161	1764.700
1681	1764.700
1211	1764.900
1431	1765.000
1461	1765.100
1001	1765.200
1261	1765.200
1491	1765.200
1671	1765.200
1071	1765.300
1081	1765.300
1281	1765.300
1571	1765.500
1631	1765.600
1751	1765.800
1131	1766.000
1651	1766.000
1221	1766.200
1041	1766.300
1311	1766.300
1621	1766.300
1581	1766.400
1611	1766.400
1391	1766.600
1701	1766.700
1471	1766.800
1561	1766.800
1741	1766.800
1321	1766.900
1151	1767.000
1251	1767.000
1381	1767.000
1591	1767.000
1411	1767.100
1441	1767.100
1531	1767.100
1791	1767.100
1201	1767.200
1231	1767.200
1541	1767.200
1091	1767.300
1661	1767.400
1691	1767.500
1501	1767.700
1291	1767.800
1171	1768.000
1721	1768.000
1641	1768.200
1781	1768.300
1341	1768.400
1711	1768.400
1731	1768.400
1451	1768.500
1181	1768.700
1421	1768.800
1771	1768.800
1761	1769.200
1551	1769.300
1601	1769.500
1021	1769.600
1191	1769.600
1401	1769.600
1141	1769.900
1101	1770.000
1361	1770.000
1351	1770.100
1241	1770.300
1331	1770.400
1271	1770.500
1371	1770.500
1511	1770.500
1011	1770.700
1051	1770.700
1121	1770.700
1521	1771.000
1481	1771.100
1031	1771.200
1111	1771.200
1681	1771.200
1061	1771.400
1161	1771.400
1211	1771.400
1301	1771.400
1001	1771.700
1431	1771.700
1461	1771.700
1071	1771.800
1081	1771.800
1261	1771.800
1671	1771.800
1491	1771.900
1571	1772.100
1631	1772.100
1281	1772.200
1751	1772.400
1131	1772.500
1651	1772.600
1221	1772.800
1041	1772.900
1621	1772.900
1311	1773.000
1391	1773.100
1581	1773.100
1611	1773.100
1741	1773.300
1251	1773.400
1321	1773.400
1471	1773.400
1701	1773.400
1561	1773.500
1151	1773.600
1201	1773.600
1381	1773.600
1411	1773.700
1441	1773.700
1591	1773.700
1231	1773.800
1531	1773.800
1541	1773.800
1791	1773.800
1091	1773.900
1661	1774.000
1691	1774.200
1501	1774.300
1171	1774.600
1291	1774.600
1641	1774.800
1731	1774.800
1781	1774.800
1341	1774.900
1711	1774.900
1451	1775.000
1721	1775.000
1181	1775.300
1771	1775.400
1421	1775.600
1761	1775.700
1551	1776.000
1021	1776.100
1191	1776.200
1401	1776.200
1601	1776.200
1141	1776.300
1361	1776.500
1351	1776.600
1101	1776.700
1331	1776.800
1271	1777.000
1511	1777.000
1121	1777.200
1241	1777.200
1371	1777.200
1011	1777.500
1521	1777.500
1051	1777.600
1111	1777.600
1211	1777.800
1481	1777.800
1681	1777.800
1001	1777.900
1031	1777.900
1301	1778.000
1461	1778.100
1061	1778.200
1161	1778.200
1431	1778.200
1491	1778.300
1081	1778.400
1261	1778.400
1671	1778.400
1071	1778.500
1571	1778.600
1631	1778.700
1131	1779.000
1281	1779.000
1751	1779.000
1221	1779.300
1651	1779.300
1041	1779.400
1621	1779.400
1311	1779.600
1391	1779.600
1741	1779.800
1251	1779.900
1321	1779.900
1581	1779.900
1611	1779.900
1701	1779.900
1471	1780.000
1151	1780.100
1201	1780.200
1441	1780.200
1231	1780.300
1411	1780.300
1561	1780.300
1591	1780.300
1531	1780.400
1541	1780.400
1091	1780.500
1381	1780.500
1791	1780.600
1661	1780.700
1691	1780.700
1501	1780.800
1291	1781.100
1341	1781.300
1171	1781.400
1641	1781.400
1711	1781.400
1731	1781.400
1781	1781.500
1451	1781.600
1721	1781.800
1181	1781.900
1771	1781.900
1761	1782.200
1421	1782.300
1551	1782.400
1021	1782.800
1401	1782.800
1141	1782.900
1601	1782.900
1191	1783.000
1351	1783.200
1361	1783.200
1101	1783.300
1271	1783.300
1331	1783.300
1511	1783.500
1121	1783.600
1371	1783.600
1241	1783.800
1111	1784.100
1001	1784.200
1051	1784.200
1521	1784.200
1011	1784.300
1211	1784.300
1481	1784.300
1681	1784.400
1461	1784.500
1031	1784.600
1161	1784.700
1301	1784.700
1431	1784.800
1061	1784.900
1261	1784.900
1491	1784.900
1671	1785.000
1071	1785.100
1081	1785.100
1571	1785.200
1751	1785.500
1131	1785.600
1281	1785.600
1631	1785.600
1221	1785.800
1041	1785.900
1621	1785.900
1651	1786.000
1391	1786.200
1251	1786.300
1311	1786.300
1741	1786.300
1321	1786.400
1701	1786.400
1611	1786.500
1581	1786.600
1151	1786.700
1201	1786.700
1441	1786.800
1471	1786.800
1411	1786.900
1591	1786.900
1541	1787.000
1231	1787.100
1381	1787.100
1501	1787.200
1531	1787.200
1561	1787.200
1791	1787.300
1091	1787.400
1661	1787.400
1291	1787.600
1691	1787.600
1341	1787.900
1711	1787.900
1171	1788.000
1641	1788.000
1731	1788.100
1451	1788.200
1771	1788.200
1721	1788.300
1781	1788.300
1181	1788.600
1421	1788.800
1761	1788.800
1551	1789.000
1021	1789.400
1141	1789.500
1191	1789.500
1401	1789.600
1601	1789.600
1101	1789.700
1361	1789.700
1331	1789.800
1271	1789.900
1351	1789.900
1511	1790.000
1371	1790.100
1121	1790.200
1111	1790.500
1241	1790.600
1001	1790.700
1481	1790.700
1521	1790.700
1051	1790.800
1681	1790.800
1211	1791.000
1461	1791.000
1031	1791.200
1161	1791.200
1301	1791.200
1011	1791.300
1491	1791.400
1061	1791.500
1261	1791.500
1431	1791.500
1071	1791.600
1571	1791.600
1671	1791.700
1081	1791.900
1751	1791.900
1131	1792.100
1281	1792.100
1631	1792.200
1651	1792.400
1041	1792.500
1221	1792.500
1621	1792.500
1251	1792.700
1311	1792.800
1391	1792.900
1701	1792.900
1741	1792.900
1321	1793.000
1611	1793.000
1151	1793.100
1581	1793.200
1201	1793.300
1541	1793.500
1591	1793.500
1441	1793.600
1471	1793.600
1231	1793.700
1411	1793.700
1501	1793.700
1381	1793.900
1531	1793.900
1561	1793.900
1661	1794.000
1791	1794.000
1091	1794.200
1291	1794.200
1691	1794.200
1171	1794.500
1341	1794.500
1641	1794.600
1711	1794.600
1451	1794.700
1721	1794.700
1771	1794.700
1731	1794.900
1781	1795.100
1181	1795.200
1421	1795.300
1761	1795.400
1551	1795.500
1021	1796.000
1141	1796.100
1191	1796.100
1401	1796.100
1101	1796.200
1331	1796.200
1271	1796.300
1601	1796.300
1361	1796.400
1511	1796.600
1351	1796.700
1371	1796.700
1121	1796.900
1111	1797.100
1001	1797.200
1481	1797.200
1681	1797.200
1241	1797.300
1521	1797.300
1051	1797.400
1211	1797.500
1461	1797.600
1161	1797.700
1301	1797.800
1491	1797.800
1011	1797.900
1031	1797.900
1061	1797.900
1431	1798.000
1261	1798.100
1071	1798.200
1571	1798.200
1751	1798.400
1081	1798.500
1131	1798.500
1281	1798.700
1671	1798.700
1631	1798.900
1221	1799.100
1651	1799.100
1041	1799.300
1251	1799.300
1311	1799.300
1611	1799.300
1701	1799.300
1621	1799.400
1391	1799.600
1741	1799.600
1151	1799.700
1581	1799.700
1321	1799.800
1591	1799.900
1201	1800.000
1441	1800.200
1541	1800.200
1231	1800.300
1501	1800.300
1471	1800.500
1531	1800.500
1561	1800.500
1661	1800.500
1411	1800.600
1091	1800.700
1381	1800.700
1791	1800.700
1291	1800.800
1691	1800.800
1171	1801.000
1341	1801.100
1711	1801.100
1641	1801.200
1721	1801.300
1451	1801.400
1731	1801.600
1771	1801.600
1181	1801.800
1421	1801.800
1781	1801.900
1551	1802.000
1761	1802.000
1021	1802.500
1141	1802.600
1191	1802.600
1331	1802.600
1401	1802.600
1101	1802.800
1271	1802.900
1601	1802.900
1361	1803.000
1351	1803.300
1511	1803.300
1681	1803.500
1371	1803.600
1111	1803.700
1001	1803.800
1121	1803.800
1481	1803.800
1521	1803.800
1241	1803.900
1051	1804.000
1211	1804.100
1061	1804.200
1161	1804.300
1301	1804.300
1011	1804.400
1431	1804.400
1461	1804.400
1491	1804.500
1031	1804.600
1071	1804.700
1261	1804.900
1571	1804.900
1751	1804.900
1131	1805.100
1281	1805.200
1081	1805.300
1631	1805.400
1221	1805.600
1671	1805.700
1611	1805.800
1651	1805.900
1701	1805.900
1041	1806.000
1311	1806.000
1251	1806.100
1391	1806.100
1621	1806.100
1741	1806.300
1151	1806.400
1321	1806.400
1581	1806.400
1201	1806.500
1591	1806.600
1441	1806.700
1231	1806.900
1501	1806.900
1541	1807.000
1561	1807.000
1531	1807.100
1471	1807.200
1661	1807.200
1091	1807.300
1381	1807.300
1791	1807.400
1291	1807.500
1411	1807.500
1711	1807.500
1691	1807.600
1171	1807.700
1341	1807.800
1641	1807.800
1721	1807.800
1451	1808.200
1731	1808.300
1761	1808.400
1771	1808.400
1181	1808.500
1421	1808.500
1551	1808.500
1781	1808.700
1401	1809.100
1021	1809.200
1191	1809.200
1331	1809.200
1101	1809.400
1141	1809.400
1601	1809.400
1271	1809.500
1361	1809.600
1511	1809.900
1351	1810.000
1371	1810.200
1681	1810.200
1111	1810.300
1241	1810.300
1521	1810.400
1001	1810.500
1481	1810.500
1051	1810.700
1061	1810.700
1121	1810.700
1161	1810.700
1301	1810.700
1211	1810.800
1011	1811.000
1431	1811.100
1031	1811.200
1461	1811.200
1491	1811.200
1071	1811.400
1571	1811.500
1261	1811.600
1751	1811.600
1281	1811.800
1131	1811.900
1631	1812.000
1081	1812.100
1221	1812.400
1611	1812.400
1671	1812.400
1651	1812.500
1251	1812.600
1311	1812.600
1041	1812.800
1391	1812.800
1621	1812.800
1741	1812.800
1701	1812.900
1151	1813.100
1201	1813.100
1581	1813.100
1321	1813.200
1561	1813.400
1591	1813.400
1441	1813.500
1231	1813.700
1471	1813.700
1501	1813.700
1091	1813.800
1531	1813.800
1381	1814.000
1541	1814.000
1661	1814.000
1711	1814.000
1411	1814.100
1171	1814.200
1291	1814.200
1641	1814.200
1791	1814.200
1691	1814.300
1721	1814.500
1341	1814.600
1451	1814.800
1421	1814.900
1761	1814.900
1771	1815.000
1551	1815.100
1731	1815.100
1781	1815.100
1181	1815.300
1401	1815.700
1021	1815.800
1191	1815.800
1331	1815.800
1141	1815.900
1601	1816.000
1101	1816.100
1271	1816.100
1361	1816.100
1351	1816.500
1511	1816.500
1681	1816.700
1111	1816.800
1371	1816.800
1241	1816.900
1521	1816.900
1001	1817.000
1481	1817.000
1061	1817.100
1161	1817.100
1301	1817.100
1051	1817.300
1121	1817.400
1211	1817.400
1011	1817.500
1491	1817.600
1431	1817.700
1461	1817.700
1071	1817.800
1261	1817.800
1031	1818.000
1571	1818.000
1751	1818.100
1281	1818.200
1131	1818.300
1631	1818.400
1081	1818.600
1611	1818.600
1221	1818.800
1251	1818.800
1651	1818.800
1671	1818.800
1311	1818.900
1391	1819.000
1741	1819.000
1041	1819.100
1621	1819.200
1151	1819.300
1321	1819.300
1701	1819.300
1201	1819.400
1581	1819.400
1591	1819.600
1441	1819.700
1471	1819.700
1501	1819.800
1561	1819.800
1091	1819.900
1531	1819.900
1231	1820.000
1661	1820.100
1711	1820.100
1171	1820.200
1291	1820.200
1381	1820.200
1411	1820.200
1541	1820.200
1791	1820.200
1641	1820.300
1691	1820.400
1721	1820.600
1341	1820.700
1451	1820.800
1421	1821.000
1731	1821.000
1761	1821.000
1551	1821.100
1771	1821.100
1781	1821.200
1181	1821.300
1191	1821.700
1401	1821.700
1021	1821.800
1331	1821.800
1101	1821.900
1141	1821.900
1361	1821.900
1601	1821.900
1271	1822.000
1351	1822.400
1511	1822.400
1681	1822.500
1111	1822.700
1241	1822.700
1371	1822.700
1521	1822.700
1001	1822.800
1061	1822.800
1481	1822.800
1301	1822.900
1161	1823.000
1051	1823.100
1121	1823.200
1211	1823.200
1011	1823.300
1491	1823.500
1071	1823.600
1461	1823.600
1261	1823.700
1431	1823.700
1571	1823.900
1031	1824.000
1751	1824.000
1281	1824.100
1131	1824.300
1631	1824.400
1611	1824.500
1081	1824.600
1671	1824.600
1221	1824.700
1251	1824.800
1311	1824.800
1651	1824.800
1741	1824.900
1041	1825.000
1391	1825.000
1151	1825.200
1621	1825.200
1201	1825.300
1321	1825.300
1701	1825.300
1581	1825.400
1591	1825.500
1471	1825.600
1441	1825.700
1501	1825.800
1531	1825.800
1091	1825.900
1561	1825.900
1171	1826.100
1231	1826.100
1291	1826.100
1661	1826.100
1711	1826.100
1381	1826.200
1411	1826.200
1541	1826.200
1791	1826.200
1641	1826.300
1691	1826.400
1341	1826.600
1721	1826.600
1451	1826.700
1731	1826.900
1761	1827.000
1421	1827.100
1551	1827.100
1771	1827.100
1781	1827.300
1181	1827.400
1191	1827.700
1021	1827.800
1331	1827.800
1401	1827.800
1101	1827.900
1141	1827.900
1271	1827.900
1361	1827.900
1601	1827.900
1511	1828.300
1351	1828.400
1681	1828.400
1241	1828.600
1371	1828.700
1521	1828.700
1001	1828.800
1061	1828.800
1111	1828.800
1301	1828.800
1481	1828.800
1051	1829.000
1161	1829.000
1011	1829.200
1121	1829.200
1211	1829.200
1491	1829.400
1071	1829.500
1261	1829.600
1461	1829.600
1431	1829.700
1571	1829.800
1031	1830.000
1751	1830.000
1281	1830.100
1131	1830.200
1631	1830.300
1611	1830.400
1671	1830.400
1081	1830.600
1221	1830.600
1251	1830.600
1311	1830.600
1651	1830.700
1741	1830.800
1041	1830.900
1391	1830.900
1151	1831.100
1621	1831.100
1201	1831.200
1321	1831.200
1581	1831.200
1701	1831.200
1471	1831.400
1591	1831.400
1441	1831.500
1531	1831.600
1091	1831.700
1501	1831.700
1561	1831.800
1171	1831.900
1291	1831.900
1231	1832.000
1411	1832.000
1661	1832.000
1711	1832.000
1791	1832.000
1381	1832.100
1541	1832.100
1641	1832.200
1691	1832.200
1341	1832.400
1721	1832.400
1451	1832.500
1731	1832.700
1761	1832.800
1551	1832.900
1771	1832.900
1421	1833.000
1181	1833.200
1781	1833.200
1191	1833.500
1331	1833.600
1021	1833.700
1101	1833.700
1141	1833.700
1271	1833.700
1361	1833.700
1401	1833.800
1601	1833.800
1511	1834.100
1681	1834.200
1351	1834.300
1241	1834.400
1111	1834.600
1521	1834.600
1001	1834.700
1061	1834.700
1301	1834.700
1371	1834.700
1481	1834.700
1051	1834.800
1161	1834.800
1011	1835.100
1211	1835.100
1121	1835.200
1491	1835.300
1071	1835.400
1261	1835.600
1461	1835.600
1431	1835.700
1571	1835.700
1751	1835.900
1031	1836.000
1281	1836.100
1131	1836.200
1631	1836.300
1671	1836.300
1611	1836.400
1221	1836.500
1251	1836.500
1311	1836.500
1081	1836.600
1651	1836.700
1741	1836.800
1041	1836.900
1391	1836.900
1151	1837.100
1621	1837.100
1201	1837.200
1321	1837.200
1581	1837.200
1701	1837.200
1471	1837.300
1441	1837.400
1591	1837.400
1531	1837.500
1501	1837.600
1091	1837.700
1171	1837.800
1291	1837.800
1561	1838.000
1711	1838.000
1791	1838.000
1231	1838.100
1411	1838.100
1541	1838.100
1381	1838.200
1641	1838.200
1661	1838.200
1691	1838.300
1341	1838.400
1451	1838.400
1721	1838.400
1731	1838.700
1771	1838.800
1551	1839.000
1761	1839.000
1421	1839.100
1781	1839.200
1181	1839.300
1191	1839.500
1331	1839.600
1021	1839.700
1141	1839.700
1271	1839.700
1361	1839.700
1101	1839.800
1601	1839.800
1401	1839.900
1511	1840.100
1681	1840.100
1241	1840.300
1351	1840.300
1001	1840.600
1061	1840.600
1111	1840.600
1371	1840.600
1481	1840.600
1521	1840.600
1301	1840.700
1051	1840.800
1161	1840.800
1011	1841.000
1211	1841.100
1491	1841.200
1071	1841.300
1121	1841.400
1261	1841.600
1461	1841.600
1571	1841.600
1431	1841.700
1031	1841.900
1751	1841.900
1281	1842.100
1131	1842.200
1631	1842.200
1671	1842.200
1251	1842.400
1311	1842.400
1611	1842.400
1221	1842.500
1081	1842.600
1651	1842.600
1741	1842.800
1041	1842.900
1391	1842.900
1151	1843.000
1201	1843.100
1321	1843.100
1581	1843.100
1621	1843.100
1471	1843.200
1701	1843.200
1441	1843.300
1531	1843.300
1591	1843.300
1501	1843.500
1091	1843.600
1171	1843.700
1291	1843.700
1791	1843.900
1231	1844.000
1411	1844.000
1541	1844.000
1711	1844.000
1381	1844.100
1561	1844.100
1641	1844.100
1341	1844.200
1451	1844.200
1661	1844.200
1691	1844.200
1721	1844.400
1731	1844.500
1771	1844.600
1551	1844.900
1761	1844.900
1421	1845.100
1781	1845.100
1181	1845.200
1191	1845.400
1271	1845.500
1331	1845.500
1021	1845.600
1141	1845.600
1361	1845.600
1101	1845.700
1601	1845.700
1401	1845.800
1511	1846.000
1681	1846.000
1241	1846.100
1351	1846.200
1001	1846.500
1061	1846.500
1111	1846.500
1371	1846.500
1481	1846.500
1521	1846.500
1051	1846.700
1161	1846.700
1301	1846.700
1011	1846.900
1211	1847.000
1071	1847.200
1491	1847.200
1121	1847.400
1571	1847.500
1261	1847.600
1461	1847.600
1431	1847.700
1031	1847.900
1751	1847.900
1281	1848.100
1671	1848.100
1631	1848.200
1131	1848.300
1311	1848.300
1251	1848.400
1221	1848.500
1611	1848.500
1651	1848.600
1081	1848.700
1041	1848.900
1391	1848.900
1741	1848.900
1151	1849.000
1201	1849.100
1581	1849.100
1621	1849.100
1321	1849.200
1441	1849.200
1531	1849.200
1471	1849.300
1591	1849.300
1701	1849.300
1501	1849.500
1291	1849.600
1091	1849.700
1171	1849.700
1791	1849.900
1231	1850.000
1541	1850.000
1641	1850.000
1411	1850.100
1451	1850.100
1711	1850.100
1341	1850.200
1381	1850.200
1561	1850.200
1661	1850.300
1691	1850.300
1721	1850.400
1731	1850.400
1771	1850.500
1551	1850.900
1761	1851.000
1421	1851.200
1781	1851.200
1181	1851.300
1191	1851.400
1271	1851.500
1141	1851.600
1331	1851.600
1021	1851.700
1101	1851.700
1361	1851.700
1601	1851.700
1401	1851.900
1241	1852.000
1511	1852.000
1681	1852.100
1351	1852.200
1001	1852.500
1061	1852.500
1111	1852.500
1371	1852.500
1521	1852.500
1161	1852.600
1481	1852.600
1051	1852.700
1301	1852.700
1011	1852.900
1211	1853.000
1071	1853.200
1491	1853.200
1571	1853.400
1121	1853.500
1261	1853.600
1461	1853.600
1431	1853.800
1751	1853.800
1031	1854.000
1281	1854.000
1671	1854.000
1311	1854.200
1631	1854.200
1251	1854.300
1131	1854.400
1221	1854.400
1611	1854.500
1651	1854.600
1081	1854.700
1041	1854.800
1741	1854.800
1151	1855.000
1391	1855.000
1201	1855.100
1321	1855.100
1441	1855.100
1531	1855.100
1581	1855.100
1621	1855.100
1471	1855.200
1591	1855.200
1701	1855.300
1501	1855.400
1291	1855.500
1171	1855.600
1091	1855.700
1231	1855.800
1791	1855.800
1451	1855.900
1541	1855.900
1341	1856.000
1411	1856.000
1641	1856.000
1711	1856.100
1381	1856.200
1691	1856.200
1561	1856.300
1661	1856.300
1731	1856.300
1771	1856.300
1721	1856.400
1551	1856.900
1761	1856.900
1421	1857.100
1781	1857.100
1181	1857.200
1191	1857.300
1271	1857.300
1141	1857.500
1331	1857.500
1021	1857.600
1101	1857.600
1361	1857.600
1601	1857.700
1241	1857.800
1401	1857.800
1511	1857.900
1681	1858.000
1351	1858.100
1001	1858.400
1521	1858.400
1061	1858.500
1111	1858.500
1161	1858.500
1371	1858.500
1481	1858.500
1051	1858.600
1301	1858.600
1011	1858.800
1211	1858.900
1071	1859.100
1491	1859.200
1571	1859.300
1121	1859.500
1261	1859.500
1461	1859.600
1751	1859.700
1431	1859.800
1281	1859.900
1671	1859.900
1031	1860.000
1311	1860.000
1631	1860.200
1251	1860.300
1131	1860.400
1221	1860.400
1611	1860.400
1651	1860.500
1041	1860.700
1741	1860.700
1081	1860.800
1151	1861.000
1441	1861.000
1531	1861.000
1201	1861.100
1321	1861.100
1391	1861.100
1581	1861.100
1471	1861.200
1591	1861.200
1621	1861.200
1701	1861.300
1171	1861.500
1291	1861.500
1501	1861.500
1091	1861.800
1231	1861.800
1451	1861.800
1791	1861.800
1341	1861.900
1411	1862.000
1541	1862.000
1641	1862.000
1691	1862.100
1711	1862.200
1771	1862.200
1381	1862.300
1561	1862.300
1661	1862.300
1731	1862.300
1721	1862.400
1761	1862.900
1551	1863.000
1421	1863.100
1181	1863.200
1191	1863.200
1271	1863.200
1781	1863.200
1021	1863.600
1101	1863.600
1141	1863.600
1241	1863.600
1331	1863.600
1361	1863.700
1601	1863.700
1401	1863.800
1511	1863.900
1681	1864.000
1351	1864.200
1001	1864.400
1521	1864.400
1061	1864.500
1161	1864.500
1481	1864.500
1051	1864.600
1111	1864.600
1301	1864.600
1371	1864.700
1011	1864.800
1211	1864.900
1071	1865.100
1491	1865.200
1571	1865.200
1121	1865.500
1261	1865.500
1461	1865.600
1751	1865.600
1281	1865.800
1431	1865.800
1311	1865.900
1671	1865.900
1031	1866.000
1631	1866.200
1251	1866.300
1131	1866.400
1221	1866.500
1611	1866.500
1651	1866.500
1741	1866.600
1041	1866.700
1531	1866.800
1081	1866.900
1151	1866.900
1441	1867.000
1201	1867.100
1391	1867.100
1591	1867.100
1321	1867.200
1471	1867.200
1581	1867.200
1621	1867.300
1701	1867.300
1171	1867.500
1291	1867.500
1501	1867.500
1231	1867.700
1451	1867.700
1341	1867.800
1791	1867.800
1411	1867.900
1091	1868.000
1641	1868.000
1691	1868.000
1541	1868.100
1771	1868.200
1561	1868.300
1661	1868.300
1711	1868.300
1731	1868.300
1381	1868.400
1721	1868.400
1761	1868.900
1551	1869.000
1181	1869.100
1271	1869.100
1421	1869.100
1191	1869.200
1781	1869.200
1021	1869.500
1101	1869.500
1141	1869.500
1241	1869.500
1331	1869.600
1361	1869.600
1401	1869.700
1601	1869.700
1511	1869.900
1681	1870.000
1351	1870.100
1001	1870.400
1061	1870.400
1161	1870.400
1481	1870.400
1521	1870.400
1051	1870.500
1111	1870.500
1301	1870.600
1011	1870.700
1371	1870.700
1211	1870.800
1071	1871.000
1491	1871.100
1571	1871.100
1261	1871.400
1121	1871.500
1751	1871.500
1461	1871.600
1281	1871.800
1311	1871.800
1431	1871.800
1671	1871.800
1031	1871.900
1631	1872.100
1251	1872.300
1131	1872.400
1611	1872.400
1651	1872.400
1741	1872.500
1221	1872.600
1041	1872.700
1531	1872.700
1151	1872.900
1441	1872.900
1081	1873.000
1321	1873.100
1591	1873.100
1201	1873.200
1391	1873.200
1471	1873.200
1581	1873.200
1621	1873.300
1701	1873.300
1171	1873.500
1291	1873.500
1501	1873.500
1231	1873.600
1451	1873.600
1341	1873.700
1791	1873.700
1411	1873.900
1691	1873.900
1641	1874.000
1091	1874.100
1541	1874.100
1771	1874.200
1561	1874.300
1661	1874.300
1711	1874.300
1721	1874.300
1731	1874.300
1381	1874.400
1761	1874.800
1271	1875.000
1551	1875.000
1181	1875.100
1421	1875.100
1191	1875.200
1781	1875.200
1021	1875.400
1101	1875.400
1241	1875.400
1141	1875.600
1331	1875.600
1361	1875.600
1401	1875.700
1601	1875.700
1511	1875.800
1681	1875.900
1351	1876.100
1001	1876.300
1061	1876.300
1051	1876.400
1111	1876.400
1161	1876.400
1481	1876.400
1521	1876.400
1011	1876.600
1301	1876.600
1371	1876.700
1211	1876.800
1071	1877.000
1491	1877.100
1571	1877.100
1261	1877.300
1751	1877.400
1121	1877.500
1311	1877.600
1461	1877.600
1281	1877.800
1431	1877.800
1671	1877.800
1031	1877.900
1631	1878.100
1251	1878.200
1741	1878.300
1131	1878.400
1611	1878.400
1651	1878.400
1041	1878.600
1531	1878.600
1221	1878.700
1441	1878.800
1151	1878.900
1081	1879.000
1591	1879.000
1321	1879.100
1201	1879.200
1391	1879.200
1471	1879.200
1581	1879.200
1621	1879.200
1701	1879.300
1291	1879.400
1451	1879.400
1171	1879.500
1231	1879.500
1501	1879.500
1341	1879.600
1791	1879.600
1411	1879.800
1691	1879.800
1641	1880.000
1091	1880.100
1541	1880.100
1721	1880.100
1771	1880.100
1661	1880.200
1731	1880.200
1561	1880.300
1711	1880.300
1381	1880.400
1761	1880.800
1271	1880.900
1551	1880.900
1181	1881.000
1421	1881.000
1191	1881.100
1241	1881.200
1781	1881.200
1021	1881.300
1101	1881.300
1361	1881.500
1141	1881.600
1331	1881.600
1401	1881.600
1511	1881.700
1601	1881.700
1681	1881.800
1351	1882.100
1001	1882.200
1061	1882.200
1051	1882.300
1111	1882.300
1161	1882.300
1481	1882.300
1521	1882.300
1011	1882.400
1301	1882.500
1371	1882.600
1211	1882.700
1071	1882.900
1491	1883.000
1571	1883.000
1261	1883.200
1751	1883.200
1311	1883.400
1121	1883.500
1461	1883.600
1671	1883.700
1281	1883.800
1431	1883.800
1031	1883.900
1251	1884.000
1631	1884.000
1741	1884.200
1611	1884.300
1651	1884.300
1131	1884.400
1531	1884.500
1041	1884.600
1221	1884.700
1441	1884.700
1591	1884.800
1151	1884.900
1081	1885.000
1321	1885.000
1471	1885.100
1621	1885.100
1201	1885.200
1391	1885.200
1581	1885.200
1451	1885.300
1701	1885.300
1171	1885.400
1231	1885.400
1291	1885.400
1501	1885.400
1791	1885.400
1341	1885.500
1411	1885.700
1691	1885.700
1541	1886.000
1641	1886.000
1721	1886.000
1771	1886.000
1091	1886.100
1731	1886.100
1661	1886.200
1561	1886.300
1711	1886.300
1381	1886.400
1271	1886.700
1761	1886.800
1181	1886.900
1421	1886.900
1551	1886.900
1191	1887.000
1241	1887.000
1021	1887.200
1101	1887.200
1781	1887.200
1361	1887.400
1141	1887.500
1331	1887.500
1401	1887.500
1511	1887.500
1601	1887.600
1681	1887.600
1001	1888.100
1061	1888.100
1111	1888.100
1161	1888.100
1351	1888.100
1481	1888.100
1051	1888.200
1521	1888.200
1011	1888.300
1301	1888.400
1371	1888.500
1211	1888.600
1071	1888.800
1571	1888.800
1491	1888.900
1261	1889.000
1751	1889.000
1311	1889.200
1121	1889.500
1461	1889.500
1671	1889.500
1281	1889.800
1431	1889.800
1031	1889.900
1251	1889.900
1631	1889.900
1611	1890.100
1741	1890.100
1651	1890.200
1131	1890.400
1531	1890.400
1041	1890.500
1441	1890.500
1221	1890.700
1591	1890.700
1081	1890.900
1151	1890.900
1321	1890.900
1471	1891.000
1581	1891.000
1621	1891.000
1201	1891.100
1451	1891.100
1171	1891.200
1391	1891.200
1791	1891.200
1291	1891.300
1501	1891.300
1231	1891.400
1341	1891.400
1701	1891.400
1691	1891.500
1411	1891.700
1721	1891.800
1541	1891.900
1641	1891.900
1771	1891.900
1091	1892.000
1731	1892.000
1661	1892.100
1561	1892.200
1711	1892.300
1381	1892.400
1271	1892.600
1761	1892.700
1181	1892.800
1241	1892.800
1421	1892.800
1191	1892.900
1551	1892.900
1021	1893.100
1101	1893.100
1781	1893.200
1361	1893.300
1141	1893.400
1331	1893.400
1401	1893.400
1511	1893.400
1601	1893.500
1681	1893.500
1001	1894.000
1051	1894.000
1061	1894.000
1111	1894.000
1161	1894.000
1481	1894.000
1011	1894.100
1351	1894.100
1521	1894.100
1301	1894.200
1371	1894.400
1211	1894.600
1571	1894.600
1071	1894.700
1261	1894.800
1491	1894.800
1751	1894.800
1311	1895.100
1461	1895.400
1671	1895.400
1121	1895.500
1281	1895.700
1031	1895.800
1251	1895.800
1431	1895.800
1631	1895.800
1611	1896.000
1741	1896.000
1651	1896.100
1531	1896.200
1441	1896.300
1041	1896.400
1131	1896.400
1591	1896.600
1221	1896.700
1081	1896.800
1151	1896.800
1321	1896.900
1451	1896.900
1471	1896.900
1581	1896.900
1621	1896.900
1201	1897.000
1171	1897.100
1391	1897.100
1791	1897.100
1501	1897.200
1231	1897.300
1291	1897.300
1341	1897.300
1691	1897.400
1701	1897.400
1411	1897.600
1721	1897.600
1641	1897.800
1731	1897.800
1771	1897.800
1541	1897.900
1091	1898.000
1661	1898.000
1561	1898.100
1711	1898.300
1381	1898.400
1271	1898.500
1241	1898.600
1421	1898.600
1761	1898.600
1181	1898.700
1191	1898.700
1551	1898.800
1101	1898.900
1021	1899.100
1781	1899.100
1141	1899.200
1361	1899.200
1331	1899.300
1401	1899.300
1511	1899.300
1601	1899.400
1681	1899.400
1051	1899.800
1061	1899.800
1161	1899.800
1481	1899.800
1001	1899.900
1011	1899.900
1111	1899.900
1351	1899.900
1521	1899.900
1301	1900.000
1371	1900.300
1071	1900.500
1211	1900.500
1571	1900.500
1261	1900.600
1751	1900.600
1491	1900.700
1311	1900.900
1671	1901.200
1461	1901.300
1121	1901.400
1251	1901.600
1281	1901.600
1631	1901.600
1031	1901.700
1431	1901.800
1611	1901.800
1741	1901.800
1651	1902.000
1441	1902.100
1531	1902.100
1041	1902.300
1131	1902.400
1221	1902.600
1591	1902.600
1081	1902.700
1151	1902.700
1451	1902.700
1471	1902.700
1321	1902.800
1581	1902.800
1621	1902.800
1171	1902.900
1791	1902.900
1201	1903.000
1391	1903.000
1341	1903.100
1501	1903.100
1231	1903.200
1291	1903.200
1691	1903.300
1701	1903.300
1411	1903.400
1721	1903.400
1731	1903.600
1641	1903.700
1771	1903.700
1541	1903.800
1091	1903.900
1661	1903.900
1561	1904.000
1711	1904.200
1271	1904.300
1241	1904.400
1381	1904.400
1421	1904.400
1191	1904.500
1761	1904.500
1181	1904.600
1101	1904.700
1551	1904.700
1021	1905.000
1781	1905.000
1141	1905.100
1361	1905.100
1331	1905.200
1511	1905.200
1681	1905.200
1401	1905.300
1601	1905.300
1051	1905.600
1061	1905.600
1481	1905.600
1011	1905.700
1111	1905.700
1161	1905.700
1351	1905.700
1521	1905.700
1001	1905.800
1301	1905.800
1371	1906.200
1071	1906.300
1571	1906.300
1211	1906.400
1261	1906.400
1751	1906.400
1491	1906.600
1311	1906.700
1671	1907.000
1461	1907.200
1121	1907.300
1251	1907.400
1631	1907.400
1281	1907.500
1031	1907.600
1611	1907.600
1741	1907.600
1431	1907.700
1651	1907.800
1441	1907.900
1531	1907.900
1041	1908.200
1131	1908.300
1221	1908.500
1451	1908.500
1471	1908.500
1591	1908.500
1081	1908.600
1151	1908.600
1321	1908.600
1581	1908.600
1171	1908.700
1621	1908.700
1791	1908.700
1341	1908.900
1391	1908.900
1201	1909.000
1231	1909.000
1501	1909.000
1291	1909.100
1691	1909.100
1701	1909.200
1721	1909.200
1411	1909.300
1731	1909.400
1771	1909.500
1641	1909.600
1541	1909.700
1091	1909.800
1661	1909.800
1561	1909.900
1271	1910.000
1711	1910.100
1241	1910.200
1191	1910.300
1421	1910.300
1381	1910.400
1761	1910.400
1101	1910.500
1181	1910.500
1551	1910.600
1781	1910.800
1021	1910.900
1141	1910.900
1361	1910.900
1511	1911.000
1331	1911.100
1681	1911.100
1401	1911.200
1601	1911.200
1051	1911.300
1061	1911.400
1481	1911.400
1011	1911.500
1161	1911.500
1521	1911.500
1111	1911.600
1301	1911.600
1351	1911.600
1001	1911.800
1071	1912.100
1371	1912.100
1211	1912.200
1261	1912.200
1571	1912.200
1751	1912.300
1311	1912.500
1491	1912.500
1671	1912.800
1461	1913.100
1121	1913.200
1251	1913.200
1631	1913.200
1281	1913.400
1611	1913.400
1741	1913.400
1031	1913.500
1431	1913.600
1441	1913.700
1531	1913.700
1651	1913.700
1041	1914.000
1131	1914.200
1221	1914.300
1451	1914.300
1471	1914.300
1591	1914.300
1081	1914.400
1581	1914.400
1151	1914.500
1171	1914.500
1321	1914.500
1791	1914.500
1621	1914.600
1341	1914.700
1231	1914.800
1391	1914.800
1201	1914.900
1291	1914.900
1501	1914.900
1691	1914.900
1701	1915.000
1721	1915.000
1411	1915.100
1731	1915.100
1771	1915.300
1641	1915.500
1541	1915.600
1091	1915.700
1661	1915.700
1271	1915.800
1561	1915.800
1241	1916.000
1711	1916.000
1191	1916.100
1421	1916.200
1101	1916.300
1181	1916.300
1381	1916.300
1761	1916.300
1551	1916.500
1141	1916.700
1361	1916.700
1781	1916.700
1021	1916.800
1511	1916.800
1681	1916.900
1051	1917.000
1331	1917.000
1401	1917.100
1601	1917.100
1061	1917.200
1481	1917.200
1011	1917.300
1161	1917.300
1521	1917.300
1111	1917.400
1301	1917.400
1351	1917.500
1001	1917.600
1071	1917.900
1261	1918.000
1371	1918.000
1571	1918.000
1211	1918.100
1751	1918.100
1311	1918.300
1491	1918.300
1671	1918.500
1251	1919.000
1461	1919.000
1631	1919.000
1121	1919.100
1611	1919.200
1741	1919.200
1281	1919.300
1031	1919.400
1431	1919.500
1441	1919.500
1531	1919.500
1651	1919.600
1041	1919.800
1221	1920.100
1451	1920.100
1471	1920.100
1591	1920.100
1131	1920.200
1081	1920.300
1171	1920.300
1581	1920.300
1791	1920.300
1151	1920.400
1321	1920.400
1341	1920.500
1621	1920.500
1231	1920.600
1291	1920.700
1391	1920.700
1201	1920.800
1501	1920.800
1691	1920.800
1721	1920.800
1701	1920.900
1731	1920.900
1411	1921.000
1771	1921.200
1641	1921.300
1091	1921.500
1541	1921.500
1271	1921.600
1661	1921.600
1241	1921.700
1561	1921.700
1191	1921.900
1711	1921.900
1421	1922.000
1101	1922.100
1181	1922.100
1381	1922.200
1761	1922.200
1551	1922.400
1141	1922.500
1361	1922.500
1781	1922.500
1511	1922.600
1021	1922.700
1051	1922.700
1681	1922.700
1061	1922.900
1331	1922.900
1601	1922.900
1011	1923.000
1401	1923.000
1481	1923.000
1161	1923.100
1521	1923.100
1111	1923.200
1301	1923.200
1351	1923.300
1001	1923.400
1071	1923.700
1261	1923.700
1571	1923.800
1211	1923.900
1371	1923.900
1751	1923.900
1311	1924.000
1491	1924.200
1671	1924.200
1251	1924.700
1461	1924.800
1631	1924.800
1121	1924.900
1611	1925.000
1741	1925.000
1281	1925.200
1031	1925.300
1441	1925.300
1531	1925.300
1431	1925.400
1651	1925.500
1041	1925.600
1221	1925.900
1451	1925.900
1471	1925.900
1591	1925.900
1131	1926.100
1171	1926.100
1791	1926.100
1081	1926.200
1321	1926.200
1581	1926.200
1151	1926.300
1341	1926.300
1231	1926.400
1621	1926.400
1291	1926.600
1391	1926.600
1501	1926.600
1721	1926.600
1201	1926.700
1691	1926.700
1701	1926.700
1731	1926.700
1411	1926.800
1771	1927.000
1641	1927.100
1091	1927.400
1241	1927.400
1271	1927.400
1541	1927.400
1661	1927.500
1191	1927.700
1561	1927.700
1711	1927.800
1101	1927.900
1181	1927.900
1421	1927.900
1761	1928.100
1381	1928.200
1551	1928.200
1141	1928.300
1361	1928.300
1781	1928.300
1051	1928.400
1511	1928.400
1681	1928.400
1021	1928.500
1061	1928.700
1601	1928.700
1011	1928.800
1331	1928.800
1481	1928.800
1521	1928.800
1161	1928.900
1401	1928.900
1111	1929.000
1301	1929.000
1351	1929.000
1001	1929.300
1071	1929.500
1261	1929.500
1571	1929.600
1211	1929.700
1311	1929.700
1751	1929.700
1371	1929.800
1671	1929.900
1491	1930.000
1251	1930.500
1461	1930.600
1631	1930.600
1121	1930.800
1611	1930.800
1741	1930.800
1281	1931.000
1031	1931.100
1441	1931.100
1531	1931.100
1431	1931.300
1651	1931.300
1041	1931.400
1451	1931.600
1221	1931.700
1471	1931.700
1591	1931.700
1171	1931.900
1791	1931.900
1081	1932.000
1131	1932.000
1321	1932.000
1581	1932.000
1151	1932.100
1341	1932.100
1231	1932.200
1621	1932.300
1291	1932.400
1391	1932.400
1501	1932.400
1721	1932.400
1691	1932.500
1701	1932.500
1731	1932.500
1201	1932.600
1411	1932.600
1771	1932.800
1641	1932.900
1241	1933.100
1091	1933.200
1271	1933.200
1541	1933.200
1661	1933.400
1191	1933.500
1101	1933.600
1561	1933.600
1181	1933.700
1711	1933.700
1421	1933.800
1551	1934.000
1761	1934.000
1141	1934.100
1361	1934.100
1381	1934.100
1781	1934.100
1051	1934.200
1511	1934.200
1681	1934.200
1021	1934.400
1061	1934.400
1481	1934.500
1601	1934.500
1011	1934.600
1161	1934.600
1331	1934.600
1521	1934.600
1401	1934.700
1111	1934.800
1301	1934.800
1351	1934.800
1001	1935.200
1071	1935.300
1261	1935.300
1571	1935.400
1311	1935.500
1751	1935.500
1211	1935.600
1371	1935.600
1671	1935.600
1491	1935.800
1251	1936.300
1461	1936.400
1631	1936.400
1611	1936.500
1741	1936.600
1121	1936.700
1281	1936.800
1031	1936.900
1441	1936.900
1531	1936.900
1651	1937.100
1041	1937.200
1431	1937.200
1451	1937.400
1221	1937.500
1471	1937.500
1591	1937.500
1171	1937.700
1791	1937.700
1081	1937.800
1321	1937.800
1581	1937.800
1131	1937.900
1151	1937.900
1341	1937.900
1231	1938.000
1621	1938.100
1291	1938.200
1501	1938.200
1721	1938.200
1731	1938.200
1391	1938.300
1691	1938.300
1701	1938.300
1201	1938.400
1411	1938.400
1771	1938.600
1641	1938.700
1241	1938.800
1271	1938.900
1091	1939.000
1541	1939.000
1191	1939.300
1661	1939.300
1101	1939.400
1181	1939.500
1561	1939.500
1711	1939.600
1421	1939.700
1361	1939.800
1761	1939.800
1051	1939.900
1141	1939.900
1511	1939.900
1551	1939.900
1781	1939.900
1381	1940.000
1681	1940.000
1061	1940.100
1021	1940.300
1481	1940.300
1601	1940.300
1011	1940.400
1161	1940.400
1521	1940.400
1331	1940.500
1111	1940.600
1301	1940.600
1351	1940.600
1401	1940.600
1001	1941.000
1071	1941.100
1261	1941.100
1571	1941.200
1311	1941.300
1671	1941.300
1211	1941.400
1371	1941.400
1751	1941.400
1491	1941.600
1251	1942.100
1461	1942.200
1631	1942.200
1611	1942.300
1741	1942.400
1121	1942.600
1281	1942.600
1031	1942.700
1441	1942.700
1531	1942.700
1041	1943.000
1651	1943.000
1431	1943.100
1451	1943.200
1221	1943.300
1471	1943.300
1591	1943.300
1171	1943.500
1791	1943.500
1081	1943.600
1321	1943.600
1581	1943.600
1151	1943.700
1341	1943.700
1131	1943.800
1231	1943.800
1621	1943.900
1731	1943.900
1291	1944.000
1501	1944.000
1721	1944.000
1391	1944.100
1691	1944.100
1701	1944.100
1201	1944.200
1411	1944.200
1771	1944.400
1241	1944.500
1641	1944.500
1271	1944.700
1541	1944.800
1091	1944.900
1191	1945.000
1101	1945.200
1661	1945.200
1181	1945.300
1561	1945.400
1711	1945.400
1421	1945.500
1051	1945.600
1361	1945.600
1761	1945.600
1141	1945.700
1511	1945.700
1551	1945.700
1681	1945.700
1781	1945.700
1061	1945.800
1381	1945.900
1011	1946.100
1021	1946.100
1161	1946.100
1481	1946.100
1521	1946.100
1601	1946.200
1331	1946.300
1111	1946.400
1301	1946.400
1351	1946.400
1401	1946.500
1001	1946.700
1071	1946.900
1261	1946.900
1571	1946.900
1671	1947.000
1311	1947.100
1211	1947.200
1371	1947.200
1751	1947.200
1491	1947.500
1251	1947.900
1461	1948.000
1611	1948.100
1631	1948.100
1741	1948.200
1281	1948.400
1031	1948.500
1441	1948.500
1531	1948.500
1121	1948.600
1041	1948.800
1651	1948.900
1431	1949.000
1451	1949.000
1221	1949.100
1471	1949.100
1591	1949.100
1171	1949.200
1791	1949.300
1081	1949.400
1321	1949.400
1581	1949.400
1151	1949.500
1341	1949.500
1231	1949.600
1731	1949.600
1131	1949.700
1621	1949.700
1291	1949.800
1721	1949.800
1391	1949.900
1501	1949.900
1691	1949.900
1701	1949.900
1201	1950.000
1411	1950.000
1241	1950.200
1771	1950.200
1641	1950.400
1271	1950.500
1541	1950.600
1091	1950.700
1191	1950.800
1101	1951.000
1181	1951.100
1661	1951.100
1051	1951.300
1421	1951.300
1561	1951.300
1711	1951.300
1361	1951.400
1761	1951.400
1061	1951.500
1141	1951.500
1511	1951.500
1551	1951.500
1681	1951.500
1781	1951.600
1381	1951.700
1011	1951.800
1021	1951.900
1161	1951.900
1481	1951.900
1521	1951.900
1331	1952.100
1601	1952.100
1111	1952.200
1301	1952.200
1351	1952.300
1401	1952.400
1001	1952.500
1071	1952.700
1261	1952.700
1571	1952.700
1671	1952.700
1311	1952.800
1211	1953.000
1751	1953.000
1371	1953.100
1491	1953.300
1251	1953.700
1461	1953.800
1611	1953.900
1631	1953.900
1741	1953.900
1281	1954.200
1441	1954.200
1031	1954.300
1531	1954.300
1121	1954.500
1041	1954.600
1651	1954.700
1431	1954.800
1451	1954.800
1591	1954.800
1171	1954.900
1221	1954.900
1471	1954.900
1791	1955.100
1081	1955.200
1321	1955.200
1151	1955.300
1341	1955.300
1581	1955.300
1231	1955.400
1731	1955.400
1621	1955.500
1131	1955.600
1291	1955.600
1721	1955.600
1391	1955.700
1411	1955.700
1501	1955.700
1691	1955.700
1701	1955.700
1201	1955.900
1241	1955.900
1771	1956.000
1641	1956.200
1271	1956.300
1541	1956.400
1091	1956.500
1191	1956.600
1101	1956.700
1181	1956.900
1051	1957.000
1661	1957.000
1421	1957.100
1361	1957.200
1561	1957.200
1711	1957.200
1061	1957.300
1141	1957.300
1511	1957.300
1681	1957.300
1761	1957.300
1551	1957.400
1781	1957.400
1381	1957.500
1011	1957.600
1021	1957.700
1161	1957.700
1521	1957.700
1481	1957.800
1331	1957.900
1301	1958.000
1601	1958.000
1111	1958.100
1351	1958.200
1001	1958.300
1401	1958.300
1071	1958.500
1261	1958.500
1311	1958.500
1571	1958.500
1671	1958.500
1211	1958.800
1751	1958.800
1371	1958.900
1491	1959.100
1251	1959.500
1461	1959.600
1611	1959.700
1631	1959.700
1741	1959.700
1441	1959.900
1281	1960.000
1031	1960.100
1531	1960.100
1041	1960.400
1121	1960.400
1451	1960.500
1651	1960.500
1171	1960.600
1591	1960.600
1431	1960.700
1471	1960.700
1221	1960.800
1791	1960.900
1081	1961.000
1321	1961.000
1341	1961.000
1151	1961.100
1731	1961.100
1231	1961.200
1581	1961.200
1291	1961.400
1411	1961.400
1621	1961.400
1721	1961.400
1131	1961.500
1391	1961.500
1501	1961.500
1691	1961.500
1241	1961.600
1701	1961.600
1201	1961.800
1771	1961.800
1641	1962.000
1271	1962.100
1541	1962.200
1091	1962.300
1191	1962.400
1101	1962.500
1051	1962.700
1181	1962.700
1661	1962.900
1361	1963.000
1421	1963.000
1711	1963.000
1061	1963.100
1511	1963.100
1561	1963.100
1681	1963.100
1761	1963.100
1141	1963.200
1781	1963.200
1381	1963.300
1551	1963.300
1011	1963.400
1021	1963.500
1161	1963.500
1521	1963.500
1481	1963.600
1331	1963.700
1301	1963.800
1601	1963.800
1111	1963.900
1351	1964.000
1001	1964.100
1311	1964.200
1401	1964.200
1571	1964.200
1671	1964.200
1071	1964.300
1261	1964.300
1211	1964.600
1751	1964.600
1371	1964.800
1491	1964.900
1251	1965.300
1461	1965.400
1611	1965.400
1631	1965.400
1741	1965.500
1441	1965.700
1281	1965.800
1031	1965.900
1531	1965.900
1041	1966.200
1121	1966.300
1171	1966.300
1451	1966.300
1651	1966.300
1591	1966.400
1471	1966.500
1221	1966.600
1431	1966.600
1791	1966.600
1341	1966.700
1321	1966.800
1731	1966.800
1081	1966.900
1151	1966.900
1231	1967.000
1581	1967.000
1291	1967.100
1411	1967.100
1621	1967.200
1721	1967.200
1241	1967.300
1391	1967.300
1501	1967.300
1691	1967.300
1131	1967.400
1701	1967.500
1201	1967.600
1771	1967.600
1271	1967.800
1641	1967.800
1541	1968.000
1091	1968.100
1101	1968.200
1191	1968.200
1051	1968.400
1181	1968.500
1061	1968.800
1361	1968.800
1421	1968.800
1511	1968.800
1661	1968.800
1561	1968.900
1681	1968.900
1711	1968.900
1761	1968.900
1141	1969.000
1781	1969.000
1551	1969.100
1011	1969.200
1381	1969.200
1021	1969.300
1161	1969.300
1521	1969.300
1481	1969.400
1331	1969.500
1301	1969.600
1601	1969.600
1111	1969.700
1351	1969.800
1001	1969.900
1311	1969.900
1571	1969.900
1261	1970.000
1671	1970.000
1071	1970.100
1401	1970.100
1211	1970.400
1751	1970.400
1371	1970.700
1491	1970.700
1251	1971.100
1461	1971.200
1611	1971.200
1631	1971.200
1741	1971.300
1441	1971.400
1281	1971.600
1031	1971.700
1531	1971.700
1041	1972.000
1171	1972.000
1451	1972.000
1651	1972.100
1121	1972.200
1591	1972.200
1471	1972.300
1341	1972.400
1791	1972.400
1221	1972.500
1431	1972.500
1731	1972.500
1321	1972.600
1151	1972.700
1081	1972.800
1231	1972.800
1581	1972.800
1291	1972.900
1411	1972.900
1621	1973.000
1691	1973.000
1721	1973.000
1241	1973.100
1391	1973.100
1501	1973.100
1131	1973.300
1771	1973.300
1201	1973.400
1701	1973.400
1271	1973.500
1641	1973.600
1541	1973.800
1091	1973.900
1101	1974.000
1191	1974.000
1051	1974.100
1181	1974.300
1061	1974.500
1511	1974.500
1361	1974.600
1421	1974.600
1661	1974.600
1681	1974.600
1561	1974.700
1711	1974.700
1761	1974.700
1141	1974.800
1781	1974.800
1011	1974.900
1551	1974.900
1021	1975.100
1161	1975.100
1381	1975.100
1481	1975.100
1521	1975.100
1301	1975.300
1331	1975.300
1601	1975.400
1111	1975.500
1311	1975.600
1351	1975.600
1571	1975.600
1001	1975.700
1671	1975.700
1071	1975.800
1261	1975.800
1401	1975.900
1211	1976.200
1751	1976.200
1491	1976.500
1371	1976.600
1251	1976.900
1611	1977.000
1631	1977.000
1741	1977.000
1441	1977.100
1461	1977.100
1281	1977.400
1531	1977.400
1031	1977.600
1171	1977.700
1451	1977.700
1041	1977.800
1591	1978.000
1651	1978.000
1121	1978.100
1341	1978.100
1471	1978.100
1731	1978.200
1791	1978.200
1221	1978.400
1321	1978.400
1431	1978.400
1151	1978.500
1231	1978.600
1581	1978.600
1081	1978.700
1291	1978.800
1411	1978.800
1621	1978.800
1691	1978.800
1721	1978.800
1241	1978.900
1391	1978.900
1501	1978.900
1771	1979.100
1131	1979.200
1271	1979.200
1201	1979.300
1701	1979.300
1641	1979.400
1541	1979.600
1091	1979.700
1051	1979.800
1101	1979.800
1191	1979.800
1181	1980.100
1061	1980.200
1511	1980.200
1361	1980.300
1421	1980.400
1681	1980.400
1141	1980.500
1561	1980.500
1661	1980.500
1761	1980.500
1011	1980.600
1711	1980.600
1781	1980.600
1551	1980.700
1161	1980.800
1481	1980.800
1021	1980.900
1381	1980.900
1521	1980.900
1301	1981.100
1331	1981.100
1601	1981.100
1111	1981.200
1311	1981.300
1571	1981.300
1001	1981.400
1351	1981.400
1671	1981.400
1261	1981.500
1071	1981.600
1401	1981.700
1751	1981.900
1211	1982.000
1491	1982.300
1371	1982.400
1251	1982.600
1611	1982.800
1631	1982.800
1741	1982.800
1441	1982.900
1461	1982.900
1531	1983.200
1281	1983.300
1031	1983.400
1451	1983.400
1171	1983.500
1041	1983.600
1591	1983.700
1341	1983.800
1471	1983.900
1651	1983.900
1731	1983.900
1121	1984.000
1791	1984.000
1321	1984.200
1151	1984.300
1221	1984.300
1231	1984.300
1431	1984.300
1581	1984.400
1081	1984.500
1621	1984.500
1241	1984.600
1411	1984.600
1691	1984.600
1721	1984.600
1291	1984.700
1391	1984.700
1501	1984.700
1771	1984.800
1271	1984.900
1701	1985.100
1131	1985.200
1201	1985.200
1641	1985.200
1541	1985.400
1091	1985.500
1051	1985.600
1101	1985.600
1191	1985.600
1181	1985.900
1511	1985.900
1061	1986.000
1361	1986.000
1421	1986.200
1681	1986.200
1011	1986.300
1141	1986.300
1561	1986.300
1661	1986.300
1761	1986.300
1781	1986.400
1161	1986.500
1551	1986.500
1711	1986.500
1481	1986.600
1521	1986.600
1021	1986.700
1381	1986.800
1601	1986.800
1301	1986.900
1331	1986.900
1111	1987.000
1311	1987.000
1571	1987.000
1671	1987.100
1001	1987.200
1351	1987.200
1261	1987.300
1071	1987.400
1401	1987.500
1751	1987.600
1211	1987.800
1491	1988.100
1371	1988.200
1251	1988.300
1741	1988.500
1441	1988.600
1611	1988.600
1631	1988.600
1461	1988.700
1531	1988.900
1281	1989.100
1451	1989.100
1031	1989.200
1171	1989.300
1041	1989.400
1591	1989.400
1341	1989.500
1471	1989.700
1731	1989.700
1121	1989.800
1651	1989.800
1791	1989.800
1321	1990.000
1221	1990.100
1231	1990.100
1151	1990.200
1431	1990.200
1581	1990.200
1241	1990.300
1621	1990.300
1081	1990.400
1411	1990.400
1691	1990.400
1721	1990.400
1391	1990.500
1501	1990.500
1291	1990.600
1771	1990.600
1271	1990.700
1201	1991.000
1641	1991.000
1701	1991.000
1131	1991.100
1091	1991.300
1541	1991.300
1051	1991.400
1101	1991.400
1191	1991.400
1181	1991.700
1511	1991.700
1061	1991.800
1361	1991.800
1011	1992.000
1421	1992.000
1681	1992.000
1141	1992.100
1661	1992.100
1761	1992.100
1561	1992.200
1781	1992.200
1161	1992.300
1551	1992.300
1481	1992.400
1521	1992.400
1711	1992.400
1021	1992.500
1381	1992.600
1601	1992.600
1301	1992.700
1331	1992.700
1571	1992.700
1111	1992.800
1311	1992.800
1671	1992.800
1001	1993.000
1351	1993.000
1261	1993.100
1071	1993.200
1401	1993.300
1751	1993.300
1211	1993.600
1491	1993.900
1251	1994.000
1371	1994.000
1741	1994.200
1441	1994.300
1611	1994.300
1631	1994.300
1461	1994.500
1531	1994.600
1451	1994.800
1281	1994.900
1031	1995.000
1041	1995.100
1171	1995.100
1591	1995.100
1341	1995.200
1731	1995.400
1471	1995.500
1121	1995.600
1791	1995.600
1651	1995.700
1321	1995.800
1221	1995.900
1231	1995.900
1151	1996.000
1241	1996.000
1431	1996.000
1581	1996.000
1621	1996.100
1691	1996.100
1081	1996.200
1411	1996.200
1721	1996.200
1501	1996.300
1291	1996.400
1391	1996.400
1771	1996.400
1271	1996.500
1201	1996.800
1701	1996.800
1641	1996.900
1131	1997.000
1091	1997.100
1541	1997.100
1051	1997.200
1101	1997.200
1191	1997.200
1061	1997.500
1181	1997.500
1511	1997.500
1361	1997.600
1011	1997.800
1421	1997.800
1681	1997.800
1141	1997.900
1561	1998.000
1661	1998.000
1761	1998.000
1781	1998.000
1161	1998.100
1551	1998.100
1481	1998.200
1521	1998.200
1021	1998.300
1711	1998.300
1571	1998.400
1601	1998.400
1301	1998.500
1311	1998.500
1381	1998.500
1671	1998.500
1111	1998.600
1331	1998.600
1001	1998.800
1261	1998.800
1351	1998.800
1071	1999.000
1751	1999.000
1401	1999.200
1211	1999.500
1491	1999.700
1251	1999.800
1371	1999.800
1741	1999.900
1441	2000.000
1611	2000.000
1631	2000.000
