# NEST version: UNKNOWN
# RecordingBackendASCII version: 2
sender	time_ms	w
1	1.000	-1.615
1	2.000	-1.611
1	3.000	-1.608
1	4.000	-1.605
1	5.000	-1.602
1	6.000	-1.599
1	7.000	-1.595
1	8.000	-1.592
1	9.000	-1.589
1	10.000	-1.586
1	11.000	-1.583
1	12.000	-1.580
1	13.000	-1.576
1	14.000	-1.573
1	15.000	-1.570
1	16.000	-1.567
1	17.000	-1.564
1	18.000	-1.561
1	19.000	-1.558
1	20.000	-1.554
1	21.000	-1.551
1	22.000	-1.548
1	23.000	-1.545
1	24.000	-1.542
1	25.000	-1.539
1	26.000	-1.536
1	27.000	-1.533
1	28.000	-1.530
1	29.000	-1.527
1	30.000	-1.524
1	31.000	-1.521
1	32.000	-1.518
1	33.000	-1.515
1	34.000	-1.512
1	35.000	-1.509
1	36.000	-1.506
1	37.000	-1.503
1	38.000	-1.500
1	39.000	-1.497
1	40.000	-1.494
1	41.000	-1.491
1	42.000	-1.488
1	43.000	-1.485
1	44.000	-1.482
1	45.000	-1.479
1	46.000	-1.476
1	47.000	-1.473
1	48.000	-1.470
1	49.000	-1.467
1	50.000	-1.464
1	51.000	-1.461
1	52.000	-1.458
1	53.000	-1.455
1	54.000	-1.452
1	55.000	-1.449
1	56.000	-1.447
1	57.000	-1.444
1	58.000	-1.441
1	59.000	-1.438
1	60.000	-1.435
1	61.000	-1.432
1	62.000	-1.429
1	63.000	-1.426
1	64.000	-1.424
1	65.000	-1.421
1	66.000	-1.418
1	67.000	-1.415
1	68.000	-1.412
1	69.000	-1.409
1	70.000	-1.407
1	71.000	-1.404
1	72.000	-1.401
1	73.000	-1.398
1	74.000	-1.395
1	75.000	-1.393
1	76.000	-1.390
1	77.000	-1.387
1	78.000	-1.384
1	79.000	-1.381
1	80.000	-1.379
1	81.000	-1.376
1	82.000	-1.373
1	83.000	-1.370
1	84.000	-1.368
1	85.000	-1.365
1	86.000	-1.362
1	87.000	-1.360
1	88.000	-1.357
1	89.000	-1.354
1	90.000	-1.351
1	91.000	-1.349
1	92.000	-1.346
1	93.000	-1.343
1	94.000	-1.341
1	95.000	-1.338
1	96.000	-1.335
1	97.000	-1.333
1	98.000	-1.330
1	99.000	-1.327
1	100.000	-1.325
1	101.000	-1.322
1	102.000	-1.319
1	103.000	-1.317
1	104.000	-1.314
1	105.000	-1.311
1	106.000	-1.309
1	107.000	-1.306
1	108.000	-1.304
1	109.000	-1.301
1	110.000	-1.298
1	111.000	-1.296
1	112.000	-1.293
1	113.000	-1.291
1	114.000	-1.288
1	115.000	-1.286
1	116.000	-1.283
1	117.000	-1.280
1	118.000	-1.278
1	119.000	-1.275
1	120.000	-1.273
1	121.000	-1.270
1	122.000	-1.268
1	123.000	-1.265
1	124.000	-1.263
1	125.000	-1.260
1	126.000	-1.258
1	127.000	-1.255
1	128.000	-1.253
1	129.000	-1.250
1	130.000	-1.248
1	131.000	-1.245
1	132.000	-1.243
1	133.000	-1.240
1	134.000	-1.238
1	135.000	-1.235
1	136.000	-1.233
1	137.000	-1.230
1	138.000	-1.228
1	139.000	-1.225
1	140.000	-1.223
1	141.000	-1.220
1	142.000	-1.218
1	143.000	-1.215
1	144.000	-1.213
1	145.000	-1.211
1	146.000	-1.208
1	147.000	-1.206
1	148.000	-1.203
1	149.000	-1.201
1	150.000	-1.199
1	151.000	-1.196
1	152.000	-1.194
1	153.000	-1.191
1	154.000	-1.189
1	155.000	-1.187
1	156.000	-1.184
1	157.000	-1.182
1	158.000	-1.180
1	159.000	-1.177
1	160.000	-1.175
1	161.000	-1.173
1	162.000	-1.170
1	163.000	-1.168
1	164.000	-1.166
1	165.000	-1.163
1	166.000	-1.161
1	167.000	-1.159
1	168.000	-1.156
1	169.000	-1.154
1	170.000	-1.152
1	171.000	-1.149
1	172.000	-1.147
1	173.000	-1.145
1	174.000	-1.142
1	175.000	-1.140
1	176.000	-1.138
1	177.000	-1.136
1	178.000	-1.133
1	179.000	-1.131
1	180.000	-1.129
1	181.000	-1.127
1	182.000	-1.124
1	183.000	-1.122
1	184.000	-1.120
1	185.000	-1.118
1	186.000	-1.115
1	187.000	-1.113
1	188.000	-1.111
1	189.000	-1.109
1	190.000	-1.106
1	191.000	-1.104
1	192.000	-1.102
1	193.000	-1.100
1	194.000	-1.098
1	195.000	-1.095
1	196.000	-1.093
1	197.000	-1.091
1	198.000	-1.089
1	199.000	-1.087
1	200.000	-1.085
1	201.000	-1.082
1	202.000	-1.080
1	203.000	-1.078
1	204.000	-1.076
1	205.000	-1.074
1	206.000	-1.072
1	207.000	-1.069
1	208.000	-1.067
1	209.000	-1.065
1	210.000	-1.063
1	211.000	-1.061
1	212.000	-1.059
1	213.000	-1.057
1	214.000	-1.055
1	215.000	-1.052
1	216.000	-1.050
1	217.000	-1.048
1	218.000	-1.046
1	219.000	-1.044
1	220.000	-1.042
1	221.000	-1.040
1	222.000	-1.038
1	223.000	-1.036
1	224.000	-1.034
1	225.000	-1.032
1	226.000	-1.030
1	227.000	-1.028
1	228.000	-1.025
1	229.000	-1.023
1	230.000	-1.021
1	231.000	-1.019
1	232.000	-1.017
1	233.000	-1.015
1	234.000	-1.013
1	235.000	-1.011
1	236.000	-1.009
1	237.000	-1.007
1	238.000	-1.005
1	239.000	-1.003
1	240.000	-1.001
1	241.000	-0.999
1	242.000	-0.997
1	243.000	-0.995
1	244.000	-0.993
1	245.000	-0.991
1	246.000	-0.989
1	247.000	-0.987
1	248.000	-0.985
1	249.000	-0.983
1	250.000	-0.981
1	251.000	-0.979
1	252.000	-0.977
1	253.000	-0.975
1	254.000	-0.974
1	255.000	-0.972
1	256.000	-0.970
1	257.000	-0.968
1	258.000	-0.966
1	259.000	-0.964
1	260.000	-0.962
1	261.000	-0.960
1	262.000	-0.958
1	263.000	-0.956
1	264.000	-0.954
1	265.000	-0.952
1	266.000	-0.950
1	267.000	-0.949
1	268.000	-0.947
1	269.000	-0.945
1	270.000	-0.943
1	271.000	-0.941
1	272.000	-0.939
1	273.000	-0.937
1	274.000	-0.935
1	275.000	-0.933
1	276.000	-0.932
1	277.000	-0.930
1	278.000	-0.928
1	279.000	-0.926
1	280.000	-0.924
1	281.000	-0.922
1	282.000	-0.920
1	283.000	-0.919
1	284.000	-0.917
1	285.000	-0.915
1	286.000	-0.913
1	287.000	-0.911
1	288.000	-0.910
1	289.000	-0.908
1	290.000	-0.906
1	291.000	-0.904
1	292.000	-0.902
1	293.000	-0.900
1	294.000	-0.899
1	295.000	-0.897
1	296.000	-0.895
1	297.000	-0.893
1	298.000	-0.892
1	299.000	-0.890
1	300.000	-0.888
1	301.000	-0.886
1	302.000	-0.884
1	303.000	-0.883
1	304.000	-0.881
1	305.000	-0.879
1	306.000	-0.877
1	307.000	-0.876
1	308.000	-0.874
1	309.000	-0.872
1	310.000	-0.870
1	311.000	-0.869
1	312.000	-0.867
1	313.000	-0.865
1	314.000	-0.863
1	315.000	-0.862
1	316.000	-0.860
1	317.000	-0.858
1	318.000	-0.857
1	319.000	-0.855
1	320.000	-0.853
1	321.000	-0.851
1	322.000	-0.850
1	323.000	-0.848
1	324.000	-0.846
1	325.000	-0.845
1	326.000	-0.843
1	327.000	-0.841
1	328.000	-0.840
1	329.000	-0.838
1	330.000	-0.836
1	331.000	-0.835
1	332.000	-0.833
1	333.000	-0.831
1	334.000	-0.830
1	335.000	-0.828
1	336.000	-0.826
1	337.000	-0.825
1	338.000	-0.823
1	339.000	-0.821
1	340.000	-0.820
1	341.000	-0.818
1	342.000	-0.816
1	343.000	-0.815
1	344.000	-0.813
1	345.000	-0.812
1	346.000	-0.810
1	347.000	-0.808
1	348.000	-0.807
1	349.000	-0.805
1	350.000	-0.803
1	351.000	-0.802
1	352.000	-0.800
1	353.000	-0.799
1	354.000	-0.797
1	355.000	-0.795
1	356.000	-0.794
1	357.000	-0.792
1	358.000	-0.791
1	359.000	-0.789
1	360.000	-0.788
1	361.000	-0.786
1	362.000	-0.784
1	363.000	-0.783
1	364.000	-0.781
1	365.000	-0.780
1	366.000	-0.778
1	367.000	-0.777
1	368.000	-0.775
1	369.000	-0.773
1	370.000	-0.772
1	371.000	-0.770
1	372.000	-0.769
1	373.000	-0.767
1	374.000	-0.766
1	375.000	-0.764
1	376.000	-0.763
1	377.000	-0.761
1	378.000	-0.760
1	379.000	-0.758
1	380.000	-0.757
1	381.000	-0.755
1	382.000	-0.754
1	383.000	-0.752
1	384.000	-0.751
1	385.000	-0.749
1	386.000	-0.748
1	387.000	-0.746
1	388.000	-0.745
1	389.000	-0.743
1	390.000	-0.742
1	391.000	-0.740
1	392.000	-0.739
1	393.000	-0.737
1	394.000	-0.736
1	395.000	-0.734
1	396.000	-0.733
1	397.000	-0.731
1	398.000	-0.730
1	399.000	-0.728
1	400.000	-0.727
1	401.000	-0.726
1	402.000	-0.724
1	403.000	-0.723
1	404.000	-0.721
1	405.000	-0.720
1	406.000	-0.718
1	407.000	-0.717
1	408.000	-0.715
1	409.000	-0.714
1	410.000	-0.713
1	411.000	-0.711
1	412.000	-0.710
1	413.000	-0.708
1	414.000	-0.707
1	415.000	-0.705
1	416.000	-0.704
1	417.000	-0.703
1	418.000	-0.701
1	419.000	-0.700
1	420.000	-0.698
1	421.000	-0.697
1	422.000	-0.696
1	423.000	-0.694
1	424.000	-0.693
1	425.000	-0.692
1	426.000	-0.690
1	427.000	-0.689
1	428.000	-0.687
1	429.000	-0.686
1	430.000	-0.685
1	431.000	-0.683
1	432.000	-0.682
1	433.000	-0.681
1	434.000	-0.679
1	435.000	-0.678
1	436.000	-0.676
1	437.000	-0.675
1	438.000	-0.674
1	439.000	-0.672
1	440.000	-0.671
1	441.000	-0.670
1	442.000	-0.668
1	443.000	-0.667
1	444.000	-0.666
1	445.000	-0.664
1	446.000	-0.663
1	447.000	-0.662
1	448.000	-0.660
1	449.000	-0.659
1	450.000	-0.658
1	451.000	-0.656
1	452.000	-0.655
1	453.000	-0.654
1	454.000	-0.653
1	455.000	-0.651
1	456.000	-0.650
1	457.000	-0.649
1	458.000	-0.647
1	459.000	-0.646
1	460.000	-0.645
1	461.000	-0.643
1	462.000	-0.642
1	463.000	-0.641
1	464.000	-0.640
1	465.000	-0.638
1	466.000	-0.637
1	467.000	-0.636
1	468.000	-0.635
1	469.000	-0.633
1	470.000	-0.632
1	471.000	-0.631
1	472.000	-0.629
1	473.000	-0.628
1	474.000	-0.627
1	475.000	-0.626
1	476.000	-0.624
1	477.000	-0.623
1	478.000	-0.622
1	479.000	-0.621
1	480.000	-0.619
1	481.000	-0.618
1	482.000	-0.617
1	483.000	-0.616
1	484.000	-0.615
1	485.000	-0.613
1	486.000	-0.612
1	487.000	-0.611
1	488.000	-0.610
1	489.000	-0.608
1	490.000	-0.607
1	491.000	-0.606
1	492.000	-0.605
1	493.000	-0.604
1	494.000	-0.602
1	495.000	-0.601
1	496.000	-0.600
1	497.000	-0.599
1	498.000	-0.598
1	499.000	-0.596
1	500.000	-0.595
1	501.000	-0.594
1	502.000	-0.593
1	503.000	-0.592
1	504.000	-0.590
1	505.000	-0.589
1	506.000	-0.588
1	507.000	-0.587
1	508.000	-0.586
1	509.000	-0.585
1	510.000	-0.583
1	511.000	-0.582
1	512.000	-0.581
1	513.000	-0.580
1	514.000	-0.579
1	515.000	-0.578
1	516.000	-0.576
1	517.000	-0.575
1	518.000	-0.574
1	519.000	-0.573
1	520.000	-0.572
1	521.000	0.428
1	522.000	0.427
1	523.000	0.426
1	524.000	0.425
1	525.000	0.424
1	526.000	0.423
1	527.000	0.423
1	528.000	0.422
1	529.000	0.421
1	530.000	0.420
1	531.000	0.419
1	532.000	0.418
1	533.000	0.417
1	534.000	0.417
1	535.000	0.416
1	536.000	0.415
1	537.000	0.414
1	538.000	0.413
1	539.000	0.413
1	540.000	0.412
1	541.000	0.411
1	542.000	0.410
1	543.000	0.409
1	544.000	0.408
1	545.000	0.408
1	546.000	0.407
1	547.000	0.406
1	548.000	0.405
1	549.000	0.404
1	550.000	0.404
1	551.000	0.403
1	552.000	0.402
1	553.000	0.401
1	554.000	0.400
1	555.000	0.400
1	556.000	0.399
1	557.000	0.398
1	558.000	0.397
1	559.000	0.396
1	560.000	0.396
1	561.000	0.395
1	562.000	0.394
1	563.000	0.393
1	564.000	0.392
1	565.000	0.392
1	566.000	0.391
1	567.000	0.390
1	568.000	0.389
1	569.000	0.388
1	570.000	0.388
1	571.000	0.387
1	572.000	0.386
1	573.000	0.385
1	574.000	0.385
1	575.000	0.384
1	576.000	0.383
1	577.000	0.382
1	578.000	0.382
1	579.000	0.381
1	580.000	0.380
1	581.000	0.379
1	582.000	0.379
1	583.000	0.378
1	584.000	0.377
1	585.000	0.376
1	586.000	0.375
1	587.000	0.375
1	588.000	0.374
1	589.000	0.373
1	590.000	0.373
1	591.000	0.372
1	592.000	0.371
1	593.000	0.370
1	594.000	0.370
1	595.000	0.369
1	596.000	0.368
1	597.000	0.367
1	598.000	0.367
1	599.000	0.366
1	600.000	0.365
1	601.000	0.364
1	602.000	0.364
1	603.000	0.363
1	604.000	0.362
1	605.000	0.361
1	606.000	0.361
1	607.000	0.360
1	608.000	0.359
1	609.000	0.359
1	610.000	0.358
1	611.000	0.357
1	612.000	0.356
1	613.000	0.356
1	614.000	0.355
1	615.000	0.354
1	616.000	0.354
1	617.000	0.353
1	618.000	0.352
1	619.000	0.352
1	620.000	0.351
1	621.000	0.350
1	622.000	0.349
1	623.000	0.349
1	624.000	0.348
1	625.000	0.347
1	626.000	0.347
1	627.000	0.346
1	628.000	0.345
1	629.000	0.345
1	630.000	0.344
1	631.000	0.343
1	632.000	0.342
1	633.000	0.342
1	634.000	0.341
1	635.000	0.340
1	636.000	0.340
1	637.000	0.339
1	638.000	0.338
1	639.000	0.338
1	640.000	0.337
1	641.000	0.336
1	642.000	0.336
1	643.000	0.335
1	644.000	0.334
1	645.000	0.334
1	646.000	0.333
1	647.000	0.332
1	648.000	0.332
1	649.000	0.331
1	650.000	0.330
1	651.000	0.330
1	652.000	0.329
1	653.000	0.328
1	654.000	0.328
1	655.000	0.327
1	656.000	0.326
1	657.000	0.326
1	658.000	0.325
1	659.000	0.324
1	660.000	0.324
1	661.000	0.323
1	662.000	0.323
1	663.000	0.322
1	664.000	0.321
1	665.000	0.321
1	666.000	0.320
1	667.000	0.319
1	668.000	0.319
1	669.000	0.318
1	670.000	0.317
1	671.000	0.317
1	672.000	0.316
1	673.000	0.316
1	674.000	0.315
1	675.000	0.314
1	676.000	0.314
1	677.000	0.313
1	678.000	0.312
1	679.000	0.312
1	680.000	0.311
1	681.000	0.311
1	682.000	0.310
1	683.000	0.309
1	684.000	0.309
1	685.000	0.308
1	686.000	0.307
1	687.000	0.307
1	688.000	0.306
1	689.000	0.306
1	690.000	0.305
1	691.000	0.304
1	692.000	0.304
1	693.000	0.303
1	694.000	0.303
1	695.000	0.302
1	696.000	0.301
1	697.000	0.301
1	698.000	0.300
1	699.000	0.300
1	700.000	0.299
1	701.000	0.298
1	702.000	0.298
1	703.000	0.297
1	704.000	0.297
1	705.000	0.296
1	706.000	0.295
1	707.000	0.295
1	708.000	0.294
1	709.000	0.294
1	710.000	0.293
1	711.000	0.292
1	712.000	0.292
1	713.000	0.291
1	714.000	0.291
1	715.000	0.290
1	716.000	0.290
1	717.000	0.289
1	718.000	0.288
1	719.000	0.288
1	720.000	0.287
1	721.000	0.287
1	722.000	0.286
1	723.000	0.286
1	724.000	0.285
1	725.000	0.284
1	726.000	0.284
1	727.000	0.283
1	728.000	0.283
1	729.000	0.282
1	730.000	0.282
1	731.000	0.281
1	732.000	0.280
1	733.000	0.280
1	734.000	0.279
1	735.000	0.279
1	736.000	0.278
1	737.000	0.278
1	738.000	0.277
1	739.000	0.277
1	740.000	0.276
1	741.000	0.275
1	742.000	0.275
1	743.000	0.274
1	744.000	0.274
1	745.000	0.273
1	746.000	0.273
1	747.000	0.272
1	748.000	0.272
1	749.000	0.271
1	750.000	0.270
1	751.000	0.270
1	752.000	0.269
1	753.000	0.269
1	754.000	0.268
1	755.000	0.268
1	756.000	0.267
1	757.000	0.267
1	758.000	0.266
1	759.000	0.266
1	760.000	0.265
1	761.000	0.265
1	762.000	0.264
1	763.000	0.264
1	764.000	0.263
1	765.000	0.262
1	766.000	0.262
1	767.000	0.261
1	768.000	0.261
1	769.000	0.260
1	770.000	0.260
1	771.000	0.259
1	772.000	0.259
1	773.000	0.258
1	774.000	0.258
1	775.000	0.257
1	776.000	0.257
1	777.000	0.256
1	778.000	0.256
1	779.000	0.255
1	780.000	0.255
1	781.000	0.254
1	782.000	0.254
1	783.000	0.253
1	784.000	0.253
1	785.000	0.252
1	786.000	0.252
1	787.000	0.251
1	788.000	0.251
1	789.000	0.250
1	790.000	0.250
1	791.000	0.249
1	792.000	0.249
1	793.000	0.248
1	794.000	0.248
1	795.000	0.247
1	796.000	0.247
1	797.000	0.246
1	798.000	0.246
1	799.000	0.245
1	800.000	0.245
1	801.000	0.244
1	802.000	0.244
1	803.000	0.243
1	804.000	0.243
1	805.000	0.242
1	806.000	0.242
1	807.000	0.241
1	808.000	0.241
1	809.000	0.240
1	810.000	0.240
1	811.000	0.239
1	812.000	0.239
1	813.000	0.238
1	814.000	0.238
1	815.000	0.238
1	816.000	0.237
1	817.000	0.237
1	818.000	0.236
1	819.000	0.236
1	820.000	0.235
1	821.000	0.235
1	822.000	0.234
1	823.000	0.234
1	824.000	0.233
1	825.000	0.233
1	826.000	0.232
1	827.000	0.232
1	828.000	0.231
1	829.000	0.231
1	830.000	0.230
1	831.000	0.230
1	832.000	0.230
1	833.000	0.229
1	834.000	0.229
1	835.000	0.228
1	836.000	0.228
1	837.000	0.227
1	838.000	0.227
1	839.000	0.226
1	840.000	0.226
1	841.000	0.225
1	842.000	0.225
1	843.000	0.225
1	844.000	0.224
1	845.000	0.224
1	846.000	0.223
1	847.000	0.223
1	848.000	0.222
1	849.000	0.222
1	850.000	0.221
1	851.000	0.221
1	852.000	0.221
1	853.000	0.220
1	854.000	0.220
1	855.000	0.219
1	856.000	0.219
1	857.000	0.218
1	858.000	0.218
1	859.000	0.218
1	860.000	0.217
1	861.000	0.217
1	862.000	0.216
1	863.000	0.216
1	864.000	0.215
1	865.000	0.215
1	866.000	0.214
1	867.000	0.214
1	868.000	0.214
1	869.000	0.213
1	870.000	0.213
1	871.000	0.212
1	872.000	0.212
1	873.000	0.212
1	874.000	0.211
1	875.000	0.211
1	876.000	0.210
1	877.000	0.210
1	878.000	0.209
1	879.000	0.209
1	880.000	0.209
1	881.000	0.208
1	882.000	0.208
1	883.000	0.207
1	884.000	0.207
1	885.000	0.206
1	886.000	0.206
1	887.000	0.206
1	888.000	0.205
1	889.000	0.205
1	890.000	0.204
1	891.000	0.204
1	892.000	0.204
1	893.000	0.203
1	894.000	0.203
1	895.000	0.202
1	896.000	0.202
1	897.000	0.202
1	898.000	0.201
1	899.000	0.201
1	900.000	0.200
1	901.000	0.200
1	902.000	0.200
1	903.000	0.199
1	904.000	0.199
1	905.000	0.198
1	906.000	0.198
1	907.000	0.198
1	908.000	0.197
1	909.000	0.197
1	910.000	0.196
1	911.000	0.196
1	912.000	0.196
1	913.000	0.195
1	914.000	0.195
1	915.000	0.194
1	916.000	0.194
1	917.000	0.194
1	918.000	0.193
1	919.000	0.193
1	920.000	0.193
1	921.000	0.192
1	922.000	0.192
1	923.000	0.191
1	924.000	0.191
1	925.000	0.191
1	926.000	0.190
1	927.000	0.190
1	928.000	0.189
1	929.000	0.189
1	930.000	0.189
1	931.000	0.188
1	932.000	0.188
1	933.000	0.188
1	934.000	0.187
1	935.000	0.187
1	936.000	0.186
1	937.000	0.186
1	938.000	0.186
1	939.000	0.185
1	940.000	0.185
1	941.000	0.185
1	942.000	0.184
1	943.000	0.184
1	944.000	0.184
1	945.000	0.183
1	946.000	0.183
1	947.000	0.182
1	948.000	0.182
1	949.000	0.182
1	950.000	0.181
1	951.000	0.181
1	952.000	0.181
1	953.000	0.180
1	954.000	0.180
1	955.000	0.180
1	956.000	0.179
1	957.000	0.179
1	958.000	0.178
1	959.000	0.178
1	960.000	0.178
1	961.000	0.177
1	962.000	0.177
1	963.000	0.177
1	964.000	0.176
1	965.000	0.176
1	966.000	0.176
1	967.000	0.175
1	968.000	0.175
1	969.000	0.175
1	970.000	0.174
1	971.000	0.174
1	972.000	0.174
1	973.000	0.173
1	974.000	0.173
1	975.000	0.172
1	976.000	0.172
1	977.000	0.172
1	978.000	0.171
1	979.000	0.171
1	980.000	0.171
1	981.000	0.170
1	982.000	0.170
1	983.000	0.170
1	984.000	0.169
1	985.000	0.169
1	986.000	0.169
1	987.000	0.168
1	988.000	0.168
1	989.000	0.168
1	990.000	0.167
1	991.000	0.167
1	992.000	0.167
1	993.000	0.166
1	994.000	0.166
1	995.000	0.166
1	996.000	0.165
1	997.000	0.165
1	998.000	0.165
1	999.000	0.164
1	1000.000	0.164
1	1001.000	0.164
1	1002.000	0.163
1	1003.000	0.163
1	1004.000	0.163
1	1005.000	0.162
1	1006.000	0.162
1	1007.000	0.162
1	1008.000	0.161
1	1009.000	0.161
1	1010.000	0.161
1	1011.000	0.160
1	1012.000	0.160
1	1013.000	0.160
1	1014.000	0.160
1	1015.000	0.159
1	1016.000	0.159
1	1017.000	0.159
1	1018.000	0.158
1	1019.000	0.158
1	1020.000	0.158
1	1021.000	0.157
1	1022.000	0.157
1	1023.000	0.157
1	1024.000	0.156
1	1025.000	0.156
1	1026.000	0.156
1	1027.000	0.155
1	1028.000	0.155
1	1029.000	0.155
1	1030.000	0.155
1	1031.000	0.154
1	1032.000	0.154
1	1033.000	0.154
1	1034.000	0.153
1	1035.000	0.153
1	1036.000	0.153
1	1037.000	0.152
1	1038.000	0.152
1	1039.000	0.152
1	1040.000	0.151
1	1041.000	0.151
1	1042.000	0.151
1	1043.000	0.151
1	1044.000	0.150
1	1045.000	0.150
1	1046.000	0.150
1	1047.000	0.149
1	1048.000	0.149
1	1049.000	0.149
1	1050.000	0.148
1	1051.000	0.148
1	1052.000	0.148
1	1053.000	0.148
1	1054.000	0.147
1	1055.000	0.147
1	1056.000	0.147
1	1057.000	0.146
1	1058.000	0.146
1	1059.000	0.146
1	1060.000	0.146
1	1061.000	0.145
1	1062.000	0.145
1	1063.000	0.145
1	1064.000	0.144
1	1065.000	0.144
1	1066.000	0.144
1	1067.000	0.143
1	1068.000	0.143
1	1069.000	0.143
1	1070.000	0.143
1	1071.000	0.142
1	1072.000	0.142
1	1073.000	0.142
1	1074.000	0.141
1	1075.000	0.141
1	1076.000	0.141
1	1077.000	0.141
1	1078.000	0.140
1	1079.000	0.140
1	1080.000	0.140
1	1081.000	0.140
1	1082.000	0.139
1	1083.000	0.139
1	1084.000	0.139
1	1085.000	0.138
1	1086.000	0.138
1	1087.000	0.138
1	1088.000	0.138
1	1089.000	0.137
1	1090.000	0.137
1	1091.000	0.137
1	1092.000	0.136
1	1093.000	0.136
1	1094.000	0.136
1	1095.000	0.136
1	1096.000	0.135
1	1097.000	0.135
1	1098.000	0.135
1	1099.000	0.135
1	1100.000	0.134
1	1101.000	0.134
1	1102.000	0.134
1	1103.000	0.134
1	1104.000	0.133
1	1105.000	0.133
1	1106.000	0.133
1	1107.000	0.132
1	1108.000	0.132
1	1109.000	0.132
1	1110.000	0.132
1	1111.000	0.131
1	1112.000	0.131
1	1113.000	0.131
1	1114.000	0.131
1	1115.000	0.130
1	1116.000	0.130
1	1117.000	0.130
1	1118.000	0.130
1	1119.000	0.129
1	1120.000	0.129
1	1121.000	0.129
1	1122.000	0.129
1	1123.000	0.128
1	1124.000	0.128
1	1125.000	0.128
1	1126.000	0.128
1	1127.000	0.127
1	1128.000	0.127
1	1129.000	0.127
1	1130.000	0.127
1	1131.000	0.126
1	1132.000	0.126
1	1133.000	0.126
1	1134.000	0.125
1	1135.000	0.125
1	1136.000	0.125
1	1137.000	0.125
1	1138.000	0.124
1	1139.000	0.124
1	1140.000	0.124
1	1141.000	0.124
1	1142.000	0.124
1	1143.000	0.123
1	1144.000	0.123
1	1145.000	0.123
1	1146.000	0.123
1	1147.000	0.122
1	1148.000	0.122
1	1149.000	0.122
1	1150.000	0.122
1	1151.000	0.121
1	1152.000	0.121
1	1153.000	0.121
1	1154.000	0.121
1	1155.000	0.120
1	1156.000	0.120
1	1157.000	0.120
1	1158.000	0.120
1	1159.000	0.119
1	1160.000	0.119
1	1161.000	0.119
1	1162.000	0.119
1	1163.000	0.118
1	1164.000	0.118
1	1165.000	0.118
1	1166.000	0.118
1	1167.000	0.117
1	1168.000	0.117
1	1169.000	0.117
1	1170.000	0.117
1	1171.000	0.117
1	1172.000	0.116
1	1173.000	0.116
1	1174.000	0.116
1	1175.000	0.116
1	1176.000	0.115
1	1177.000	0.115
1	1178.000	0.115
1	1179.000	0.115
1	1180.000	0.114
1	1181.000	0.114
1	1182.000	0.114
1	1183.000	0.114
1	1184.000	0.114
1	1185.000	0.113
1	1186.000	0.113
1	1187.000	0.113
1	1188.000	0.113
1	1189.000	0.112
1	1190.000	0.112
1	1191.000	0.112
1	1192.000	0.112
1	1193.000	0.112
1	1194.000	0.111
1	1195.000	0.111
1	1196.000	0.111
1	1197.000	0.111
1	1198.000	0.110
1	1199.000	0.110
1	1200.000	0.110
1	1201.000	0.110
1	1202.000	0.110
1	1203.000	0.109
1	1204.000	0.109
1	1205.000	0.109
1	1206.000	0.109
1	1207.000	0.108
1	1208.000	0.108
1	1209.000	0.108
1	1210.000	0.108
1	1211.000	0.108
1	1212.000	0.107
1	1213.000	0.107
1	1214.000	0.107
1	1215.000	0.107
1	1216.000	0.107
1	1217.000	0.106
1	1218.000	0.106
1	1219.000	0.106
1	1220.000	0.106
1	1221.000	0.105
1	1222.000	0.105
1	1223.000	0.105
1	1224.000	0.105
1	1225.000	0.105
1	1226.000	0.104
1	1227.000	0.104
1	1228.000	0.104
1	1229.000	0.104
1	1230.000	0.104
1	1231.000	0.103
1	1232.000	0.103
1	1233.000	0.103
1	1234.000	0.103
1	1235.000	0.103
1	1236.000	0.102
1	1237.000	0.102
1	1238.000	0.102
1	1239.000	0.102
1	1240.000	0.102
1	1241.000	0.101
1	1242.000	0.101
1	1243.000	0.101
1	1244.000	0.101
1	1245.000	0.101
1	1246.000	0.100
1	1247.000	0.100
1	1248.000	0.100
1	1249.000	0.100
1	1250.000	0.100
1	1251.000	0.099
1	1252.000	0.099
1	1253.000	0.099
1	1254.000	0.099
1	1255.000	0.099
1	1256.000	0.098
1	1257.000	0.098
1	1258.000	0.098
1	1259.000	0.098
1	1260.000	0.098
1	1261.000	0.097
1	1262.000	0.097
1	1263.000	0.097
1	1264.000	0.097
1	1265.000	0.097
1	1266.000	0.096
1	1267.000	0.096
1	1268.000	0.096
1	1269.000	0.096
1	1270.000	0.096
1	1271.000	0.095
1	1272.000	0.095
1	1273.000	0.095
1	1274.000	0.095
1	1275.000	0.095
1	1276.000	0.094
1	1277.000	0.094
1	1278.000	0.094
1	1279.000	0.094
1	1280.000	0.094
1	1281.000	0.094
1	1282.000	0.093
1	1283.000	0.093
1	1284.000	0.093
1	1285.000	0.093
1	1286.000	0.093
1	1287.000	0.092
1	1288.000	0.092
1	1289.000	0.092
1	1290.000	0.092
1	1291.000	0.092
1	1292.000	0.091
1	1293.000	0.091
1	1294.000	0.091
1	1295.000	0.091
1	1296.000	0.091
1	1297.000	0.091
1	1298.000	0.090
1	1299.000	0.090
1	1300.000	0.090
1	1301.000	0.090
1	1302.000	0.090
1	1303.000	0.090
1	1304.000	0.089
1	1305.000	0.089
1	1306.000	0.089
1	1307.000	0.089
1	1308.000	0.089
1	1309.000	0.088
1	1310.000	0.088
1	1311.000	0.088
1	1312.000	0.088
1	1313.000	0.088
1	1314.000	0.088
1	1315.000	0.087
1	1316.000	0.087
1	1317.000	0.087
1	1318.000	0.087
1	1319.000	0.087
1	1320.000	0.087
1	1321.000	0.086
1	1322.000	0.086
1	1323.000	0.086
1	1324.000	0.086
1	1325.000	0.086
1	1326.000	0.085
1	1327.000	0.085
1	1328.000	0.085
1	1329.000	0.085
1	1330.000	0.085
1	1331.000	0.085
1	1332.000	0.084
1	1333.000	0.084
1	1334.000	0.084
1	1335.000	0.084
1	1336.000	0.084
1	1337.000	0.084
1	1338.000	0.083
1	1339.000	0.083
1	1340.000	0.083
1	1341.000	0.083
1	1342.000	0.083
1	1343.000	0.083
1	1344.000	0.082
1	1345.000	0.082
1	1346.000	0.082
1	1347.000	0.082
1	1348.000	0.082
1	1349.000	0.082
1	1350.000	0.081
1	1351.000	0.081
1	1352.000	0.081
1	1353.000	0.081
1	1354.000	0.081
1	1355.000	0.081
1	1356.000	0.080
1	1357.000	0.080
1	1358.000	0.080
1	1359.000	0.080
1	1360.000	0.080
1	1361.000	0.080
1	1362.000	0.080
1	1363.000	0.079
1	1364.000	0.079
1	1365.000	0.079
1	1366.000	0.079
1	1367.000	0.079
1	1368.000	0.079
1	1369.000	0.078
1	1370.000	0.078
1	1371.000	0.078
1	1372.000	0.078
1	1373.000	0.078
1	1374.000	0.078
1	1375.000	0.077
1	1376.000	0.077
1	1377.000	0.077
1	1378.000	0.077
1	1379.000	0.077
1	1380.000	0.077
1	1381.000	0.077
1	1382.000	0.076
1	1383.000	0.076
1	1384.000	0.076
1	1385.000	0.076
1	1386.000	0.076
1	1387.000	0.076
1	1388.000	0.076
1	1389.000	0.075
1	1390.000	0.075
1	1391.000	0.075
1	1392.000	0.075
1	1393.000	0.075
1	1394.000	0.075
1	1395.000	0.074
1	1396.000	0.074
1	1397.000	0.074
1	1398.000	0.074
1	1399.000	0.074
1	1400.000	0.074
1	1401.000	0.074
1	1402.000	0.073
1	1403.000	0.073
1	1404.000	0.073
1	1405.000	0.073
1	1406.000	0.073
1	1407.000	0.073
1	1408.000	0.073
1	1409.000	0.072
1	1410.000	0.072
1	1411.000	0.072
1	1412.000	0.072
1	1413.000	0.072
1	1414.000	0.072
1	1415.000	0.072
1	1416.000	0.071
1	1417.000	0.071
1	1418.000	0.071
1	1419.000	0.071
1	1420.000	0.071
1	1421.000	0.071
1	1422.000	0.071
1	1423.000	0.070
1	1424.000	0.070
1	1425.000	0.070
1	1426.000	0.070
1	1427.000	0.070
1	1428.000	0.070
1	1429.000	0.070
1	1430.000	0.069
1	1431.000	0.069
1	1432.000	0.069
1	1433.000	0.069
1	1434.000	0.069
1	1435.000	0.069
1	1436.000	0.069
1	1437.000	0.068
1	1438.000	0.068
1	1439.000	0.068
1	1440.000	0.068
1	1441.000	0.068
1	1442.000	0.068
1	1443.000	0.068
1	1444.000	0.068
1	1445.000	0.067
1	1446.000	0.067
1	1447.000	0.067
1	1448.000	0.067
1	1449.000	0.067
1	1450.000	0.067
1	1451.000	0.067
1	1452.000	0.066
1	1453.000	0.066
1	1454.000	0.066
1	1455.000	0.066
1	1456.000	0.066
1	1457.000	0.066
1	1458.000	0.066
1	1459.000	0.066
1	1460.000	0.065
1	1461.000	0.065
1	1462.000	0.065
1	1463.000	0.065
1	1464.000	0.065
1	1465.000	0.065
1	1466.000	0.065
1	1467.000	0.064
1	1468.000	0.064
1	1469.000	0.064
1	1470.000	0.064
1	1471.000	0.064
1	1472.000	0.064
1	1473.000	0.064
1	1474.000	0.064
1	1475.000	0.063
1	1476.000	0.063
1	1477.000	0.063
1	1478.000	0.063
1	1479.000	0.063
1	1480.000	0.063
1	1481.000	0.063
1	1482.000	0.063
1	1483.000	0.062
1	1484.000	0.062
1	1485.000	0.062
1	1486.000	0.062
1	1487.000	0.062
1	1488.000	0.062
1	1489.000	0.062
1	1490.000	0.062
1	1491.000	0.061
1	1492.000	0.061
1	1493.000	0.061
1	1494.000	0.061
1	1495.000	0.061
1	1496.000	0.061
1	1497.000	0.061
1	1498.000	0.061
1	1499.000	0.060
1	1500.000	0.060
1	1501.000	0.060
1	1502.000	0.060
1	1503.000	0.060
1	1504.000	0.060
1	1505.000	0.060
1	1506.000	0.060
1	1507.000	0.060
1	1508.000	0.059
1	1509.000	0.059
1	1510.000	0.059
1	1511.000	0.059
1	1512.000	0.059
1	1513.000	0.059
1	1514.000	0.059
1	1515.000	0.059
1	1516.000	0.058
1	1517.000	0.058
1	1518.000	0.058
1	1519.000	0.058
1	1520.000	0.058
1	1521.000	0.058
1	1522.000	0.058
1	1523.000	0.058
1	1524.000	0.058
1	1525.000	0.057
1	1526.000	0.057
1	1527.000	0.057
1	1528.000	0.057
1	1529.000	0.057
1	1530.000	0.057
1	1531.000	0.057
1	1532.000	0.057
1	1533.000	0.057
1	1534.000	0.056
1	1535.000	0.056
1	1536.000	0.056
1	1537.000	0.056
1	1538.000	0.056
1	1539.000	0.056
1	1540.000	0.056
1	1541.000	0.056
1	1542.000	0.055
1	1543.000	0.055
1	1544.000	0.055
1	1545.000	0.055
1	1546.000	0.055
1	1547.000	0.055
1	1548.000	0.055
1	1549.000	0.055
1	1550.000	0.055
1	1551.000	0.055
1	1552.000	0.054
1	1553.000	0.054
1	1554.000	0.054
1	1555.000	0.054
1	1556.000	0.054
1	1557.000	0.054
1	1558.000	0.054
1	1559.000	0.054
1	1560.000	0.054
1	1561.000	0.053
1	1562.000	0.053
1	1563.000	0.053
1	1564.000	0.053
1	1565.000	0.053
1	1566.000	0.053
1	1567.000	0.053
1	1568.000	0.053
1	1569.000	0.053
1	1570.000	0.052
1	1571.000	0.052
1	1572.000	0.052
1	1573.000	0.052
1	1574.000	0.052
1	1575.000	0.052
1	1576.000	0.052
1	1577.000	0.052
1	1578.000	0.052
1	1579.000	0.052
1	1580.000	0.051
1	1581.000	0.051
1	1582.000	0.051
1	1583.000	0.051
1	1584.000	0.051
1	1585.000	0.051
1	1586.000	0.051
1	1587.000	0.051
1	1588.000	0.051
1	1589.000	0.051
1	1590.000	0.050
1	1591.000	0.050
1	1592.000	0.050
1	1593.000	0.050
1	1594.000	0.050
1	1595.000	0.050
1	1596.000	0.050
1	1597.000	0.050
1	1598.000	0.050
1	1599.000	0.050
1	1600.000	0.049
1	1601.000	0.049
1	1602.000	0.049
1	1603.000	0.049
1	1604.000	0.049
1	1605.000	0.049
1	1606.000	0.049
1	1607.000	0.049
1	1608.000	0.049
1	1609.000	0.049
1	1610.000	0.048
1	1611.000	0.048
1	1612.000	0.048
1	1613.000	0.048
1	1614.000	0.048
1	1615.000	0.048
1	1616.000	0.048
1	1617.000	0.048
1	1618.000	0.048
1	1619.000	0.048
1	1620.000	0.047
1	1621.000	0.047
1	1622.000	0.047
1	1623.000	0.047
1	1624.000	0.047
1	1625.000	0.047
1	1626.000	0.047
1	1627.000	0.047
1	1628.000	0.047
1	1629.000	0.047
1	1630.000	0.047
1	1631.000	0.046
1	1632.000	0.046
1	1633.000	0.046
1	1634.000	0.046
1	1635.000	0.046
1	1636.000	0.046
1	1637.000	0.046
1	1638.000	0.046
1	1639.000	0.046
1	1640.000	0.046
1	1641.000	0.046
1	1642.000	0.045
1	1643.000	0.045
1	1644.000	0.045
1	1645.000	0.045
1	1646.000	0.045
1	1647.000	0.045
1	1648.000	0.045
1	1649.000	0.045
1	1650.000	0.045
1	1651.000	0.045
1	1652.000	0.045
1	1653.000	0.044
1	1654.000	0.044
1	1655.000	0.044
1	1656.000	0.044
1	1657.000	0.044
1	1658.000	0.044
1	1659.000	0.044
1	1660.000	0.044
1	1661.000	0.044
1	1662.000	0.044
1	1663.000	0.044
1	1664.000	0.043
1	1665.000	0.043
1	1666.000	0.043
1	1667.000	0.043
1	1668.000	0.043
1	1669.000	0.043
1	1670.000	0.043
1	1671.000	0.043
1	1672.000	0.043
1	1673.000	0.043
1	1674.000	0.043
1	1675.000	0.043
1	1676.000	0.042
1	1677.000	0.042
1	1678.000	0.042
1	1679.000	0.042
1	1680.000	0.042
1	1681.000	0.042
1	1682.000	0.042
1	1683.000	0.042
1	1684.000	0.042
1	1685.000	0.042
1	1686.000	0.042
1	1687.000	0.042
1	1688.000	0.041
1	1689.000	0.041
1	1690.000	0.041
1	1691.000	0.041
1	1692.000	0.041
1	1693.000	0.041
1	1694.000	0.041
1	1695.000	0.041
1	1696.000	0.041
1	1697.000	0.041
1	1698.000	0.041
1	1699.000	0.041
1	1700.000	0.040
1	1701.000	0.040
1	1702.000	0.040
1	1703.000	0.040
1	1704.000	0.040
1	1705.000	0.040
1	1706.000	0.040
1	1707.000	0.040
1	1708.000	0.040
1	1709.000	0.040
1	1710.000	0.040
1	1711.000	0.040
1	1712.000	0.039
1	1713.000	0.039
1	1714.000	0.039
1	1715.000	0.039
1	1716.000	0.039
1	1717.000	0.039
1	1718.000	0.039
1	1719.000	0.039
1	1720.000	0.039
1	1721.000	0.039
1	1722.000	0.039
1	1723.000	0.039
1	1724.000	0.039
1	1725.000	0.038
1	1726.000	0.038
1	1727.000	0.038
1	1728.000	0.038
1	1729.000	0.038
1	1730.000	0.038
1	1731.000	0.038
1	1732.000	0.038
1	1733.000	0.038
1	1734.000	0.038
1	1735.000	0.038
1	1736.000	0.038
1	1737.000	0.038
1	1738.000	0.037
1	1739.000	0.037
1	1740.000	0.037
1	1741.000	0.037
1	1742.000	0.037
1	1743.000	0.037
1	1744.000	0.037
1	1745.000	0.037
1	1746.000	0.037
1	1747.000	0.037
1	1748.000	0.037
1	1749.000	0.037
1	1750.000	0.037
1	1751.000	0.037
1	1752.000	0.036
1	1753.000	0.036
1	1754.000	0.036
1	1755.000	0.036
1	1756.000	0.036
1	1757.000	0.036
1	1758.000	0.036
1	1759.000	0.036
1	1760.000	0.036
1	1761.000	0.036
1	1762.000	0.036
1	1763.000	0.036
1	1764.000	0.036
1	1765.000	0.036
1	1766.000	0.035
1	1767.000	0.035
1	1768.000	0.035
1	1769.000	0.035
1	1770.000	0.035
1	1771.000	0.035
1	1772.000	0.035
1	1773.000	0.035
1	1774.000	0.035
1	1775.000	0.035
1	1776.000	0.035
1	1777.000	0.035
1	1778.000	0.035
1	1779.000	0.035
1	1780.000	0.034
1	1781.000	0.034
1	1782.000	0.034
1	1783.000	0.034
1	1784.000	0.034
1	1785.000	0.034
1	1786.000	0.034
1	1787.000	0.034
1	1788.000	0.034
1	1789.000	0.034
1	1790.000	0.034
1	1791.000	0.034
1	1792.000	0.034
1	1793.000	0.034
1	1794.000	0.034
1	1795.000	0.033
1	1796.000	0.033
1	1797.000	0.033
1	1798.000	0.033
1	1799.000	0.033
1	1800.000	0.033
1	1801.000	0.033
1	1802.000	0.033
1	1803.000	0.033
1	1804.000	0.033
1	1805.000	0.033
1	1806.000	0.033
1	1807.000	0.033
1	1808.000	0.033
1	1809.000	0.033
1	1810.000	0.032
1	1811.000	0.032
1	1812.000	0.032
1	1813.000	0.032
1	1814.000	0.032
1	1815.000	0.032
1	1816.000	0.032
1	1817.000	0.032
1	1818.000	0.032
1	1819.000	0.032
1	1820.000	0.032
1	1821.000	0.032
1	1822.000	0.032
1	1823.000	0.032
1	1824.000	0.032
1	1825.000	0.032
1	1826.000	0.031
1	1827.000	0.031
1	1828.000	0.031
1	1829.000	0.031
1	1830.000	0.031
1	1831.000	0.031
1	1832.000	0.031
1	1833.000	0.031
1	1834.000	0.031
1	1835.000	0.031
1	1836.000	0.031
1	1837.000	0.031
1	1838.000	0.031
1	1839.000	0.031
1	1840.000	0.031
1	1841.000	0.031
1	1842.000	0.030
1	1843.000	0.030
1	1844.000	0.030
1	1845.000	0.030
1	1846.000	0.030
1	1847.000	0.030
1	1848.000	0.030
1	1849.000	0.030
1	1850.000	0.030
1	1851.000	0.030
1	1852.000	0.030
1	1853.000	0.030
1	1854.000	0.030
1	1855.000	0.030
1	1856.000	0.030
1	1857.000	0.030
1	1858.000	0.029
1	1859.000	0.029
1	1860.000	0.029
1	1861.000	0.029
1	1862.000	0.029
1	1863.000	0.029
1	1864.000	0.029
1	1865.000	0.029
1	1866.000	0.029
1	1867.000	0.029
1	1868.000	0.029
1	1869.000	0.029
1	1870.000	0.029
1	1871.000	0.029
1	1872.000	0.029
1	1873.000	0.029
1	1874.000	0.029
1	1875.000	0.029
1	1876.000	0.028
1	1877.000	0.028
1	1878.000	0.028
1	1879.000	0.028
1	1880.000	0.028
1	1881.000	0.028
1	1882.000	0.028
1	1883.000	0.028
1	1884.000	0.028
1	1885.000	0.028
1	1886.000	0.028
1	1887.000	0.028
1	1888.000	0.028
1	1889.000	0.028
1	1890.000	0.028
1	1891.000	0.028
1	1892.000	0.028
1	1893.000	0.028
1	1894.000	0.027
1	1895.000	0.027
1	1896.000	0.027
1	1897.000	0.027
1	1898.000	0.027
1	1899.000	0.027
1	1900.000	0.027
1	1901.000	0.027
1	1902.000	0.027
1	1903.000	0.027
1	1904.000	0.027
1	1905.000	0.027
1	1906.000	0.027
1	1907.000	0.027
1	1908.000	0.027
1	1909.000	0.027
1	1910.000	0.027
1	1911.000	0.027
1	1912.000	0.026
1	1913.000	0.026
1	1914.000	0.026
1	1915.000	0.026
1	1916.000	0.026
1	1917.000	0.026
1	1918.000	0.026
1	1919.000	0.026
1	1920.000	0.026
1	1921.000	0.026
1	1922.000	0.026
1	1923.000	0.026
1	1924.000	0.026
1	1925.000	0.026
1	1926.000	0.026
1	1927.000	0.026
1	1928.000	0.026
1	1929.000	0.026
1	1930.000	0.026
1	1931.000	0.025
1	1932.000	0.025
1	1933.000	0.025
1	1934.000	0.025
1	1935.000	0.025
1	1936.000	0.025
1	1937.000	0.025
1	1938.000	0.025
1	1939.000	0.025
1	1940.000	0.025
1	1941.000	0.025
1	1942.000	0.025
1	1943.000	0.025
1	1944.000	0.025
1	1945.000	0.025
1	1946.000	0.025
1	1947.000	0.025
1	1948.000	0.025
1	1949.000	0.025
1	1950.000	0.025
1	1951.000	0.024
1	1952.000	0.024
1	1953.000	0.024
1	1954.000	0.024
1	1955.000	0.024
1	1956.000	0.024
1	1957.000	0.024
1	1958.000	0.024
1	1959.000	0.024
1	1960.000	0.024
1	1961.000	0.024
1	1962.000	0.024
1	1963.000	0.024
1	1964.000	0.024
1	1965.000	0.024
1	1966.000	0.024
1	1967.000	0.024
1	1968.000	0.024
1	1969.000	0.024
1	1970.000	0.024
1	1971.000	0.024
1	1972.000	0.023
1	1973.000	0.023
1	1974.000	0.023
1	1975.000	0.023
1	1976.000	0.023
1	1977.000	0.023
1	1978.000	0.023
1	1979.000	0.023
1	1980.000	0.023
1	1981.000	0.023
1	1982.000	0.023
1	1983.000	0.023
1	1984.000	0.023
1	1985.000	0.023
1	1986.000	0.023
1	1987.000	0.023
1	1988.000	0.023
1	1989.000	0.023
1	1990.000	0.023
1	1991.000	0.023
1	1992.000	0.023
1	1993.000	0.023
1	1994.000	0.022
1	1995.000	0.022
1	1996.000	0.022
1	1997.000	0.022
1	1998.000	0.022
1	1999.000	0.022
1	2000.000	0.022
