# NEST version: UNKNOWN
# RecordingBackendASCII version: 2
sender	time_ms	V_m
3	1.000	-53.786
3	2.000	-54.370
3	3.000	-54.928
3	4.000	-55.461
3	5.000	-55.970
3	6.000	-56.455
3	7.000	-56.918
3	8.000	-57.358
3	9.000	-57.777
3	10.000	-58.176
3	11.000	-58.444
3	12.000	-58.572
3	13.000	-58.737
3	14.000	-58.928
3	15.000	-59.139
3	16.000	-59.363
3	17.000	-59.595
3	18.000	-59.832
3	19.000	-60.070
3	20.000	-60.308
3	21.000	-60.542
3	22.000	-60.772
3	23.000	-60.967
3	24.000	-60.924
3	25.000	-60.934
3	26.000	-60.622
3	27.000	-60.257
3	28.000	-60.024
3	29.000	-59.897
3	30.000	-59.851
3	31.000	-59.869
3	32.000	-59.936
3	33.000	-60.041
3	34.000	-60.174
3	35.000	-60.328
3	36.000	-60.497
3	37.000	-60.676
3	38.000	-60.861
3	39.000	-61.050
3	40.000	-61.240
3	41.000	-61.428
3	42.000	-61.614
3	43.000	-61.680
3	44.000	-61.612
3	45.000	-61.481
3	46.000	-61.264
3	47.000	-61.136
3	48.000	-61.079
3	49.000	-61.077
3	50.000	-61.117
3	51.000	-61.191
3	52.000	-61.289
3	53.000	-61.405
3	54.000	-61.535
3	55.000	-61.306
3	56.000	-60.996
3	57.000	-60.798
3	58.000	-60.353
3	59.000	-59.863
3	60.000	-59.347
3	61.000	-58.936
3	62.000	-58.680
3	63.000	-58.545
3	64.000	-58.505
3	65.000	-58.538
3	66.000	-58.628
3	67.000	-58.760
3	68.000	-58.737
3	69.000	-58.711
3	70.000	-58.752
3	71.000	-58.847
3	72.000	-58.981
3	73.000	-59.146
3	74.000	-59.333
3	75.000	-59.534
3	76.000	-59.689
3	77.000	-59.599
3	78.000	-59.240
3	79.000	-58.899
3	80.000	-58.697
3	81.000	-58.603
3	82.000	-58.536
3	83.000	-58.347
3	84.000	-58.105
3	85.000	-57.890
3	86.000	-57.585
3	87.000	-57.376
3	88.000	-57.288
3	89.000	-57.295
3	90.000	-57.374
3	91.000	-57.508
3	92.000	-57.686
3	93.000	-57.894
3	94.000	-57.989
3	95.000	-58.011
3	96.000	-58.096
3	97.000	-57.996
3	98.000	-57.963
3	99.000	-58.007
3	100.000	-57.668
3	101.000	-57.408
3	102.000	-57.280
3	103.000	-57.256
3	104.000	-57.311
3	105.000	-57.268
3	106.000	-57.215
3	107.000	-57.249
3	108.000	-57.350
3	109.000	-57.501
3	110.000	-57.581
3	111.000	-57.570
3	112.000	-57.633
3	113.000	-57.752
3	114.000	-57.915
3	115.000	-58.110
3	116.000	-58.328
3	117.000	-58.425
3	118.000	-58.209
3	119.000	-58.085
3	120.000	-58.056
3	121.000	-58.101
3	122.000	-58.118
3	123.000	-58.025
3	124.000	-58.021
3	125.000	-58.028
3	126.000	-57.902
3	127.000	-57.762
3	128.000	-57.579
3	129.000	-57.508
3	130.000	-57.525
3	131.000	-57.526
3	132.000	-57.428
3	133.000	-57.290
3	134.000	-57.138
3	135.000	-57.095
3	136.000	-57.137
3	137.000	-57.244
3	138.000	-57.401
3	139.000	-57.460
3	140.000	-57.229
3	141.000	-56.919
3	142.000	-56.461
3	143.000	-56.166
3	144.000	-56.022
3	145.000	-55.835
3	146.000	-55.444
3	147.000	-55.231
3	148.000	-55.157
3	149.000	-55.191
3	150.000	-55.308
3	151.000	-55.488
3	152.000	-55.717
3	153.000	-55.981
3	154.000	-56.270
3	155.000	-56.578
3	156.000	-56.896
3	157.000	-57.220
3	158.000	-57.386
3	159.000	-57.494
3	160.000	-57.395
3	161.000	-57.391
3	162.000	-57.459
3	163.000	-57.583
3	164.000	-57.750
3	165.000	-57.948
3	166.000	-58.086
3	167.000	-58.086
3	168.000	-58.016
3	169.000	-57.908
3	170.000	-57.863
3	171.000	-57.670
3	172.000	-57.337
3	173.000	-57.152
3	174.000	-57.083
3	175.000	-57.104
3	176.000	-57.139
3	177.000	-57.043
3	178.000	-57.044
3	179.000	-57.119
3	180.000	-57.251
3	181.000	-57.426
3	182.000	-57.634
3	183.000	-57.865
3	184.000	-58.112
3	185.000	-58.341
3	186.000	-58.324
3	187.000	-58.147
3	188.000	-58.075
3	189.000	-58.084
3	190.000	-58.157
3	191.000	-58.278
3	192.000	-58.436
3	193.000	-58.621
3	194.000	-58.590
3	195.000	-58.604
3	196.000	-58.676
3	197.000	-58.791
3	198.000	-58.940
3	199.000	-59.114
3	200.000	-59.305
3	201.000	-59.509
3	202.000	-59.720
3	203.000	-59.935
3	204.000	-60.152
3	205.000	-60.226
3	206.000	-60.206
3	207.000	-60.236
3	208.000	-60.307
3	209.000	-60.239
3	210.000	-60.135
3	211.000	-60.101
3	212.000	-60.123
3	213.000	-60.186
3	214.000	-60.283
3	215.000	-60.403
3	216.000	-60.542
3	217.000	-60.693
3	218.000	-60.853
3	219.000	-61.018
3	220.000	-61.186
3	221.000	-61.354
3	222.000	-61.491
3	223.000	-61.248
3	224.000	-60.971
3	225.000	-60.796
3	226.000	-60.701
3	227.000	-60.670
3	228.000	-60.688
3	229.000	-60.744
3	230.000	-60.829
3	231.000	-60.936
3	232.000	-61.059
3	233.000	-61.193
3	234.000	-61.139
3	235.000	-61.061
3	236.000	-60.818
3	237.000	-60.623
3	238.000	-60.515
3	239.000	-60.474
3	240.000	-60.344
3	241.000	-60.164
3	242.000	-60.071
3	243.000	-59.932
3	244.000	-59.453
3	245.000	-58.883
3	246.000	-58.502
3	247.000	-58.036
3	248.000	-57.719
3	249.000	-57.542
3	250.000	-57.474
3	251.000	-57.491
3	252.000	-57.574
3	253.000	-57.206
3	254.000	-56.488
3	255.000	-56.016
3	256.000	-55.735
3	257.000	-55.602
3	258.000	-55.504
3	259.000	-55.351
3	260.000	-55.319
3	261.000	-55.382
3	262.000	-55.195
3	263.000	-54.975
3	264.000	-54.896
3	265.000	-54.925
3	266.000	-54.711
3	267.000	-54.069
3	268.000	-53.609
3	269.000	-53.354
3	270.000	-53.260
3	271.000	-53.290
3	272.000	-53.417
3	273.000	-53.618
3	274.000	-53.775
3	275.000	-53.834
3	276.000	-53.691
3	277.000	-53.521
3	278.000	-53.316
3	279.000	-52.913
3	280.000	-52.525
3	281.000	-52.332
3	282.000	-52.292
3	283.000	-52.202
3	284.000	-52.179
3	285.000	-52.273
3	286.000	-52.456
3	287.000	-52.562
3	288.000	-52.667
3	289.000	-52.588
3	290.000	-52.437
3	291.000	-52.306
3	292.000	-52.205
3	293.000	-51.829
3	294.000	-51.014
3	295.000	-50.390
3	296.000	-49.990
3	297.000	-49.589
3	298.000	-49.384
3	299.000	-49.311
3	300.000	-49.171
3	301.000	-49.176
3	302.000	-49.299
3	303.000	-49.521
3	304.000	-49.824
3	305.000	-50.192
3	306.000	-50.611
3	307.000	-51.066
3	308.000	-51.547
3	309.000	-52.044
3	310.000	-52.425
3	311.000	-52.725
3	312.000	-52.775
3	313.000	-52.745
3	314.000	-52.828
3	315.000	-53.000
3	316.000	-53.239
3	317.000	-53.255
3	318.000	-53.173
3	319.000	-52.979
3	320.000	-52.932
3	321.000	-53.002
3	322.000	-52.990
3	323.000	-53.022
3	324.000	-53.151
3	325.000	-53.356
3	326.000	-53.493
3	327.000	-53.589
3	328.000	-53.765
3	329.000	-54.002
3	330.000	-54.283
3	331.000	-54.598
3	332.000	-54.761
3	333.000	-54.912
3	334.000	-55.120
3	335.000	-55.370
3	336.000	-55.406
3	337.000	-55.520
3	338.000	-55.694
3	339.000	-55.912
3	340.000	-56.164
3	341.000	-56.439
3	342.000	-56.675
3	343.000	-56.739
3	344.000	-56.863
3	345.000	-57.005
3	346.000	-56.964
3	347.000	-57.005
3	348.000	-56.880
3	349.000	-56.835
3	350.000	-56.873
3	351.000	-56.976
3	352.000	-57.128
3	353.000	-57.111
3	354.000	-57.124
3	355.000	-57.205
3	356.000	-57.131
3	357.000	-57.100
3	358.000	-57.147
3	359.000	-57.254
3	360.000	-57.379
3	361.000	-57.320
3	362.000	-57.344
3	363.000	-57.432
3	364.000	-57.337
3	365.000	-57.311
3	366.000	-57.360
3	367.000	-57.467
3	368.000	-57.483
3	369.000	-57.445
3	370.000	-57.299
3	371.000	-56.981
3	372.000	-56.707
3	373.000	-56.293
3	374.000	-55.642
3	375.000	-55.226
3	376.000	-54.992
3	377.000	-54.900
3	378.000	-54.838
3	379.000	-54.718
3	380.000	-54.716
3	381.000	-54.805
3	382.000	-54.526
3	383.000	-54.256
3	384.000	-53.829
3	385.000	-53.051
3	386.000	-52.169
3	387.000	-51.535
3	388.000	-51.153
3	389.000	-50.943
3	390.000	-50.260
3	391.000	-49.766
3	392.000	-49.312
3	393.000	-49.058
3	394.000	-48.967
3	395.000	-49.008
3	396.000	-49.136
3	397.000	-49.161
3	398.000	-49.300
3	399.000	-49.126
3	400.000	-49.060
3	401.000	-49.028
3	402.000	-48.807
3	403.000	-48.697
3	404.000	-48.721
3	405.000	-48.858
3	406.000	-49.090
3	407.000	-49.403
3	408.000	-49.556
3	409.000	-49.800
3	410.000	-50.070
3	411.000	-50.231
3	412.000	-50.479
3	413.000	-50.796
3	414.000	-51.166
3	415.000	-51.410
3	416.000	-51.654
3	417.000	-51.606
3	418.000	-51.575
3	419.000	-51.612
3	420.000	-51.576
3	421.000	-51.538
3	422.000	-51.513
3	423.000	-51.377
3	424.000	-51.384
3	425.000	-51.478
3	426.000	-51.462
3	427.000	-51.562
3	428.000	-51.754
3	429.000	-52.017
3	430.000	-52.334
3	431.000	-52.692
3	432.000	-53.079
3	433.000	-53.486
3	434.000	-53.905
3	435.000	-54.330
3	436.000	-54.756
3	437.000	-54.958
3	438.000	-55.181
3	439.000	-55.442
3	440.000	-55.702
3	441.000	-55.768
3	442.000	-55.819
3	443.000	-55.530
3	444.000	-55.390
3	445.000	-55.367
3	446.000	-55.433
3	447.000	-55.569
3	448.000	-55.758
3	449.000	-55.987
3	450.000	-56.245
3	451.000	-56.523
3	452.000	-56.814
3	453.000	-56.955
3	454.000	-57.044
3	455.000	-57.000
3	456.000	-56.968
3	457.000	-56.786
3	458.000	-56.563
3	459.000	-56.124
3	460.000	-55.842
3	461.000	-55.704
3	462.000	-55.680
3	463.000	-55.638
3	464.000	-55.417
3	465.000	-55.217
3	466.000	-55.148
3	467.000	-54.923
3	468.000	-54.392
3	469.000	-54.054
3	470.000	-53.651
3	471.000	-53.437
3	472.000	-53.372
3	473.000	-53.421
3	474.000	-53.559
3	475.000	-53.326
3	476.000	-52.978
3	477.000	-52.811
3	478.000	-52.786
3	479.000	-52.770
3	480.000	-52.728
3	481.000	-52.699
3	482.000	-52.417
3	483.000	-52.305
3	484.000	-52.325
3	485.000	-52.348
3	486.000	-52.341
3	487.000	-52.443
3	488.000	-52.629
3	489.000	-52.881
3	490.000	-53.057
3	491.000	-53.111
3	492.000	-52.904
3	493.000	-52.805
3	494.000	-52.831
3	495.000	-52.956
3	496.000	-52.965
3	497.000	-53.032
3	498.000	-52.953
3	499.000	-52.994
3	500.000	-53.129
3	501.000	-53.336
3	502.000	-53.521
3	503.000	-53.605
3	504.000	-53.769
3	505.000	-53.994
3	506.000	-54.068
3	507.000	-54.151
3	508.000	-54.098
3	509.000	-54.150
3	510.000	-54.285
3	511.000	-54.484
3	512.000	-54.729
3	513.000	-55.010
3	514.000	-55.316
3	515.000	-55.640
3	516.000	-55.974
3	517.000	-56.076
3	518.000	-55.797
3	519.000	-55.594
3	520.000	-55.520
3	521.000	-55.546
3	522.000	-55.181
3	523.000	-54.964
3	524.000	-54.830
3	525.000	-54.499
3	526.000	-54.222
3	527.000	-54.101
3	528.000	-54.101
3	529.000	-54.195
3	530.000	-54.362
3	531.000	-54.584
3	532.000	-54.848
3	533.000	-54.899
3	534.000	-55.027
3	535.000	-55.213
3	536.000	-55.443
3	537.000	-55.706
3	538.000	-55.991
3	539.000	-56.293
3	540.000	-56.604
3	541.000	-56.919
3	542.000	-57.236
3	543.000	-57.551
3	544.000	-57.862
3	545.000	-57.947
3	546.000	-57.784
3	547.000	-57.467
3	548.000	-57.288
3	549.000	-57.218
3	550.000	-57.232
3	551.000	-57.311
3	552.000	-57.255
3	553.000	-57.212
3	554.000	-57.246
3	555.000	-57.340
3	556.000	-57.481
3	557.000	-57.656
3	558.000	-57.647
3	559.000	-57.660
3	560.000	-57.733
3	561.000	-57.854
3	562.000	-58.011
3	563.000	-58.194
3	564.000	-58.396
3	565.000	-58.611
3	566.000	-58.835
3	567.000	-59.063
3	568.000	-59.292
3	569.000	-59.521
3	570.000	-59.748
3	571.000	-59.970
3	572.000	-60.187
3	573.000	-60.181
3	574.000	-60.170
3	575.000	-60.204
3	576.000	-60.273
3	577.000	-60.149
3	578.000	-60.048
3	579.000	-60.014
3	580.000	-60.030
3	581.000	-60.087
3	582.000	-60.174
3	583.000	-60.283
3	584.000	-60.410
3	585.000	-60.549
3	586.000	-60.666
3	587.000	-60.389
3	588.000	-59.852
3	589.000	-59.484
3	590.000	-59.109
3	591.000	-58.749
3	592.000	-58.339
3	593.000	-58.011
3	594.000	-57.819
3	595.000	-57.733
3	596.000	-57.730
3	597.000	-57.791
3	598.000	-57.901
3	599.000	-58.048
3	600.000	-58.224
3	601.000	-58.208
3	602.000	-58.209
3	603.000	-58.270
3	604.000	-58.375
3	605.000	-58.514
3	606.000	-58.492
3	607.000	-58.226
3	608.000	-58.057
3	609.000	-57.987
3	610.000	-57.993
3	611.000	-57.827
3	612.000	-57.529
3	613.000	-57.319
3	614.000	-57.224
3	615.000	-57.011
3	616.000	-56.870
3	617.000	-56.832
3	618.000	-56.766
3	619.000	-56.644
3	620.000	-56.621
3	621.000	-56.473
3	622.000	-56.387
3	623.000	-56.395
3	624.000	-56.319
3	625.000	-56.243
3	626.000	-56.014
3	627.000	-55.668
3	628.000	-55.482
3	629.000	-55.162
3	630.000	-54.772
3	631.000	-54.559
3	632.000	-54.327
3	633.000	-53.918
3	634.000	-53.696
3	635.000	-53.329
3	636.000	-52.964
3	637.000	-52.784
3	638.000	-52.746
3	639.000	-52.820
3	640.000	-52.980
3	641.000	-52.782
3	642.000	-52.688
3	643.000	-52.718
3	644.000	-52.846
3	645.000	-52.996
3	646.000	-53.032
3	647.000	-53.162
3	648.000	-53.364
3	649.000	-53.620
3	650.000	-53.918
3	651.000	-54.027
3	652.000	-54.185
3	653.000	-54.401
3	654.000	-54.660
3	655.000	-54.709
3	656.000	-54.835
3	657.000	-54.968
3	658.000	-54.967
3	659.000	-55.054
3	660.000	-55.101
3	661.000	-54.932
3	662.000	-54.798
3	663.000	-54.782
3	664.000	-54.804
3	665.000	-54.720
3	666.000	-54.743
3	667.000	-54.607
3	668.000	-54.592
3	669.000	-54.669
3	670.000	-54.817
3	671.000	-54.966
3	672.000	-54.980
3	673.000	-55.076
3	674.000	-55.236
3	675.000	-55.444
3	676.000	-55.689
3	677.000	-55.960
3	678.000	-56.248
3	679.000	-56.549
3	680.000	-56.856
3	681.000	-57.057
3	682.000	-57.138
3	683.000	-57.086
3	684.000	-57.045
3	685.000	-57.082
3	686.000	-57.179
3	687.000	-57.239
3	688.000	-57.183
3	689.000	-57.207
3	690.000	-57.292
3	691.000	-57.425
3	692.000	-57.485
3	693.000	-57.451
3	694.000	-57.490
3	695.000	-57.585
3	696.000	-57.640
3	697.000	-57.575
3	698.000	-57.588
3	699.000	-57.662
3	700.000	-57.575
3	701.000	-57.525
3	702.000	-57.367
3	703.000	-57.242
3	704.000	-57.211
3	705.000	-57.255
3	706.000	-57.355
3	707.000	-57.292
3	708.000	-57.263
3	709.000	-57.252
3	710.000	-57.113
3	711.000	-57.074
3	712.000	-57.112
3	713.000	-57.209
3	714.000	-57.168
3	715.000	-57.026
3	716.000	-56.787
3	717.000	-56.478
3	718.000	-56.101
3	719.000	-55.605
3	720.000	-55.304
3	721.000	-55.155
3	722.000	-55.124
3	723.000	-55.008
3	724.000	-54.937
3	725.000	-54.643
3	726.000	-54.347
3	727.000	-53.818
3	728.000	-53.420
3	729.000	-53.209
3	730.000	-53.145
3	731.000	-53.195
3	732.000	-53.333
3	733.000	-53.540
3	734.000	-53.798
3	735.000	-54.095
3	736.000	-54.367
3	737.000	-54.264
3	738.000	-54.080
3	739.000	-53.965
3	740.000	-53.969
3	741.000	-54.067
3	742.000	-54.235
3	743.000	-54.458
3	744.000	-54.643
3	745.000	-54.712
3	746.000	-54.656
3	747.000	-54.657
3	748.000	-54.746
3	749.000	-54.903
3	750.000	-55.032
3	751.000	-55.053
3	752.000	-55.155
3	753.000	-55.075
3	754.000	-55.098
3	755.000	-55.095
3	756.000	-55.039
3	757.000	-55.081
3	758.000	-55.198
3	759.000	-55.373
3	760.000	-55.591
3	761.000	-55.841
3	762.000	-56.115
3	763.000	-56.404
3	764.000	-56.703
3	765.000	-56.898
3	766.000	-56.748
3	767.000	-56.681
3	768.000	-56.700
3	769.000	-56.786
3	770.000	-56.922
3	771.000	-57.098
3	772.000	-57.302
3	773.000	-57.527
3	774.000	-57.766
3	775.000	-58.014
3	776.000	-58.210
3	777.000	-58.220
3	778.000	-58.124
3	779.000	-58.014
3	780.000	-57.988
3	781.000	-58.028
3	782.000	-58.119
3	783.000	-58.248
3	784.000	-58.377
3	785.000	-58.306
3	786.000	-58.307
3	787.000	-58.366
3	788.000	-58.015
3	789.000	-57.406
3	790.000	-56.630
3	791.000	-56.062
3	792.000	-55.701
3	793.000	-55.503
3	794.000	-55.430
3	795.000	-55.455
3	796.000	-55.556
3	797.000	-55.715
3	798.000	-55.918
3	799.000	-56.153
3	800.000	-56.412
3	801.000	-56.687
3	802.000	-56.972
3	803.000	-57.180
3	804.000	-57.239
3	805.000	-57.351
3	806.000	-57.503
3	807.000	-57.454
3	808.000	-57.458
3	809.000	-57.526
3	810.000	-57.642
3	811.000	-57.795
3	812.000	-57.975
3	813.000	-58.175
3	814.000	-58.389
3	815.000	-58.612
3	816.000	-58.840
3	817.000	-59.069
3	818.000	-59.241
3	819.000	-59.219
3	820.000	-59.252
3	821.000	-59.325
3	822.000	-59.431
3	823.000	-59.560
3	824.000	-59.706
3	825.000	-59.865
3	826.000	-60.032
3	827.000	-59.962
3	828.000	-59.761
3	829.000	-59.552
3	830.000	-59.436
3	831.000	-59.393
3	832.000	-59.408
3	833.000	-59.466
3	834.000	-59.559
3	835.000	-59.676
3	836.000	-59.783
3	837.000	-59.676
3	838.000	-59.638
3	839.000	-59.654
3	840.000	-59.711
3	841.000	-59.714
3	842.000	-59.345
3	843.000	-59.085
3	844.000	-58.933
3	845.000	-58.868
3	846.000	-58.869
3	847.000	-58.921
3	848.000	-59.014
3	849.000	-59.024
3	850.000	-58.746
3	851.000	-58.513
3	852.000	-58.388
3	853.000	-58.347
3	854.000	-58.372
3	855.000	-58.419
3	856.000	-58.282
3	857.000	-58.234
3	858.000	-58.253
3	859.000	-58.164
3	860.000	-57.947
3	861.000	-57.695
3	862.000	-57.562
3	863.000	-57.494
3	864.000	-57.280
3	865.000	-57.180
3	866.000	-57.170
3	867.000	-57.228
3	868.000	-57.339
3	869.000	-57.491
3	870.000	-57.464
3	871.000	-57.462
3	872.000	-57.524
3	873.000	-57.636
3	874.000	-57.786
3	875.000	-57.963
3	876.000	-58.160
3	877.000	-58.372
3	878.000	-58.593
3	879.000	-58.819
3	880.000	-59.048
3	881.000	-59.276
3	882.000	-59.502
3	883.000	-59.584
3	884.000	-59.570
3	885.000	-59.366
3	886.000	-59.232
3	887.000	-59.177
3	888.000	-59.071
3	889.000	-58.891
3	890.000	-58.803
3	891.000	-58.730
3	892.000	-58.524
3	893.000	-58.420
3	894.000	-58.185
3	895.000	-57.985
3	896.000	-57.665
3	897.000	-57.479
3	898.000	-57.265
3	899.000	-57.047
3	900.000	-56.890
3	901.000	-56.643
3	902.000	-56.523
3	903.000	-56.502
3	904.000	-56.557
3	905.000	-56.672
3	906.000	-56.724
3	907.000	-56.692
3	908.000	-56.738
3	909.000	-56.788
3	910.000	-56.497
3	911.000	-56.271
3	912.000	-55.952
3	913.000	-55.782
3	914.000	-55.674
3	915.000	-55.479
3	916.000	-55.329
3	917.000	-55.130
3	918.000	-55.060
3	919.000	-55.090
3	920.000	-55.197
3	921.000	-55.363
3	922.000	-55.351
3	923.000	-55.401
3	924.000	-55.522
3	925.000	-55.615
3	926.000	-55.522
3	927.000	-55.366
3	928.000	-55.326
3	929.000	-55.377
3	930.000	-55.275
3	931.000	-55.257
3	932.000	-55.326
3	933.000	-55.461
3	934.000	-55.646
3	935.000	-55.870
3	936.000	-55.875
3	937.000	-55.956
3	938.000	-56.095
3	939.000	-56.197
3	940.000	-56.185
3	941.000	-56.249
3	942.000	-56.374
3	943.000	-56.543
3	944.000	-56.614
3	945.000	-56.622
3	946.000	-56.700
3	947.000	-56.830
3	948.000	-57.001
3	949.000	-57.201
3	950.000	-57.423
3	951.000	-57.659
3	952.000	-57.877
3	953.000	-57.879
3	954.000	-57.941
3	955.000	-58.020
3	956.000	-57.913
3	957.000	-57.890
3	958.000	-57.932
3	959.000	-58.025
3	960.000	-58.155
3	961.000	-58.104
3	962.000	-58.076
3	963.000	-58.112
3	964.000	-58.037
3	965.000	-57.943
3	966.000	-57.929
3	967.000	-57.979
3	968.000	-58.076
3	969.000	-58.210
3	970.000	-58.371
3	971.000	-58.389
3	972.000	-58.154
3	973.000	-57.983
3	974.000	-57.909
3	975.000	-57.912
3	976.000	-57.975
3	977.000	-58.082
3	978.000	-58.223
3	979.000	-58.390
3	980.000	-58.576
3	981.000	-58.774
3	982.000	-58.981
3	983.000	-59.192
3	984.000	-59.405
3	985.000	-59.617
3	986.000	-59.741
3	987.000	-59.704
3	988.000	-59.719
3	989.000	-59.775
3	990.000	-59.861
3	991.000	-59.971
3	992.000	-60.099
3	993.000	-60.238
3	994.000	-60.386
3	995.000	-60.539
3	996.000	-60.695
3	997.000	-60.852
3	998.000	-60.681
3	999.000	-60.375
3	1000.000	-60.177
3	1001.000	-60.064
3	1002.000	-60.016
3	1003.000	-59.854
3	1004.000	-59.483
3	1005.000	-59.171
3	1006.000	-58.978
3	1007.000	-58.879
3	1008.000	-58.854
3	1009.000	-58.886
3	1010.000	-58.961
3	1011.000	-59.013
3	1012.000	-58.901
3	1013.000	-58.864
3	1014.000	-58.888
3	1015.000	-58.957
3	1016.000	-59.032
3	1017.000	-58.909
3	1018.000	-58.628
3	1019.000	-58.442
3	1020.000	-58.142
3	1021.000	-57.553
3	1022.000	-56.968
3	1023.000	-56.393
3	1024.000	-56.023
3	1025.000	-55.813
3	1026.000	-55.574
3	1027.000	-55.378
3	1028.000	-55.307
3	1029.000	-55.334
3	1030.000	-55.436
3	1031.000	-55.351
3	1032.000	-55.367
3	1033.000	-55.460
3	1034.000	-55.613
3	1035.000	-55.811
3	1036.000	-56.043
3	1037.000	-56.298
3	1038.000	-56.571
3	1039.000	-56.854
3	1040.000	-57.143
3	1041.000	-57.434
3	1042.000	-57.725
3	1043.000	-57.803
3	1044.000	-57.879
3	1045.000	-57.997
3	1046.000	-58.147
3	1047.000	-58.322
3	1048.000	-58.429
3	1049.000	-58.231
3	1050.000	-57.879
3	1051.000	-57.574
3	1052.000	-57.170
3	1053.000	-56.902
3	1054.000	-56.763
3	1055.000	-56.725
3	1056.000	-56.765
3	1057.000	-56.865
3	1058.000	-57.012
3	1059.000	-57.193
3	1060.000	-57.264
3	1061.000	-57.267
3	1062.000	-57.082
3	1063.000	-57.005
3	1064.000	-57.013
3	1065.000	-57.086
3	1066.000	-57.209
3	1067.000	-57.370
3	1068.000	-57.560
3	1069.000	-57.585
3	1070.000	-57.462
3	1071.000	-57.311
3	1072.000	-57.259
3	1073.000	-57.284
3	1074.000	-57.368
3	1075.000	-57.363
3	1076.000	-57.304
3	1077.000	-57.323
3	1078.000	-57.403
3	1079.000	-57.528
3	1080.000	-57.688
3	1081.000	-57.874
3	1082.000	-58.078
3	1083.000	-58.294
3	1084.000	-58.308
3	1085.000	-58.191
3	1086.000	-58.038
3	1087.000	-57.977
3	1088.000	-57.989
3	1089.000	-58.057
3	1090.000	-58.168
3	1091.000	-58.311
3	1092.000	-58.215
3	1093.000	-57.947
3	1094.000	-57.568
3	1095.000	-57.315
3	1096.000	-57.184
3	1097.000	-57.014
3	1098.000	-56.832
3	1099.000	-56.760
3	1100.000	-56.773
3	1101.000	-56.515
3	1102.000	-56.225
3	1103.000	-56.075
3	1104.000	-56.034
3	1105.000	-56.050
3	1106.000	-55.918
3	1107.000	-55.893
3	1108.000	-55.868
3	1109.000	-55.630
3	1110.000	-55.410
3	1111.000	-55.215
3	1112.000	-54.954
3	1113.000	-54.649
3	1114.000	-54.499
3	1115.000	-54.472
3	1116.000	-54.364
3	1117.000	-54.303
3	1118.000	-54.345
3	1119.000	-54.249
3	1120.000	-54.243
3	1121.000	-54.328
3	1122.000	-54.483
3	1123.000	-54.693
3	1124.000	-54.942
3	1125.000	-55.220
3	1126.000	-55.440
3	1127.000	-55.526
3	1128.000	-55.672
3	1129.000	-55.864
3	1130.000	-55.843
3	1131.000	-55.904
3	1132.000	-55.782
3	1133.000	-55.764
3	1134.000	-55.577
3	1135.000	-55.272
3	1136.000	-55.119
3	1137.000	-54.876
3	1138.000	-54.496
3	1139.000	-54.291
3	1140.000	-54.221
3	1141.000	-54.257
3	1142.000	-54.375
3	1143.000	-54.555
3	1144.000	-54.608
3	1145.000	-54.670
3	1146.000	-54.804
3	1147.000	-54.994
3	1148.000	-55.226
3	1149.000	-55.489
3	1150.000	-55.773
3	1151.000	-56.072
3	1152.000	-56.154
3	1153.000	-56.270
3	1154.000	-56.185
3	1155.000	-56.193
3	1156.000	-56.273
3	1157.000	-56.409
3	1158.000	-56.586
3	1159.000	-56.794
3	1160.000	-57.025
3	1161.000	-57.065
3	1162.000	-57.117
3	1163.000	-57.223
3	1164.000	-57.371
3	1165.000	-57.549
3	1166.000	-57.750
3	1167.000	-57.758
3	1168.000	-57.779
3	1169.000	-57.855
3	1170.000	-57.974
3	1171.000	-58.124
3	1172.000	-58.299
3	1173.000	-58.490
3	1174.000	-58.694
3	1175.000	-58.766
3	1176.000	-58.752
3	1177.000	-58.793
3	1178.000	-58.877
3	1179.000	-58.992
3	1180.000	-59.132
3	1181.000	-59.289
3	1182.000	-59.458
3	1183.000	-59.635
3	1184.000	-59.817
3	1185.000	-60.001
3	1186.000	-60.045
3	1187.000	-59.995
3	1188.000	-59.756
3	1189.000	-59.591
3	1190.000	-59.293
3	1191.000	-58.950
3	1192.000	-58.588
3	1193.000	-58.171
3	1194.000	-57.586
3	1195.000	-57.198
3	1196.000	-56.965
3	1197.000	-56.851
3	1198.000	-56.831
3	1199.000	-56.776
3	1200.000	-56.659
3	1201.000	-56.639
3	1202.000	-56.512
3	1203.000	-56.416
3	1204.000	-56.414
3	1205.000	-56.456
3	1206.000	-56.340
3	1207.000	-56.322
3	1208.000	-56.381
3	1209.000	-56.498
3	1210.000	-56.661
3	1211.000	-56.857
3	1212.000	-57.078
3	1213.000	-57.157
3	1214.000	-57.190
3	1215.000	-57.281
3	1216.000	-57.416
3	1217.000	-57.584
3	1218.000	-57.777
3	1219.000	-57.987
3	1220.000	-58.180
3	1221.000	-58.159
3	1222.000	-58.199
3	1223.000	-58.287
3	1224.000	-58.411
3	1225.000	-58.562
3	1226.000	-58.733
3	1227.000	-58.777
3	1228.000	-58.228
3	1229.000	-57.726
3	1230.000	-57.282
3	1231.000	-57.004
3	1232.000	-56.856
3	1233.000	-56.810
3	1234.000	-56.614
3	1235.000	-56.511
3	1236.000	-56.370
3	1237.000	-56.135
3	1238.000	-55.862
3	1239.000	-55.700
3	1240.000	-55.435
3	1241.000	-55.310
3	1242.000	-55.051
3	1243.000	-54.934
3	1244.000	-54.927
3	1245.000	-55.006
3	1246.000	-55.151
3	1247.000	-55.346
3	1248.000	-55.578
3	1249.000	-55.838
3	1250.000	-55.938
3	1251.000	-56.023
3	1252.000	-55.716
3	1253.000	-55.512
3	1254.000	-55.434
3	1255.000	-55.453
3	1256.000	-55.548
3	1257.000	-55.620
3	1258.000	-55.589
3	1259.000	-55.644
3	1260.000	-55.765
3	1261.000	-55.908
3	1262.000	-55.877
3	1263.000	-55.797
3	1264.000	-55.698
3	1265.000	-55.698
3	1266.000	-55.776
3	1267.000	-55.914
3	1268.000	-56.097
3	1269.000	-56.314
3	1270.000	-56.555
3	1271.000	-56.813
3	1272.000	-57.083
3	1273.000	-57.359
3	1274.000	-57.637
3	1275.000	-57.916
3	1276.000	-58.191
3	1277.000	-58.462
3	1278.000	-58.728
3	1279.000	-58.986
3	1280.000	-59.237
3	1281.000	-59.480
3	1282.000	-59.714
3	1283.000	-59.940
3	1284.000	-59.776
3	1285.000	-59.544
3	1286.000	-59.410
3	1287.000	-59.293
3	1288.000	-59.018
3	1289.000	-58.624
3	1290.000	-58.372
3	1291.000	-58.233
3	1292.000	-58.181
3	1293.000	-58.197
3	1294.000	-57.981
3	1295.000	-57.511
3	1296.000	-57.094
3	1297.000	-56.838
3	1298.000	-56.626
3	1299.000	-56.365
3	1300.000	-56.235
3	1301.000	-56.207
3	1302.000	-56.259
3	1303.000	-56.292
3	1304.000	-56.222
3	1305.000	-56.241
3	1306.000	-56.149
3	1307.000	-56.084
3	1308.000	-56.108
3	1309.000	-56.120
3	1310.000	-56.036
3	1311.000	-56.047
3	1312.000	-56.129
3	1313.000	-56.060
3	1314.000	-55.794
3	1315.000	-55.666
3	1316.000	-55.644
3	1317.000	-55.705
3	1318.000	-55.607
3	1319.000	-55.587
3	1320.000	-55.650
3	1321.000	-55.777
3	1322.000	-55.953
3	1323.000	-56.165
3	1324.000	-56.224
3	1325.000	-56.274
3	1326.000	-56.386
3	1327.000	-56.545
3	1328.000	-56.558
3	1329.000	-56.570
3	1330.000	-56.285
3	1331.000	-55.731
3	1332.000	-55.166
3	1333.000	-54.813
3	1334.000	-54.625
3	1335.000	-54.488
3	1336.000	-54.307
3	1337.000	-54.256
3	1338.000	-54.305
3	1339.000	-54.228
3	1340.000	-53.984
3	1341.000	-53.886
3	1342.000	-53.902
3	1343.000	-54.007
3	1344.000	-54.101
3	1345.000	-54.104
3	1346.000	-54.197
3	1347.000	-54.359
3	1348.000	-54.574
3	1349.000	-54.828
3	1350.000	-55.111
3	1351.000	-55.414
3	1352.000	-55.380
3	1353.000	-55.295
3	1354.000	-55.310
3	1355.000	-55.402
3	1356.000	-55.554
3	1357.000	-55.751
3	1358.000	-55.981
3	1359.000	-56.235
3	1360.000	-56.425
3	1361.000	-56.476
3	1362.000	-56.406
3	1363.000	-56.355
3	1364.000	-56.388
3	1365.000	-56.485
3	1366.000	-56.631
3	1367.000	-56.815
3	1368.000	-57.025
3	1369.000	-57.256
3	1370.000	-57.499
3	1371.000	-57.751
3	1372.000	-57.752
3	1373.000	-57.813
3	1374.000	-57.920
3	1375.000	-58.062
3	1376.000	-58.229
3	1377.000	-58.416
3	1378.000	-58.615
3	1379.000	-58.711
3	1380.000	-58.689
3	1381.000	-58.725
3	1382.000	-58.804
3	1383.000	-58.804
3	1384.000	-58.708
3	1385.000	-58.685
3	1386.000	-58.719
3	1387.000	-58.797
3	1388.000	-58.908
3	1389.000	-59.045
3	1390.000	-59.200
3	1391.000	-59.368
3	1392.000	-59.545
3	1393.000	-59.698
3	1394.000	-59.626
3	1395.000	-59.613
3	1396.000	-59.648
3	1397.000	-59.688
3	1398.000	-59.500
3	1399.000	-59.167
3	1400.000	-58.957
3	1401.000	-58.845
3	1402.000	-58.808
3	1403.000	-58.830
3	1404.000	-58.898
3	1405.000	-58.889
3	1406.000	-58.784
3	1407.000	-58.754
3	1408.000	-58.782
3	1409.000	-58.854
3	1410.000	-58.961
3	1411.000	-59.094
3	1412.000	-59.245
3	1413.000	-59.410
3	1414.000	-59.584
3	1415.000	-59.734
3	1416.000	-59.659
3	1417.000	-59.644
3	1418.000	-59.676
3	1419.000	-59.505
3	1420.000	-59.394
3	1421.000	-59.353
3	1422.000	-59.368
3	1423.000	-59.425
3	1424.000	-59.515
3	1425.000	-59.600
3	1426.000	-59.476
3	1427.000	-59.311
3	1428.000	-58.822
3	1429.000	-58.497
3	1430.000	-58.299
3	1431.000	-58.201
3	1432.000	-57.926
3	1433.000	-57.771
3	1434.000	-57.711
3	1435.000	-57.725
3	1436.000	-57.796
3	1437.000	-57.750
3	1438.000	-57.680
3	1439.000	-57.686
3	1440.000	-57.695
3	1441.000	-57.565
3	1442.000	-57.525
3	1443.000	-57.557
3	1444.000	-57.642
3	1445.000	-57.741
3	1446.000	-57.652
3	1447.000	-57.644
3	1448.000	-57.698
3	1449.000	-57.801
3	1450.000	-57.940
3	1451.000	-57.921
3	1452.000	-57.895
3	1453.000	-57.933
3	1454.000	-58.021
3	1455.000	-58.147
3	1456.000	-58.244
3	1457.000	-57.756
3	1458.000	-57.349
3	1459.000	-57.043
3	1460.000	-56.678
3	1461.000	-56.207
3	1462.000	-55.681
3	1463.000	-55.071
3	1464.000	-54.483
3	1465.000	-54.117
3	1466.000	-53.925
3	1467.000	-53.867
3	1468.000	-53.914
3	1469.000	-54.043
3	1470.000	-54.234
3	1471.000	-54.472
3	1472.000	-54.745
3	1473.000	-55.044
3	1474.000	-55.359
3	1475.000	-55.686
3	1476.000	-55.886
3	1477.000	-56.003
3	1478.000	-56.168
3	1479.000	-56.370
3	1480.000	-56.599
3	1481.000	-56.846
3	1482.000	-56.901
3	1483.000	-56.966
3	1484.000	-57.000
3	1485.000	-56.841
3	1486.000	-56.618
3	1487.000	-56.252
3	1488.000	-55.586
3	1489.000	-54.955
3	1490.000	-54.461
3	1491.000	-53.956
3	1492.000	-53.658
3	1493.000	-53.520
3	1494.000	-53.508
3	1495.000	-53.593
3	1496.000	-53.754
3	1497.000	-53.972
3	1498.000	-54.038
3	1499.000	-53.846
3	1500.000	-53.605
3	1501.000	-53.512
3	1502.000	-53.534
3	1503.000	-53.544
3	1504.000	-53.512
3	1505.000	-53.581
3	1506.000	-53.730
3	1507.000	-53.939
3	1508.000	-53.976
3	1509.000	-54.075
3	1510.000	-54.242
3	1511.000	-54.462
3	1512.000	-54.721
3	1513.000	-55.008
3	1514.000	-55.315
3	1515.000	-55.635
3	1516.000	-55.963
3	1517.000	-56.186
3	1518.000	-56.004
3	1519.000	-55.651
3	1520.000	-55.292
3	1521.000	-54.839
3	1522.000	-54.348
3	1523.000	-54.057
3	1524.000	-53.773
3	1525.000	-53.558
3	1526.000	-53.486
3	1527.000	-53.524
3	1528.000	-53.434
3	1529.000	-53.437
3	1530.000	-53.536
3	1531.000	-53.680
3	1532.000	-53.676
3	1533.000	-53.550
3	1534.000	-53.526
3	1535.000	-53.408
3	1536.000	-53.369
3	1537.000	-53.434
3	1538.000	-53.581
3	1539.000	-53.711
3	1540.000	-53.747
3	1541.000	-53.695
3	1542.000	-53.683
3	1543.000	-53.689
3	1544.000	-53.502
3	1545.000	-53.341
3	1546.000	-53.210
3	1547.000	-52.924
3	1548.000	-52.714
3	1549.000	-52.651
3	1550.000	-52.703
3	1551.000	-52.844
3	1552.000	-53.054
3	1553.000	-53.316
3	1554.000	-53.618
3	1555.000	-53.948
3	1556.000	-54.146
3	1557.000	-54.064
3	1558.000	-54.090
3	1559.000	-54.200
3	1560.000	-54.376
3	1561.000	-54.601
3	1562.000	-54.862
3	1563.000	-55.151
3	1564.000	-55.457
3	1565.000	-55.574
3	1566.000	-55.699
3	1567.000	-55.695
3	1568.000	-55.702
3	1569.000	-55.653
3	1570.000	-55.448
3	1571.000	-55.255
3	1572.000	-55.186
3	1573.000	-55.214
3	1574.000	-55.317
3	1575.000	-55.477
3	1576.000	-55.681
3	1577.000	-55.918
3	1578.000	-56.149
3	1579.000	-56.183
3	1580.000	-56.282
3	1581.000	-56.274
3	1582.000	-56.249
3	1583.000	-56.302
3	1584.000	-56.416
3	1585.000	-56.575
3	1586.000	-56.541
3	1587.000	-56.563
3	1588.000	-56.650
3	1589.000	-56.629
3	1590.000	-56.590
3	1591.000	-56.629
3	1592.000	-56.729
3	1593.000	-56.875
3	1594.000	-57.055
3	1595.000	-57.262
3	1596.000	-57.486
3	1597.000	-57.723
3	1598.000	-57.968
3	1599.000	-58.216
3	1600.000	-58.465
3	1601.000	-58.713
3	1602.000	-58.957
3	1603.000	-59.196
3	1604.000	-59.430
3	1605.000	-59.657
3	1606.000	-59.878
3	1607.000	-60.090
3	1608.000	-60.181
3	1609.000	-59.998
3	1610.000	-59.342
3	1611.000	-58.790
3	1612.000	-58.205
3	1613.000	-57.764
3	1614.000	-57.484
3	1615.000	-57.330
3	1616.000	-57.274
3	1617.000	-57.295
3	1618.000	-57.318
3	1619.000	-56.952
3	1620.000	-56.736
3	1621.000	-56.637
3	1622.000	-56.403
3	1623.000	-56.271
3	1624.000	-56.242
3	1625.000	-56.291
3	1626.000	-56.402
3	1627.000	-56.559
3	1628.000	-56.752
3	1629.000	-56.836
3	1630.000	-56.852
3	1631.000	-56.823
3	1632.000	-56.726
3	1633.000	-56.719
3	1634.000	-56.675
3	1635.000	-56.567
3	1636.000	-56.553
3	1637.000	-56.613
3	1638.000	-56.728
3	1639.000	-56.887
3	1640.000	-57.077
3	1641.000	-57.156
3	1642.000	-57.164
3	1643.000	-57.101
3	1644.000	-56.866
3	1645.000	-56.635
3	1646.000	-56.525
3	1647.000	-56.510
3	1648.000	-56.569
3	1649.000	-56.685
3	1650.000	-56.844
3	1651.000	-57.034
3	1652.000	-57.249
3	1653.000	-57.480
3	1654.000	-57.721
3	1655.000	-57.969
3	1656.000	-58.221
3	1657.000	-58.472
3	1658.000	-58.721
3	1659.000	-58.937
3	1660.000	-58.665
3	1661.000	-58.295
3	1662.000	-58.018
3	1663.000	-57.861
3	1664.000	-57.664
3	1665.000	-57.452
3	1666.000	-57.351
3	1667.000	-57.336
3	1668.000	-57.387
3	1669.000	-57.282
3	1670.000	-57.219
3	1671.000	-57.235
3	1672.000	-57.311
3	1673.000	-57.434
3	1674.000	-57.591
3	1675.000	-57.775
3	1676.000	-57.977
3	1677.000	-57.959
3	1678.000	-57.980
3	1679.000	-57.822
3	1680.000	-57.735
3	1681.000	-57.728
3	1682.000	-57.782
3	1683.000	-57.884
3	1684.000	-57.766
3	1685.000	-57.516
3	1686.000	-57.097
3	1687.000	-56.839
3	1688.000	-56.679
3	1689.000	-56.403
3	1690.000	-56.179
3	1691.000	-55.833
3	1692.000	-55.277
3	1693.000	-54.886
3	1694.000	-54.668
3	1695.000	-54.584
3	1696.000	-54.387
3	1697.000	-54.301
3	1698.000	-54.322
3	1699.000	-54.427
3	1700.000	-54.596
3	1701.000	-54.814
3	1702.000	-54.791
3	1703.000	-54.651
3	1704.000	-54.628
3	1705.000	-54.696
3	1706.000	-54.835
3	1707.000	-54.850
3	1708.000	-54.881
3	1709.000	-54.908
3	1710.000	-54.851
3	1711.000	-54.890
3	1712.000	-55.004
3	1713.000	-55.176
3	1714.000	-55.214
3	1715.000	-55.257
3	1716.000	-55.372
3	1717.000	-55.541
3	1718.000	-55.751
3	1719.000	-55.991
3	1720.000	-56.253
3	1721.000	-56.529
3	1722.000	-56.814
3	1723.000	-56.996
3	1724.000	-57.060
3	1725.000	-57.175
3	1726.000	-57.329
3	1727.000	-57.512
3	1728.000	-57.716
3	1729.000	-57.906
3	1730.000	-57.667
3	1731.000	-57.046
3	1732.000	-56.590
3	1733.000	-56.309
3	1734.000	-56.163
3	1735.000	-56.123
3	1736.000	-56.166
3	1737.000	-56.273
3	1738.000	-56.427
3	1739.000	-56.591
3	1740.000	-56.339
3	1741.000	-56.194
3	1742.000	-56.155
3	1743.000	-55.995
3	1744.000	-55.821
3	1745.000	-55.491
3	1746.000	-55.177
3	1747.000	-55.015
3	1748.000	-54.973
3	1749.000	-55.023
3	1750.000	-54.991
3	1751.000	-54.960
3	1752.000	-55.019
3	1753.000	-55.147
3	1754.000	-55.329
3	1755.000	-55.328
3	1756.000	-55.231
3	1757.000	-55.147
3	1758.000	-55.164
3	1759.000	-55.037
3	1760.000	-54.768
3	1761.000	-54.393
3	1762.000	-54.191
3	1763.000	-53.974
3	1764.000	-53.809
3	1765.000	-53.772
3	1766.000	-53.837
3	1767.000	-53.979
3	1768.000	-54.181
3	1769.000	-54.428
3	1770.000	-54.708
3	1771.000	-54.791
3	1772.000	-54.918
3	1773.000	-55.101
3	1774.000	-55.325
3	1775.000	-55.580
3	1776.000	-55.857
3	1777.000	-55.901
3	1778.000	-56.011
3	1779.000	-56.171
3	1780.000	-56.369
3	1781.000	-56.594
3	1782.000	-56.838
3	1783.000	-57.096
3	1784.000	-57.362
3	1785.000	-57.633
3	1786.000	-57.904
3	1787.000	-58.173
3	1788.000	-58.439
3	1789.000	-58.700
3	1790.000	-58.954
3	1791.000	-59.202
3	1792.000	-59.442
3	1793.000	-59.673
3	1794.000	-59.867
3	1795.000	-59.824
3	1796.000	-59.641
3	1797.000	-59.306
3	1798.000	-58.996
3	1799.000	-58.694
3	1800.000	-58.365
3	1801.000	-58.165
3	1802.000	-58.066
3	1803.000	-57.861
3	1804.000	-57.692
3	1805.000	-57.412
3	1806.000	-57.214
3	1807.000	-57.124
3	1808.000	-57.120
3	1809.000	-57.125
3	1810.000	-56.999
3	1811.000	-56.967
3	1812.000	-57.008
3	1813.000	-57.078
3	1814.000	-56.974
3	1815.000	-56.960
3	1816.000	-57.016
3	1817.000	-57.124
3	1818.000	-57.274
3	1819.000	-57.454
3	1820.000	-57.656
3	1821.000	-57.366
3	1822.000	-57.205
3	1823.000	-57.144
3	1824.000	-57.162
3	1825.000	-57.106
3	1826.000	-57.010
3	1827.000	-57.002
3	1828.000	-56.811
3	1829.000	-56.481
3	1830.000	-56.297
3	1831.000	-56.226
3	1832.000	-56.244
3	1833.000	-56.331
3	1834.000	-56.469
3	1835.000	-56.289
3	1836.000	-55.927
3	1837.000	-55.455
3	1838.000	-55.103
3	1839.000	-54.913
3	1840.000	-54.850
3	1841.000	-54.885
3	1842.000	-54.996
3	1843.000	-55.165
3	1844.000	-55.244
3	1845.000	-54.857
3	1846.000	-54.576
3	1847.000	-54.248
3	1848.000	-53.938
3	1849.000	-53.654
3	1850.000	-53.527
3	1851.000	-53.522
3	1852.000	-53.614
3	1853.000	-53.600
3	1854.000	-53.388
3	1855.000	-53.318
3	1856.000	-53.360
3	1857.000	-53.311
3	1858.000	-52.841
3	1859.000	-52.576
3	1860.000	-52.259
3	1861.000	-52.095
3	1862.000	-51.786
3	1863.000	-51.475
3	1864.000	-51.313
3	1865.000	-50.971
3	1866.000	-50.704
3	1867.000	-50.603
3	1868.000	-50.634
3	1869.000	-50.770
3	1870.000	-50.990
3	1871.000	-51.250
3	1872.000	-51.337
3	1873.000	-51.311
3	1874.000	-51.234
3	1875.000	-50.991
3	1876.000	-50.909
3	1877.000	-50.769
3	1878.000	-50.541
3	1879.000	-50.381
3	1880.000	-50.189
3	1881.000	-50.147
3	1882.000	-50.226
3	1883.000	-50.403
3	1884.000	-50.657
3	1885.000	-50.972
3	1886.000	-51.236
3	1887.000	-51.425
3	1888.000	-51.682
3	1889.000	-51.992
3	1890.000	-52.342
3	1891.000	-52.721
3	1892.000	-53.119
3	1893.000	-53.529
3	1894.000	-53.945
3	1895.000	-54.283
3	1896.000	-54.474
3	1897.000	-54.582
3	1898.000	-54.639
3	1899.000	-54.768
3	1900.000	-54.954
3	1901.000	-55.155
3	1902.000	-55.176
3	1903.000	-55.052
3	1904.000	-55.017
3	1905.000	-55.072
3	1906.000	-55.197
3	1907.000	-55.375
3	1908.000	-55.594
3	1909.000	-55.842
3	1910.000	-55.979
3	1911.000	-55.889
3	1912.000	-55.776
3	1913.000	-55.547
3	1914.000	-55.448
3	1915.000	-55.451
3	1916.000	-55.377
3	1917.000	-55.310
3	1918.000	-55.337
3	1919.000	-55.439
3	1920.000	-55.597
3	1921.000	-55.798
3	1922.000	-56.030
3	1923.000	-56.285
3	1924.000	-56.399
3	1925.000	-56.466
3	1926.000	-56.589
3	1927.000	-56.754
3	1928.000	-56.950
3	1929.000	-57.169
3	1930.000	-57.404
3	1931.000	-57.649
3	1932.000	-57.901
3	1933.000	-58.155
3	1934.000	-58.409
3	1935.000	-58.660
3	1936.000	-58.770
3	1937.000	-58.784
3	1938.000	-58.846
3	1939.000	-58.943
3	1940.000	-59.068
3	1941.000	-59.214
3	1942.000	-59.374
3	1943.000	-59.140
3	1944.000	-58.699
3	1945.000	-58.339
3	1946.000	-57.931
3	1947.000	-57.604
3	1948.000	-57.412
3	1949.000	-57.163
3	1950.000	-56.696
3	1951.000	-56.323
3	1952.000	-55.941
3	1953.000	-55.344
3	1954.000	-54.633
3	1955.000	-54.152
3	1956.000	-53.870
3	1957.000	-53.744
3	1958.000	-53.738
3	1959.000	-53.826
3	1960.000	-53.987
3	1961.000	-54.203
3	1962.000	-54.461
3	1963.000	-54.508
3	1964.000	-54.578
3	1965.000	-54.478
3	1966.000	-54.300
3	1967.000	-54.251
3	1968.000	-54.150
3	1969.000	-54.073
3	1970.000	-54.103
3	1971.000	-54.217
3	1972.000	-54.291
3	1973.000	-54.300
3	1974.000	-54.244
3	1975.000	-54.201
3	1976.000	-54.257
3	1977.000	-54.389
3	1978.000	-54.579
3	1979.000	-54.814
3	1980.000	-55.081
3	1981.000	-55.371
3	1982.000	-55.677
3	1983.000	-55.992
3	1984.000	-56.313
3	1985.000	-56.635
3	1986.000	-56.955
3	1987.000	-57.270
3	1988.000	-57.580
3	1989.000	-57.882
3	1990.000	-58.176
3	1991.000	-58.461
3	1992.000	-58.549
3	1993.000	-58.341
3	1994.000	-58.024
3	1995.000	-57.791
3	1996.000	-57.669
3	1997.000	-57.635
3	1998.000	-57.670
3	1999.000	-57.756
3	2000.000	-57.883
