# NEST version: UNKNOWN
# RecordingBackendASCII version: 2
sender	time_ms
1784	0.200
1644	0.800
1664	267.900
1494	455.300
1394	556.600
1204	729.600
1074	764.700
1764	768.900
1674	772.100
1694	772.700
1144	776.700
1364	777.200
1524	780.600
1234	1180.800
1094	1182.700
1474	1213.800
1214	1301.800
1154	1303.300
1174	1304.100
1444	1306.600
1134	1307.100
1004	1307.300
1664	1307.600
1244	1307.900
1064	1308.000
1674	1308.100
1344	1308.200
1574	1308.600
1054	1309.200
1704	1309.400
1794	1310.200
1194	1311.600
1374	1311.700
1424	1312.500
1524	1312.500
1534	1312.500
1274	1312.600
1434	1313.100
1164	1313.400
1594	1313.500
1774	1313.500
1514	1313.800
1384	1314.400
1714	1314.500
1644	1314.800
1654	1315.000
1454	1315.200
1764	1315.200
1404	1316.400
1414	1316.800
1114	1316.900
1694	1317.000
1044	1317.600
1334	1317.800
1224	1318.400
1294	1318.600
1184	1319.500
1754	1319.500
1364	1321.100
1474	1321.100
1494	1321.300
1264	1322.800
1354	1323.800
1464	1324.400
1304	1324.800
1144	1325.400
1564	1325.400
1094	1325.500
1124	1325.500
1584	1325.700
1664	1326.500
1204	1327.500
1084	1328.600
1284	1329.200
1724	1330.300
1634	1330.700
1074	1331.700
1174	1332.100
1684	1332.100
1164	1332.500
1744	1332.900
1024	1333.000
1194	1333.200
1244	1333.900
1794	1334.000
1574	1334.400
1674	1335.000
1014	1335.300
1404	1335.900
1754	1336.500
1114	1336.800
1294	1336.800
1154	1337.000
1734	1337.300
1344	1337.500
1594	1337.700
1454	1337.900
1614	1338.600
1514	1339.100
1374	1339.300
1554	1339.600
1004	1341.600
1714	1342.300
1444	1343.000
1134	1343.800
1054	1343.900
1064	1343.900
1414	1344.700
1264	1346.300
1544	1346.400
1624	1347.200
1504	1349.700
1434	1350.400
1644	1353.800
1034	1354.800
1484	1354.800
1254	1355.400
1724	1356.400
1454	1360.200
1674	1361.500
1564	1362.700
1174	1365.100
1044	1368.000
1764	1368.800
1704	1370.500
1384	1370.900
1274	1374.800
1164	1375.100
1464	1376.300
1614	1378.900
1374	1379.600
1784	1380.100
1204	1380.600
1014	1381.400
1324	1382.500
1144	1383.000
1074	1384.500
1774	1384.600
1214	1384.900
1684	1386.200
1424	1387.600
1124	1388.900
1624	1389.500
1734	1391.700
1794	1399.700
1594	1399.800
1174	1400.300
1404	1401.100
1044	1401.300
1474	1402.300
1304	1402.700
1574	1403.900
1464	1407.800
1294	1407.900
1194	1408.400
1004	1410.200
1184	1410.400
1714	1411.200
1414	1415.900
1364	1416.200
1384	1417.200
1354	1420.500
1694	1421.900
1624	1423.900
1604	1425.700
1274	1426.700
1084	1427.000
1654	1428.000
1644	1428.200
1034	1430.200
1374	1430.200
1634	1433.500
1024	1435.000
1104	1437.500
1244	1438.900
1044	1440.600
1424	1441.100
1484	1444.900
1014	1449.300
1684	1452.500
1364	1453.300
1454	1464.000
1264	1494.600
1324	1629.700
1784	1636.400
1154	1637.400
1434	1643.200
1304	1647.600
1754	1648.200
1224	1651.400
1744	1651.600
1614	1651.700
1264	1651.800
1074	1652.700
1664	1653.400
1704	1655.100
1254	1655.800
1234	1656.700
1464	1656.700
1294	1658.200
1354	1659.200
1114	1659.600
1724	1659.700
1384	1660.300
1204	1660.800
1774	1660.800
1554	1662.000
1134	1663.300
1594	1663.400
1184	1664.300
1284	1664.400
1164	1664.500
1094	1664.900
1694	1665.300
1144	1665.400
1394	1665.600
1274	1666.300
1004	1666.400
1684	1666.400
1624	1666.500
1374	1666.700
1644	1666.900
1514	1667.500
1574	1667.600
1404	1668.100
1604	1668.300
1314	1669.300
1074	1669.700
1214	1669.800
1084	1670.700
1264	1670.700
1434	1671.100
1244	1671.500
1124	1671.600
1104	1672.000
1154	1672.500
1744	1672.500
1174	1672.700
1794	1672.900
1524	1673.500
1454	1673.600
1754	1674.100
1674	1674.200
1544	1674.500
1704	1674.700
1474	1675.000
1614	1675.200
1484	1675.400
1364	1675.500
1654	1675.500
1334	1675.700
1534	1675.800
1414	1676.100
1714	1676.100
1664	1676.300
1504	1677.200
1774	1677.200
1304	1677.400
1184	1677.900
1494	1677.900
1464	1678.000
1634	1678.000
1294	1678.500
1234	1678.600
1044	1679.000
1384	1679.100
1054	1679.400
1254	1679.500
1444	1679.500
1724	1679.500
1114	1679.800
1584	1680.000
1554	1680.100
1224	1680.300
1784	1680.300
1194	1680.600
1354	1680.600
1734	1680.600
1374	1680.700
1564	1680.900
1344	1681.000
1094	1681.200
1134	1681.200
1394	1681.200
1324	1681.300
1204	1681.500
1574	1681.500
1034	1681.600
1284	1681.700
1014	1682.300
1624	1682.300
1004	1682.500
1164	1682.600
1214	1682.800
1424	1683.000
1024	1683.100
1434	1683.300
1594	1683.300
1694	1683.500
1604	1683.700
1274	1683.900
1644	1683.900
1764	1684.300
1144	1684.600
1074	1684.900
1084	1684.900
1064	1685.000
1514	1685.000
1314	1685.100
1794	1685.300
1704	1685.400
1674	1685.500
1244	1685.700
1264	1685.800
1124	1686.500
1364	1687.100
1174	1687.200
1474	1687.300
1334	1687.600
1454	1687.600
1484	1688.100
1714	1688.100
1754	1688.500
1534	1688.600
1104	1688.700
1614	1688.700
1744	1688.700
1404	1689.000
1684	1689.200
1154	1689.300
1304	1689.300
1524	1689.300
1634	1689.300
1654	1689.400
1384	1689.500
1544	1689.500
1664	1689.500
1554	1689.700
1504	1689.900
1294	1690.300
1414	1690.600
1374	1690.900
1584	1690.900
1114	1691.200
1134	1691.200
1224	1691.200
1464	1691.200
1234	1691.300
1184	1691.400
1254	1691.500
1344	1691.600
1494	1691.600
1034	1691.700
1324	1691.700
1444	1691.700
1724	1691.700
1774	1691.700
1394	1691.800
1194	1692.100
1284	1692.100
1784	1692.100
1624	1692.200
1564	1692.400
1054	1692.500
1204	1692.500
1354	1692.600
1424	1692.800
1164	1692.900
1734	1693.200
1004	1693.300
1214	1693.300
1084	1693.400
1694	1693.500
1574	1693.700
1064	1693.800
1094	1693.800
1044	1693.900
1604	1694.000
1024	1694.100
1144	1694.300
1794	1694.300
1434	1694.400
1704	1694.600
1314	1694.700
1764	1694.900
1014	1695.100
1264	1695.100
1514	1695.100
1244	1695.400
1644	1695.400
1124	1695.600
1274	1695.700
1674	1695.800
1474	1696.200
1594	1696.300
1454	1696.800
1174	1696.900
1334	1696.900
1074	1697.000
1754	1697.000
1484	1697.100
1524	1697.500
1404	1697.800
1614	1697.800
1634	1697.900
1664	1697.900
1714	1697.900
1534	1698.300
1744	1698.300
1104	1698.400
1684	1698.600
1154	1698.800
1504	1698.800
1384	1698.900
1544	1698.900
1364	1699.000
1134	1699.100
1294	1699.200
1374	1699.400
1414	1699.400
1554	1699.500
1304	1699.700
1184	1700.000
1494	1700.000
1224	1700.100
1584	1700.100
1034	1700.200
1344	1700.200
1654	1700.300
1464	1700.400
1444	1700.500
1234	1700.600
1724	1700.600
1774	1700.600
1324	1700.700
1114	1700.800
1394	1701.100
1194	1701.200
1204	1701.300
1784	1701.300
1564	1701.400
1624	1701.400
1164	1701.500
1254	1701.500
1004	1701.800
1054	1701.800
1604	1701.800
1064	1701.900
1424	1701.900
1024	1702.100
1084	1702.200
1734	1702.200
1354	1702.300
1284	1702.400
1214	1702.500
1574	1702.500
1044	1702.700
1434	1702.700
1694	1702.800
1794	1702.800
1144	1702.900
1094	1703.300
1244	1703.500
1314	1703.500
1274	1703.600
1514	1703.900
1764	1703.900
1014	1704.100
1474	1704.100
1264	1704.200
1594	1704.400
1704	1704.400
1334	1704.500
1644	1704.500
1754	1704.600
1124	1704.900
1074	1705.100
1674	1705.100
1484	1705.400
1454	1705.500
1524	1705.600
1664	1705.600
1404	1705.800
1614	1705.900
1534	1706.000
1174	1706.100
1634	1706.100
1744	1706.100
1714	1706.200
1684	1706.500
1384	1706.700
1104	1706.800
1504	1706.800
1134	1707.000
1154	1707.000
1544	1707.100
1374	1707.300
1344	1707.400
1414	1707.400
1294	1707.500
1364	1707.800
1494	1707.800
1554	1707.800
1774	1707.900
1224	1708.000
1034	1708.100
1184	1708.100
1444	1708.100
1584	1708.100
1654	1708.100
1234	1708.300
1464	1708.400
1324	1708.500
1304	1708.600
1724	1708.600
1114	1708.700
1194	1708.900
1784	1709.100
1004	1709.300
1064	1709.300
1204	1709.300
1394	1709.400
1054	1709.500
1164	1709.500
1564	1709.500
1024	1709.600
1254	1709.600
1604	1709.600
1624	1709.800
1284	1709.900
1354	1709.900
1424	1710.100
1214	1710.200
1574	1710.200
1734	1710.200
1044	1710.500
1144	1710.500
1434	1710.600
1694	1710.700
1794	1710.700
1084	1710.900
1094	1711.100
1244	1711.100
1274	1711.100
1314	1711.600
1474	1711.600
1754	1711.600
1514	1711.700
1764	1711.700
1014	1711.800
1644	1711.800
1594	1711.900
1264	1712.100
1334	1712.200
1074	1712.400
1704	1712.500
1124	1712.700
1674	1712.900
1404	1713.000
1534	1713.100
1484	1713.300
1524	1713.400
1634	1713.500
1664	1713.500
1614	1713.600
1174	1713.700
1714	1713.700
1744	1713.900
1454	1714.000
1504	1714.100
1154	1714.300
1544	1714.300
1104	1714.400
1684	1714.500
1414	1714.600
1134	1714.800
1344	1714.900
1374	1715.000
1384	1715.000
1294	1715.200
1444	1715.200
1554	1715.200
1774	1715.200
1654	1715.300
1034	1715.400
1224	1715.400
1584	1715.400
1234	1715.500
1494	1715.500
1184	1715.700
1364	1715.700
1464	1715.700
1324	1715.800
1114	1716.100
1304	1716.100
1784	1716.100
1194	1716.200
1724	1716.200
1054	1716.500
1064	1716.600
1604	1716.700
1004	1716.800
1254	1716.900
1024	1717.100
1204	1717.100
1394	1717.100
1564	1717.100
1424	1717.200
1624	1717.200
1164	1717.300
1284	1717.300
1354	1717.300
1144	1717.400
1044	1717.500
1574	1717.500
1214	1717.600
1434	1717.600
1734	1717.700
1694	1718.100
1244	1718.200
1274	1718.200
1094	1718.300
1794	1718.300
1474	1718.400
1084	1718.500
1754	1718.600
1764	1718.800
1014	1718.900
1514	1719.000
1594	1719.000
1314	1719.200
1644	1719.200
1264	1719.300
1074	1719.400
1334	1719.500
1124	1719.900
1404	1720.100
1674	1720.200
1704	1720.200
1534	1720.300
1524	1720.600
1664	1720.600
1634	1720.700
1484	1720.800
1614	1720.800
1714	1720.800
1174	1720.900
1454	1721.100
1504	1721.100
1744	1721.200
1104	1721.400
1544	1721.500
1154	1721.700
1684	1721.800
1414	1721.900
1344	1722.000
1554	1722.100
1774	1722.100
1134	1722.200
1224	1722.200
1654	1722.200
1384	1722.300
1444	1722.400
1034	1722.500
1234	1722.600
1294	1722.600
1374	1722.600
1584	1722.700
1364	1722.800
1494	1722.800
1114	1723.100
1324	1723.100
1464	1723.100
1724	1723.100
1194	1723.200
1784	1723.200
1184	1723.300
1304	1723.400
1054	1723.600
1064	1723.600
1604	1723.600
1004	1724.000
1254	1724.000
1424	1724.000
1024	1724.200
1204	1724.200
1284	1724.200
1354	1724.200
1394	1724.300
1564	1724.300
1044	1724.400
1144	1724.500
1624	1724.500
1734	1724.600
1214	1724.700
1434	1724.700
1574	1724.700
1164	1725.000
1274	1725.200
1694	1725.200
1474	1725.300
1084	1725.400
1244	1725.400
1094	1725.500
1794	1725.500
1764	1725.600
1754	1725.800
1014	1725.900
1514	1726.200
1074	1726.300
1594	1726.400
1644	1726.400
1264	1726.600
1314	1726.600
1124	1726.800
1334	1726.800
1404	1726.900
1674	1726.900
1704	1727.100
1534	1727.300
1524	1727.500
1634	1727.500
1664	1727.600
1174	1727.800
1614	1727.800
1504	1727.900
1714	1727.900
1454	1728.100
1104	1728.200
1744	1728.200
1544	1728.400
1484	1728.500
1154	1728.600
1684	1728.700
1344	1728.800
1414	1728.800
1134	1729.000
1554	1729.000
1774	1729.000
1384	1729.200
1034	1729.300
1224	1729.300
1654	1729.300
1444	1729.400
1294	1729.500
1234	1729.700
1724	1729.700
1374	1729.800
1494	1729.900
1584	1729.900
1114	1730.100
1324	1730.100
1364	1730.100
1304	1730.200
1464	1730.200
1784	1730.200
1184	1730.300
1604	1730.300
1064	1730.400
1054	1730.600
1194	1730.700
1004	1730.800
1204	1731.000
1254	1731.000
1284	1731.100
1354	1731.200
1394	1731.200
1424	1731.200
1564	1731.200
1024	1731.300
1044	1731.300
1144	1731.500
1214	1731.500
1624	1731.500
1734	1731.500
1434	1731.800
1574	1731.900
1474	1732.000
1084	1732.100
1164	1732.200
1794	1732.200
1244	1732.300
1274	1732.300
1764	1732.300
1094	1732.400
1694	1732.400
1014	1732.700
1754	1732.700
1514	1733.100
1074	1733.200
1594	1733.200
1264	1733.400
1644	1733.400
1124	1733.500
1314	1733.600
1674	1733.600
1334	1733.800
1404	1733.800
1704	1734.000
1524	1734.200
1534	1734.200
1634	1734.300
1614	1734.400
1664	1734.400
1504	1734.500
1174	1734.800
1714	1734.800
1454	1735.000
1544	1735.100
1744	1735.100
1104	1735.200
1484	1735.300
1684	1735.300
1154	1735.500
1344	1735.600
1134	1735.700
1414	1735.800
1774	1735.800
1034	1735.900
1554	1735.900
1384	1736.000
1224	1736.100
1294	1736.200
1444	1736.200
1654	1736.200
1724	1736.200
1234	1736.500
1584	1736.700
1114	1736.800
1374	1736.800
1494	1736.800
1304	1737.000
1364	1737.000
1784	1737.100
1324	1737.200
1464	1737.200
1054	1737.400
1064	1737.400
1184	1737.400
1604	1737.400
1004	1737.500
1194	1737.600
1284	1737.800
1204	1737.900
1394	1737.900
1424	1738.000
1354	1738.100
1564	1738.100
1044	1738.200
1254	1738.200
1214	1738.300
1624	1738.300
1734	1738.300
1144	1738.400
1024	1738.600
1084	1738.600
1434	1738.700
1474	1738.700
1574	1738.900
1764	1738.900
1794	1738.900
1094	1739.000
1244	1739.000
1274	1739.100
1694	1739.100
1014	1739.300
1164	1739.300
1754	1739.600
1594	1739.900
1514	1740.000
1074	1740.100
1124	1740.100
1264	1740.200
1644	1740.300
1334	1740.400
1674	1740.400
1314	1740.600
1404	1740.700
1534	1740.800
1704	1740.800
1614	1741.000
1634	1741.100
1664	1741.100
1504	1741.200
1524	1741.400
1174	1741.700
1454	1741.700
1744	1741.700
1104	1741.800
1544	1741.800
1714	1741.800
1484	1741.900
1684	1741.900
1134	1742.300
1414	1742.400
1154	1742.500
1384	1742.500
1344	1742.600
1554	1742.600
1724	1742.600
1224	1742.700
1034	1742.800
1294	1742.800
1654	1742.800
1444	1742.900
1774	1743.000
1234	1743.100
1114	1743.300
1374	1743.400
1584	1743.400
1494	1743.600
1304	1743.700
1364	1743.800
1784	1743.800
1054	1744.100
1184	1744.100
1604	1744.100
1064	1744.200
1324	1744.200
1464	1744.200
1004	1744.400
1424	1744.500
1194	1744.600
1204	1744.600
1284	1744.600
1394	1744.700
1564	1744.700
1624	1744.900
1044	1745.000
1254	1745.000
1354	1745.100
1734	1745.100
1084	1745.200
1214	1745.300
1024	1745.400
1144	1745.500
1244	1745.500
1434	1745.500
1474	1745.500
1274	1745.600
1794	1745.600
1094	1745.700
1574	1745.700
1764	1745.700
1694	1745.900
1014	1746.000
1164	1746.200
1754	1746.500
1594	1746.600
1124	1746.700
1514	1746.800
1264	1746.900
1074	1747.000
1334	1747.100
1644	1747.100
1314	1747.200
1674	1747.200
1614	1747.400
1534	1747.500
1704	1747.500
1404	1747.600
1664	1747.600
1504	1747.800
1524	1748.000
1634	1748.100
1454	1748.300
1744	1748.300
1104	1748.400
1484	1748.400
1684	1748.400
1174	1748.500
1544	1748.500
1714	1748.800
1134	1749.000
1724	1749.000
1384	1749.100
1154	1749.200
1294	1749.300
1344	1749.300
1414	1749.300
1554	1749.300
1654	1749.500
1034	1749.600
1224	1749.600
1234	1749.600
1444	1749.600
1774	1749.700
1114	1749.900
1374	1750.000
1584	1750.100
1304	1750.300
1494	1750.400
1364	1750.500
1604	1750.600
1184	1750.700
1324	1750.700
1054	1750.800
1784	1750.800
1004	1750.900
1064	1750.900
1424	1751.000
1464	1751.000
1284	1751.300
1394	1751.300
1564	1751.300
1194	1751.400
1204	1751.400
1624	1751.500
1084	1751.700
1254	1751.700
1044	1751.800
1214	1752.000
1354	1752.000
1734	1752.000
1024	1752.100
1274	1752.100
1474	1752.100
1144	1752.200
1244	1752.200
1434	1752.300
1764	1752.300
1094	1752.400
1574	1752.400
1694	1752.400
1794	1752.500
1014	1752.900
1514	1753.100
1754	1753.100
1164	1753.200
1594	1753.400
1644	1753.500
1124	1753.700
1264	1753.700
1334	1753.800
1074	1753.900
1314	1753.900
1674	1753.900
1614	1754.000
1664	1754.100
1704	1754.100
1404	1754.200
1504	1754.300
1534	1754.300
1524	1754.700
1634	1754.700
1454	1754.800
1484	1754.900
1744	1754.900
1104	1755.000
1684	1755.000
1174	1755.200
1544	1755.300
1134	1755.500
1724	1755.600
1294	1755.700
1714	1755.700
1414	1755.800
1344	1755.900
1554	1755.900
1154	1756.000
1384	1756.000
1444	1756.000
1034	1756.200
1234	1756.200
1654	1756.200
1224	1756.400
1114	1756.500
1774	1756.500
1374	1756.700
1584	1756.800
1304	1757.000
1494	1757.000
1604	1757.100
1004	1757.300
1184	1757.300
1364	1757.300
1324	1757.400
1054	1757.500
1424	1757.500
1464	1757.500
1784	1757.500
1064	1757.600
1284	1758.000
1394	1758.000
1564	1758.000
1194	1758.100
1084	1758.200
1624	1758.200
1204	1758.300
1254	1758.300
1274	1758.600
1354	1758.600
1474	1758.600
1024	1758.700
1044	1758.700
1094	1758.800
1244	1758.800
1734	1758.800
1144	1759.000
1214	1759.000
1694	1759.000
1764	1759.000
1794	1759.000
1434	1759.200
1574	1759.200
1514	1759.400
1014	1759.600
1754	1759.700
1164	1759.900
1594	1760.000
1644	1760.000
1124	1760.400
1264	1760.400
1334	1760.500
1314	1760.600
1664	1760.600
1074	1760.700
1614	1760.700
1674	1760.700
1704	1760.700
1504	1760.800
1534	1760.900
1404	1761.000
1524	1761.200
1454	1761.300
1634	1761.300
1104	1761.500
1484	1761.600
1684	1761.600
1744	1761.600
1174	1761.700
1134	1761.900
1544	1762.000
1724	1762.100
1294	1762.300
1344	1762.400
1554	1762.400
1714	1762.400
1154	1762.500
1414	1762.500
1444	1762.500
1384	1762.600
1034	1762.800
1234	1762.800
1224	1763.000
1654	1763.000
1114	1763.100
1774	1763.100
1374	1763.200
1584	1763.300
1494	1763.500
1304	1763.600
1604	1763.700
1184	1763.800
1324	1763.800
1004	1763.900
1464	1763.900
1784	1764.000
1364	1764.100
1054	1764.200
1424	1764.200
1064	1764.500
1284	1764.600
1564	1764.600
1084	1764.700
1194	1764.700
1394	1764.700
1254	1764.800
1624	1764.800
1094	1765.100
1474	1765.100
1204	1765.200
1274	1765.200
1354	1765.200
1044	1765.300
1794	1765.300
1024	1765.400
1244	1765.500
1694	1765.500
1734	1765.500
1764	1765.600
1144	1765.800
1214	1765.800
1574	1765.800
1434	1765.900
1514	1765.900
1014	1766.100
1644	1766.400
1754	1766.400
1594	1766.500
1164	1766.700
1334	1767.000
1124	1767.100
1264	1767.100
1704	1767.100
1664	1767.200
1674	1767.200
1074	1767.300
1314	1767.300
1534	1767.300
1504	1767.400
1614	1767.400
1404	1767.600
1524	1767.800
1454	1767.900
1634	1768.000
1174	1768.100
1744	1768.100
1104	1768.200
1484	1768.200
1134	1768.300
1684	1768.300
1544	1768.500
1294	1768.800
1344	1768.800
1724	1768.800
1154	1768.900
1414	1769.000
1384	1769.100
1714	1769.100
1444	1769.200
1554	1769.200
1034	1769.400
1654	1769.500
1224	1769.600
1774	1769.600
1114	1769.700
1234	1769.700
1374	1769.800
1584	1769.800
1494	1770.100
1184	1770.200
1304	1770.200
1324	1770.300
1464	1770.300
1604	1770.300
1784	1770.500
1004	1770.700
1364	1770.800
1424	1770.900
1054	1771.000
1064	1771.200
1284	1771.200
1084	1771.400
1194	1771.400
1254	1771.400
1564	1771.400
1394	1771.500
1094	1771.600
1474	1771.600
1624	1771.600
1794	1771.700
1204	1771.800
1024	1771.900
1044	1771.900
1274	1771.900
1354	1771.900
1734	1772.100
1244	1772.200
1574	1772.200
1694	1772.200
1764	1772.200
1144	1772.400
1434	1772.500
1514	1772.500
1014	1772.700
1214	1772.700
1754	1772.800
1644	1772.900
1594	1773.000
1164	1773.400
1704	1773.400
1074	1773.700
1124	1773.700
1264	1773.700
1334	1773.700
1664	1773.700
1674	1773.700
1534	1773.800
1504	1773.900
1614	1773.900
1314	1774.100
1404	1774.100
1524	1774.300
1744	1774.400
1174	1774.500
1454	1774.600
1634	1774.700
1134	1774.900
1484	1774.900
1104	1775.000
1684	1775.000
1544	1775.100
1154	1775.300
1344	1775.300
1294	1775.400
1414	1775.500
1724	1775.500
1384	1775.700
1444	1775.800
1034	1775.900
1554	1775.900
1714	1775.900
1654	1776.100
1224	1776.200
1774	1776.200
1374	1776.400
1584	1776.400
1114	1776.500
1234	1776.500
1304	1776.700
1464	1776.700
1184	1776.800
1324	1776.800
1494	1776.800
1784	1776.900
1604	1777.100
1364	1777.300
1004	1777.400
1424	1777.600
1064	1777.700
1284	1777.700
1054	1777.800
1194	1777.800
1254	1778.000
1394	1778.000
1094	1778.100
1474	1778.100
1564	1778.100
1624	1778.200
1084	1778.300
1794	1778.300
1024	1778.400
1044	1778.400
1204	1778.400
1354	1778.500
1244	1778.600
1274	1778.600
1734	1778.600
1574	1778.800
1764	1778.800
1144	1778.900
1694	1778.900
1514	1779.100
1014	1779.200
1214	1779.300
1434	1779.300
1644	1779.500
1754	1779.500
1594	1779.600
1704	1779.900
1074	1780.100
1164	1780.200
1264	1780.200
1334	1780.300
1534	1780.300
1124	1780.400
1504	1780.400
1664	1780.400
1674	1780.400
1314	1780.600
1404	1780.700
1614	1780.700
1524	1780.800
1174	1781.000
1744	1781.000
1134	1781.300
1454	1781.300
1634	1781.300
1104	1781.500
1344	1781.600
1484	1781.700
1684	1781.700
1154	1781.800
1544	1781.800
1294	1781.900
1414	1782.000
1724	1782.100
1034	1782.200
1384	1782.400
1444	1782.400
1554	1782.400
1654	1782.700
1714	1782.700
1774	1782.700
1224	1782.900
1374	1782.900
1234	1783.000
1584	1783.000
1464	1783.100
1114	1783.200
1184	1783.300
1304	1783.300
1324	1783.300
1784	1783.300
1494	1783.500
1004	1783.800
1604	1783.800
1364	1783.900
1194	1784.200
1064	1784.300
1284	1784.300
1424	1784.300
1054	1784.400
1394	1784.500
1474	1784.600
1254	1784.700
1564	1784.700
1044	1784.800
1094	1784.800
1794	1784.800
1624	1784.900
1204	1785.000
1354	1785.100
1734	1785.100
1024	1785.200
1084	1785.200
1244	1785.200
1574	1785.200
1274	1785.300
1144	1785.400
1764	1785.400
1014	1785.600
1434	1785.700
1694	1785.700
1214	1785.900
1514	1785.900
1594	1786.000
1644	1786.000
1754	1786.100
1074	1786.600
1704	1786.600
1164	1786.800
1264	1786.800
1504	1786.900
1534	1786.900
1334	1787.000
1664	1787.000
1674	1787.000
1124	1787.100
1314	1787.200
1404	1787.200
1524	1787.200
1174	1787.500
1614	1787.500
1744	1787.500
1634	1787.900
1134	1788.000
1454	1788.000
1344	1788.100
1104	1788.200
1484	1788.200
1154	1788.300
1684	1788.300
1544	1788.400
1034	1788.600
1294	1788.600
1414	1788.600
1724	1788.700
1384	1788.900
1444	1788.900
1554	1788.900
1714	1789.300
1774	1789.300
1234	1789.400
1374	1789.400
1224	1789.500
1654	1789.500
1464	1789.700
1114	1789.800
1184	1789.800
1304	1789.800
1584	1789.800
1324	1789.900
1784	1789.900
1494	1790.200
1004	1790.300
1604	1790.500
1364	1790.600
1194	1790.800
1054	1790.900
1284	1790.900
1424	1791.000
1064	1791.100
1394	1791.100
1474	1791.200
1254	1791.300
1564	1791.300
1794	1791.300
1094	1791.400
1624	1791.400
1044	1791.500
1204	1791.600
1354	1791.600
1244	1791.700
1734	1791.800
1084	1791.900
1574	1791.900
1144	1792.000
1014	1792.100
1274	1792.100
1434	1792.100
1764	1792.100
1024	1792.200
1214	1792.400
1694	1792.400
1594	1792.600
1754	1792.600
1644	1792.700
1514	1792.900
1704	1793.100
1074	1793.300
1264	1793.300
1164	1793.400
1504	1793.400
1334	1793.600
1404	1793.600
1524	1793.600
1534	1793.600
1674	1793.700
1124	1793.800
1664	1793.800
1314	1793.900
1174	1794.200
1614	1794.200
1744	1794.200
1634	1794.500
1344	1794.600
1154	1794.700
1454	1794.700
1484	1794.700
1684	1794.700
1134	1794.800
1104	1794.900
1544	1794.900
1034	1795.200
1294	1795.300
1414	1795.300
1384	1795.400
1554	1795.400
1444	1795.500
1724	1795.500
1234	1795.800
1224	1795.900
1714	1795.900
1774	1795.900
1374	1796.000
1654	1796.200
1114	1796.300
1184	1796.300
1464	1796.300
1324	1796.400
1584	1796.400
1304	1796.500
1784	1796.500
1004	1796.700
1494	1796.900
1604	1797.200
1364	1797.300
1194	1797.400
1054	1797.500
1284	1797.600
1424	1797.700
1064	1797.800
1794	1797.800
1094	1797.900
1254	1797.900
1394	1797.900
1474	1797.900
1564	1798.000
1044	1798.100
1244	1798.100
1354	1798.100
1624	1798.200
1734	1798.200
1204	1798.300
1764	1798.500
1014	1798.600
1144	1798.700
1434	1798.700
1574	1798.700
1084	1798.800
1214	1798.800
1274	1798.800
1024	1799.000
1694	1799.100
1594	1799.200
1754	1799.200
1644	1799.300
1514	1799.500
1704	1799.700
1264	1799.800
1164	1799.900
1504	1799.900
1404	1800.000
1074	1800.100
1524	1800.200
1534	1800.300
1124	1800.400
1334	1800.400
1664	1800.400
1314	1800.500
1674	1800.600
1174	1800.800
1614	1800.900
1744	1800.900
1634	1801.100
1684	1801.100
1344	1801.200
1154	1801.300
1484	1801.300
1454	1801.400
1134	1801.600
1544	1801.600
1104	1801.700
1034	1801.800
1294	1801.900
1384	1801.900
1414	1801.900
1554	1802.100
1234	1802.200
1444	1802.200
1724	1802.200
1224	1802.400
1774	1802.400
1714	1802.600
1114	1802.800
1374	1802.800
1654	1802.800
1184	1802.900
1324	1803.000
1464	1803.000
1004	1803.100
1304	1803.100
1784	1803.100
1584	1803.200
1494	1803.500
1604	1803.800
1364	1804.000
1194	1804.100
1284	1804.100
1054	1804.300
1424	1804.300
1254	1804.400
1394	1804.500
1794	1804.500
1044	1804.600
1244	1804.600
1474	1804.600
1064	1804.700
1094	1804.700
1624	1804.700
1734	1804.700
1564	1804.800
1204	1804.900
1354	1804.900
1764	1804.900
1014	1805.200
1574	1805.300
1084	1805.500
1144	1805.500
1214	1805.500
1274	1805.500
1434	1805.600
1024	1805.700
1754	1805.800
1594	1805.900
1644	1805.900
1694	1805.900
1504	1806.200
1514	1806.300
1164	1806.400
1264	1806.400
1704	1806.400
1404	1806.500
1524	1806.800
1074	1806.900
1534	1807.000
1664	1807.000
1124	1807.100
1314	1807.100
1334	1807.300
1614	1807.400
1674	1807.400
1684	1807.500
1744	1807.500
1174	1807.700
1634	1807.800
1154	1807.900
1344	1807.900
1484	1808.000
1454	1808.100
1544	1808.200
1104	1808.300
1134	1808.300
1034	1808.400
1384	1808.500
1414	1808.500
1294	1808.600
1224	1808.800
1234	1808.800
1724	1808.900
1554	1809.000
1774	1809.000
1714	1809.100
1374	1809.200
1444	1809.200
1654	1809.400
1004	1809.500
1114	1809.500
1184	1809.500
1304	1809.600
1464	1809.600
1324	1809.700
1784	1809.800
1584	1809.900
1494	1810.100
1194	1810.600
1284	1810.600
1364	1810.700
1604	1810.700
1424	1810.800
1054	1810.900
1254	1810.900
1244	1811.100
1394	1811.100
1794	1811.100
1044	1811.200
1734	1811.200
1064	1811.300
1094	1811.400
1354	1811.400
1624	1811.400
1204	1811.500
1474	1811.500
1564	1811.500
1764	1811.600
1014	1811.800
1574	1811.900
1084	1812.000
1144	1812.100
1024	1812.300
1274	1812.300
1214	1812.400
1434	1812.500
1504	1812.600
1644	1812.600
1694	1812.600
1754	1812.800
1594	1812.900
1164	1813.100
1264	1813.100
1404	1813.100
1514	1813.100
1704	1813.200
1534	1813.500
1524	1813.600
1314	1813.800
1664	1813.800
1684	1813.800
1074	1813.900
1124	1813.900
1614	1813.900
1744	1814.000
1334	1814.200
1674	1814.300
1634	1814.400
1174	1814.500
1344	1814.500
1484	1814.500
1154	1814.600
1454	1814.600
1134	1814.800
1104	1815.000
1414	1815.000
1544	1815.000
1384	1815.100
1724	1815.300
1034	1815.400
1294	1815.400
1554	1815.400
1224	1815.500
1774	1815.500
1234	1815.600
1374	1815.700
1714	1815.700
1654	1815.900
1004	1816.100
1114	1816.100
1184	1816.100
1304	1816.100
1444	1816.100
1464	1816.200
1784	1816.200
1324	1816.300
1494	1816.500
1584	1816.600
1194	1817.000
1284	1817.100
1364	1817.100
1424	1817.200
1604	1817.200
1054	1817.400
1244	1817.500
1254	1817.500
1734	1817.500
1064	1817.600
1794	1817.600
1044	1817.700
1394	1817.700
1094	1817.800
1474	1817.800
1204	1817.900
1354	1817.900
1564	1817.900
1624	1817.900
1764	1818.000
1014	1818.100
1084	1818.300
1574	1818.300
1144	1818.500
1274	1818.600
1024	1818.700
1214	1818.700
1694	1818.700
1434	1818.900
1504	1818.900
1644	1818.900
1754	1819.000
1594	1819.200
1164	1819.300
1264	1819.300
1514	1819.300
1404	1819.400
1704	1819.500
1534	1819.700
1524	1819.800
1314	1819.900
1664	1819.900
1684	1819.900
1614	1820.000
1124	1820.100
1074	1820.200
1744	1820.200
1334	1820.300
1174	1820.500
1634	1820.500
1674	1820.500
1344	1820.600
1454	1820.600
1484	1820.600
1154	1820.700
1134	1820.800
1414	1820.900
1104	1821.000
1384	1821.000
1544	1821.000
1724	1821.200
1294	1821.300
1034	1821.500
1224	1821.500
1554	1821.500
1774	1821.500
1234	1821.600
1374	1821.600
1714	1821.700
1654	1821.800
1004	1822.000
1114	1822.000
1184	1822.000
1444	1822.000
1784	1822.000
1304	1822.100
1464	1822.100
1324	1822.200
1494	1822.300
1584	1822.500
1194	1822.800
1284	1822.900
1364	1822.900
1604	1823.000
1424	1823.100
1054	1823.200
1254	1823.300
1064	1823.400
1244	1823.400
1734	1823.400
1794	1823.500
1044	1823.600
1394	1823.600
1094	1823.700
1474	1823.700
1564	1823.700
1204	1823.800
1624	1823.800
1764	1823.800
1354	1823.900
1014	1824.000
1084	1824.100
1574	1824.300
1274	1824.400
1144	1824.500
1024	1824.600
1694	1824.600
1214	1824.700
1434	1824.800
1644	1824.800
1504	1824.900
1754	1825.000
1594	1825.100
1164	1825.200
1264	1825.200
1514	1825.300
1704	1825.300
1404	1825.400
1534	1825.700
1524	1825.800
1684	1825.800
1314	1825.900
1664	1825.900
1614	1826.000
1124	1826.100
1074	1826.200
1334	1826.200
1744	1826.200
1174	1826.500
1484	1826.500
1634	1826.500
1154	1826.600
1344	1826.600
1454	1826.600
1674	1826.600
1134	1826.800
1414	1826.800
1104	1826.900
1384	1827.000
1544	1827.100
1294	1827.200
1724	1827.200
1554	1827.500
1034	1827.600
1224	1827.600
1234	1827.600
1374	1827.600
1774	1827.600
1714	1827.700
1654	1827.800
1184	1827.900
1004	1828.000
1114	1828.000
1464	1828.000
1784	1828.000
1304	1828.100
1444	1828.100
1324	1828.200
1494	1828.200
1584	1828.500
1194	1828.800
1364	1828.800
1284	1828.900
1424	1829.100
1604	1829.100
1054	1829.200
1064	1829.300
1254	1829.300
1244	1829.400
1794	1829.400
1044	1829.500
1734	1829.500
1394	1829.600
1474	1829.600
1094	1829.700
1564	1829.700
1764	1829.700
1204	1829.800
1624	1829.800
1354	1829.900
1014	1830.000
1084	1830.000
1274	1830.300
1024	1830.400
1144	1830.400
1574	1830.400
1694	1830.500
1214	1830.600
1434	1830.700
1644	1830.700
1504	1830.800
1754	1830.800
1594	1830.900
1164	1831.000
1704	1831.000
1264	1831.200
1404	1831.300
1514	1831.300
1534	1831.600
1684	1831.600
1524	1831.700
1664	1831.700
1314	1831.800
1614	1831.900
1074	1832.000
1124	1832.000
1334	1832.000
1744	1832.000
1484	1832.300
1634	1832.300
1154	1832.400
1174	1832.400
1344	1832.400
1454	1832.400
1674	1832.500
1134	1832.600
1414	1832.600
1104	1832.700
1384	1832.800
1294	1833.000
1544	1833.000
1724	1833.000
1554	1833.300
1234	1833.400
1374	1833.400
1034	1833.500
1224	1833.500
1714	1833.500
1774	1833.500
1654	1833.600
1184	1833.700
1464	1833.700
1114	1833.800
1784	1833.800
1004	1833.900
1304	1834.000
1444	1834.000
1494	1834.000
1324	1834.100
1584	1834.400
1194	1834.600
1364	1834.600
1284	1834.800
1424	1835.000
1604	1835.000
1054	1835.100
1064	1835.100
1254	1835.100
1794	1835.200
1244	1835.300
1044	1835.400
1474	1835.500
1734	1835.500
1094	1835.600
1394	1835.600
1764	1835.600
1204	1835.700
1564	1835.700
1624	1835.800
1084	1835.900
1354	1835.900
1014	1836.000
1274	1836.200
1024	1836.300
1144	1836.400
1574	1836.400
1694	1836.400
1214	1836.600
1644	1836.600
1434	1836.700
1504	1836.800
1594	1836.800
1754	1836.800
1704	1836.900
1164	1837.000
1264	1837.200
1404	1837.300
1514	1837.300
1534	1837.600
1664	1837.600
1684	1837.600
1524	1837.700
1314	1837.800
1614	1837.900
1334	1838.000
1744	1838.000
1074	1838.100
1124	1838.100
1484	1838.300
1154	1838.400
1174	1838.400
1634	1838.400
1344	1838.500
1414	1838.500
1454	1838.500
1134	1838.600
1674	1838.600
1104	1838.700
1384	1838.800
1294	1838.900
1724	1839.000
1544	1839.100
1554	1839.300
1234	1839.400
1374	1839.400
1224	1839.500
1714	1839.500
1034	1839.600
1464	1839.600
1654	1839.600
1774	1839.600
1184	1839.700
1114	1839.800
1784	1839.800
1004	1839.900
1444	1840.000
1494	1840.000
1304	1840.100
1324	1840.100
1584	1840.400
1364	1840.500
1194	1840.600
1284	1840.800
1064	1841.000
1254	1841.000
1424	1841.000
1054	1841.100
1604	1841.100
1794	1841.100
1044	1841.300
1244	1841.300
1474	1841.400
1734	1841.500
1094	1841.600
1764	1841.600
1204	1841.700
1394	1841.700
1564	1841.700
1084	1841.800
1624	1841.800
1014	1842.000
1354	1842.000
1274	1842.100
1024	1842.200
1144	1842.400
1574	1842.400
1694	1842.400
1644	1842.500
1214	1842.600
1434	1842.600
1594	1842.700
1704	1842.700
1754	1842.700
1504	1842.800
1164	1842.900
1264	1843.100
1404	1843.300
1514	1843.300
1534	1843.500
1664	1843.500
1684	1843.500
1314	1843.700
1524	1843.700
1074	1843.900
1334	1843.900
1614	1843.900
1744	1843.900
1124	1844.000
1484	1844.100
1154	1844.300
1174	1844.300
1414	1844.300
1634	1844.300
1344	1844.400
1454	1844.400
1104	1844.500
1134	1844.500
1674	1844.600
1384	1844.700
1294	1844.800
1544	1845.000
1724	1845.000
1554	1845.200
1234	1845.300
1374	1845.300
1714	1845.300
1464	1845.400
1654	1845.400
1224	1845.500
1034	1845.600
1184	1845.600
1114	1845.700
1774	1845.700
1784	1845.700
1004	1845.800
1494	1845.800
1324	1845.900
1304	1846.000
1444	1846.000
1584	1846.300
1364	1846.400
1194	1846.500
1284	1846.800
1064	1846.900
1254	1846.900
1424	1847.000
1794	1847.000
1054	1847.100
1604	1847.100
1044	1847.200
1244	1847.300
1474	1847.300
1094	1847.500
1734	1847.500
1764	1847.600
1204	1847.700
1394	1847.700
1564	1847.700
1084	1847.800
1624	1847.800
1014	1848.000
1274	1848.000
1354	1848.000
1024	1848.200
1144	1848.400
1574	1848.400
1694	1848.400
1434	1848.500
1644	1848.500
1214	1848.600
1594	1848.700
1704	1848.700
1754	1848.700
1164	1848.900
1504	1848.900
1264	1849.100
1514	1849.300
1404	1849.400
1664	1849.500
1684	1849.500
1534	1849.600
1314	1849.700
1074	1849.800
1524	1849.800
1334	1849.900
1744	1849.900
1124	1850.000
1614	1850.000
1484	1850.100
1414	1850.200
1174	1850.300
1634	1850.300
1134	1850.400
1154	1850.400
1344	1850.400
1454	1850.500
1104	1850.600
1674	1850.600
1384	1850.700
1294	1850.800
1544	1851.000
1724	1851.000
1714	1851.200
1234	1851.300
1374	1851.300
1554	1851.300
1464	1851.400
1654	1851.400
1224	1851.500
1114	1851.700
1184	1851.700
1494	1851.700
1784	1851.700
1004	1851.800
1034	1851.800
1774	1851.800
1324	1851.900
1304	1852.000
1444	1852.000
1364	1852.400
1194	1852.500
1584	1852.500
1284	1852.800
1064	1852.900
1254	1852.900
1794	1852.900
1424	1853.000
1044	1853.200
1054	1853.200
1474	1853.200
1604	1853.200
1244	1853.400
1094	1853.500
1734	1853.500
1204	1853.600
1764	1853.600
1564	1853.700
1394	1853.800
1624	1853.800
1084	1853.900
1274	1853.900
1014	1854.000
1354	1854.100
1024	1854.200
1144	1854.400
1574	1854.400
1694	1854.400
1214	1854.500
1434	1854.500
1644	1854.500
1594	1854.600
1704	1854.600
1754	1854.600
1164	1854.900
1504	1854.900
1264	1855.000
1404	1855.300
1514	1855.300
1664	1855.400
1684	1855.400
1534	1855.500
1074	1855.600
1314	1855.600
1334	1855.700
1524	1855.700
1744	1855.800
1124	1855.900
1414	1856.000
1614	1856.000
1484	1856.100
1134	1856.200
1634	1856.200
1174	1856.300
1344	1856.300
1154	1856.400
1454	1856.400
1674	1856.500
1104	1856.600
1384	1856.600
1294	1856.700
1544	1856.900
1724	1857.000
1714	1857.100
1374	1857.200
1464	1857.200
1554	1857.200
1234	1857.300
1654	1857.300
1224	1857.500
1494	1857.500
1114	1857.600
1184	1857.600
1784	1857.600
1004	1857.700
1034	1857.800
1324	1857.800
1774	1857.800
1304	1857.900
1444	1857.900
1364	1858.200
1194	1858.400
1584	1858.500
1284	1858.700
1064	1858.800
1254	1858.800
1794	1858.800
1424	1859.000
1044	1859.100
1054	1859.100
1474	1859.100
1604	1859.100
1094	1859.400
1244	1859.400
1734	1859.500
1764	1859.500
1204	1859.600
1564	1859.600
1394	1859.700
1624	1859.700
1274	1859.800
1084	1859.900
1014	1860.000
1024	1860.200
1354	1860.200
1144	1860.400
1434	1860.400
1574	1860.400
1644	1860.400
1694	1860.400
1214	1860.500
1594	1860.500
1704	1860.500
1754	1860.500
1164	1860.900
1264	1860.900
1504	1861.000
1404	1861.300
1664	1861.300
1514	1861.400
1684	1861.400
1074	1861.500
1534	1861.500
1314	1861.700
1334	1861.700
1524	1861.700
1744	1861.800
1124	1861.900
1414	1861.900
1614	1862.100
1134	1862.200
1174	1862.200
1484	1862.200
1344	1862.300
1454	1862.300
1634	1862.300
1154	1862.500
1674	1862.500
1294	1862.600
1384	1862.600
1104	1862.700
1544	1862.900
1714	1863.000
1724	1863.100
1374	1863.200
1464	1863.200
1234	1863.300
1554	1863.300
1654	1863.300
1494	1863.500
1114	1863.600
1184	1863.600
1224	1863.600
1784	1863.600
1004	1863.700
1034	1863.800
1324	1863.800
1774	1863.800
1444	1863.900
1304	1864.000
1364	1864.200
1194	1864.400
1584	1864.600
1064	1864.700
1254	1864.700
1284	1864.700
1794	1864.700
1054	1865.000
1424	1865.000
1044	1865.100
1474	1865.100
1604	1865.100
1094	1865.400
1244	1865.400
1734	1865.400
1764	1865.400
1564	1865.500
1204	1865.600
1624	1865.600
1274	1865.700
1394	1865.800
1084	1865.900
1014	1866.000
1024	1866.200
1354	1866.200
1144	1866.400
1214	1866.400
1434	1866.400
1594	1866.400
1574	1866.500
1644	1866.500
1694	1866.500
1704	1866.500
1754	1866.600
1164	1866.900
1264	1867.000
1504	1867.000
1664	1867.300
1074	1867.400
1404	1867.400
1514	1867.400
1684	1867.400
1534	1867.500
1334	1867.600
1524	1867.700
1314	1867.800
1414	1867.800
1744	1867.800
1124	1867.900
1174	1868.100
1134	1868.200
1484	1868.200
1614	1868.200
1344	1868.300
1454	1868.300
1634	1868.300
1154	1868.500
1294	1868.500
1674	1868.500
1104	1868.600
1384	1868.600
1544	1868.800
1714	1869.000
1374	1869.100
1464	1869.100
1234	1869.200
1724	1869.200
1554	1869.300
1654	1869.300
1494	1869.400
1114	1869.500
1184	1869.500
1784	1869.500
1004	1869.700
1034	1869.700
1224	1869.700
1324	1869.700
1444	1869.800
1774	1869.800
1304	1870.000
1364	1870.100
1194	1870.300
1064	1870.600
1254	1870.600
1284	1870.600
1584	1870.600
1794	1870.600
1424	1870.900
1044	1871.000
1054	1871.000
1604	1871.000
1474	1871.100
1094	1871.300
1244	1871.400
1564	1871.400
1734	1871.400
1764	1871.400
1624	1871.500
1204	1871.600
1274	1871.600
1394	1871.800
1084	1871.900
1014	1872.000
1024	1872.100
1354	1872.100
1434	1872.300
1594	1872.300
1144	1872.400
1214	1872.400
1644	1872.400
1704	1872.400
1694	1872.500
1574	1872.600
1754	1872.600
1164	1872.800
1264	1872.900
1504	1873.100
1074	1873.300
1514	1873.300
1664	1873.300
1404	1873.400
1684	1873.400
1334	1873.500
1534	1873.500
1414	1873.700
1524	1873.700
1124	1873.800
1744	1873.800
1314	1873.900
1174	1874.100
1134	1874.200
1484	1874.200
1344	1874.300
1454	1874.300
1614	1874.300
1634	1874.300
1294	1874.400
1674	1874.400
1104	1874.500
1154	1874.500
1384	1874.600
1544	1874.900
1714	1874.900
1464	1875.000
1374	1875.100
1234	1875.200
1654	1875.300
1724	1875.300
1494	1875.400
1554	1875.400
1784	1875.400
1114	1875.500
1184	1875.500
1004	1875.700
1034	1875.700
1224	1875.700
1324	1875.700
1444	1875.700
1774	1875.800
1304	1876.100
1364	1876.100
1194	1876.200
1064	1876.500
1284	1876.500
1794	1876.500
1254	1876.600
1584	1876.700
1044	1876.900
1054	1876.900
1424	1876.900
1604	1876.900
1474	1877.100
1094	1877.300
1764	1877.300
1564	1877.400
1624	1877.400
1734	1877.400
1244	1877.500
1204	1877.600
1274	1877.600
1394	1877.800
1014	1877.900
1084	1877.900
1024	1878.100
1354	1878.100
1594	1878.200
1214	1878.300
1434	1878.300
1704	1878.300
1144	1878.400
1644	1878.400
1694	1878.500
1574	1878.600
1754	1878.600
1164	1878.700
1264	1878.800
1504	1879.000
1074	1879.100
1514	1879.200
1664	1879.200
1334	1879.300
1404	1879.300
1684	1879.300
1414	1879.500
1534	1879.500
1524	1879.600
1124	1879.700
1314	1879.800
1744	1879.800
1174	1880.000
1134	1880.100
1484	1880.100
1454	1880.200
1614	1880.200
1294	1880.300
1344	1880.300
1634	1880.300
1104	1880.400
1154	1880.400
1674	1880.400
1384	1880.500
1464	1880.800
1544	1880.800
1714	1880.900
1374	1881.000
1234	1881.100
1654	1881.200
1784	1881.200
1494	1881.300
1724	1881.300
1114	1881.400
1184	1881.400
1554	1881.400
1004	1881.600
1034	1881.600
1324	1881.600
1444	1881.600
1224	1881.700
1774	1881.700
1364	1882.000
1194	1882.100
1304	1882.200
1064	1882.300
1254	1882.400
1284	1882.400
1794	1882.400
1584	1882.600
1044	1882.800
1054	1882.800
1424	1882.800
1604	1882.800
1474	1883.000
1094	1883.200
1764	1883.200
1564	1883.300
1624	1883.300
1734	1883.300
1274	1883.500
1204	1883.600
1244	1883.600
1014	1883.800
1394	1883.800
1084	1883.900
1024	1884.000
1354	1884.100
1594	1884.100
1704	1884.100
1434	1884.200
1214	1884.300
1644	1884.300
1144	1884.400
1694	1884.400
1164	1884.600
1574	1884.600
1754	1884.600
1264	1884.700
1074	1885.000
1504	1885.000
1514	1885.100
1664	1885.100
1334	1885.200
1404	1885.200
1684	1885.200
1414	1885.400
1524	1885.500
1534	1885.500
1124	1885.600
1314	1885.800
1744	1885.800
1134	1886.000
1174	1886.000
1454	1886.100
1484	1886.100
1294	1886.200
1614	1886.200
1104	1886.300
1154	1886.300
1344	1886.300
1634	1886.300
1384	1886.400
1674	1886.400
1464	1886.700
1544	1886.800
1714	1886.800
1374	1886.900
1234	1887.100
1654	1887.100
1784	1887.100
1724	1887.200
1114	1887.300
1184	1887.300
1494	1887.300
1554	1887.400
1324	1887.500
1444	1887.500
1004	1887.600
1034	1887.600
1224	1887.600
1774	1887.700
1364	1887.800
1194	1888.000
1064	1888.200
1304	1888.200
1254	1888.300
1284	1888.300
1794	1888.300
1044	1888.600
1584	1888.600
1054	1888.700
1424	1888.700
1604	1888.700
1474	1888.900
1764	1889.000
1094	1889.100
1624	1889.100
1564	1889.200
1734	1889.200
1274	1889.300
1014	1889.600
1204	1889.600
1244	1889.600
1394	1889.700
1084	1889.800
1024	1889.900
1594	1889.900
1704	1889.900
1354	1890.000
1434	1890.000
1644	1890.100
1214	1890.200
1694	1890.200
1144	1890.300
1164	1890.500
1574	1890.500
1264	1890.600
1754	1890.600
1074	1890.800
1504	1890.900
1664	1890.900
1514	1891.000
1334	1891.100
1404	1891.100
1684	1891.100
1414	1891.300
1534	1891.400
1124	1891.500
1524	1891.500
1744	1891.700
1314	1891.800
1134	1891.900
1174	1891.900
1454	1892.000
1484	1892.000
1294	1892.100
1614	1892.100
1104	1892.200
1154	1892.200
1344	1892.200
1384	1892.200
1634	1892.200
1674	1892.400
1464	1892.600
1714	1892.600
1374	1892.800
1544	1892.800
1784	1892.900
1234	1893.000
1654	1893.000
1724	1893.100
1114	1893.200
1184	1893.200
1494	1893.200
1324	1893.300
1554	1893.300
1004	1893.400
1444	1893.400
1034	1893.500
1224	1893.500
1364	1893.700
1774	1893.700
1194	1893.900
1064	1894.100
1254	1894.200
1284	1894.200
1794	1894.200
1304	1894.300
1044	1894.500
1584	1894.500
1054	1894.600
1424	1894.600
1604	1894.600
1474	1894.800
1764	1894.800
1094	1895.000
1624	1895.000
1274	1895.100
1734	1895.100
1564	1895.200
1014	1895.400
1204	1895.600
1244	1895.600
1394	1895.700
1594	1895.700
1704	1895.700
1024	1895.800
1084	1895.800
1434	1895.900
1354	1896.000
1644	1896.000
1214	1896.100
1694	1896.200
1144	1896.300
1164	1896.300
1574	1896.400
1264	1896.500
1754	1896.500
1074	1896.600
1664	1896.700
1504	1896.800
1334	1896.900
1514	1896.900
1404	1897.000
1684	1897.000
1414	1897.200
1534	1897.300
1124	1897.400
1524	1897.400
1314	1897.600
1744	1897.600
1134	1897.700
1174	1897.800
1294	1897.900
1454	1897.900
1484	1897.900
1104	1898.000
1154	1898.100
1344	1898.100
1384	1898.100
1614	1898.100
1634	1898.100
1674	1898.300
1464	1898.400
1714	1898.500
1374	1898.700
1544	1898.700
1654	1898.800
1784	1898.800
1234	1898.900
1114	1899.000
1494	1899.000
1724	1899.000
1184	1899.100
1324	1899.100
1554	1899.100
1004	1899.200
1444	1899.300
1034	1899.400
1224	1899.500
1364	1899.500
1774	1899.600
1194	1899.700
1064	1899.900
1254	1900.000
1284	1900.000
1794	1900.100
1044	1900.300
1304	1900.300
1054	1900.400
1584	1900.400
1424	1900.500
1604	1900.500
1764	1900.600
1474	1900.700
1094	1900.800
1624	1900.800
1274	1900.900
1734	1901.000
1564	1901.100
1014	1901.300
1244	1901.500
1704	1901.500
1204	1901.600
1394	1901.600
1594	1901.600
1024	1901.700
1084	1901.700
1434	1901.700
1644	1901.800
1354	1901.900
1214	1902.000
1164	1902.100
1694	1902.100
1144	1902.200
1264	1902.300
1074	1902.400
1574	1902.400
1754	1902.400
1664	1902.500
1334	1902.700
1504	1902.700
1514	1902.800
1684	1902.900
1404	1903.000
1414	1903.000
1534	1903.200
1124	1903.300
1524	1903.300
1744	1903.400
1314	1903.500
1134	1903.600
1174	1903.700
1294	1903.700
1484	1903.700
1104	1903.800
1454	1903.800
1344	1903.900
1154	1904.000
1384	1904.000
1614	1904.000
1634	1904.000
1464	1904.200
1674	1904.200
1714	1904.400
1374	1904.600
1544	1904.600
1654	1904.600
1784	1904.600
1114	1904.800
1234	1904.800
1724	1904.800
1494	1904.900
1554	1904.900
1004	1905.000
1184	1905.000
1324	1905.000
1444	1905.200
1034	1905.300
1364	1905.300
1194	1905.500
1224	1905.500
1774	1905.500
1064	1905.700
1254	1905.800
1284	1905.800
1794	1906.000
1044	1906.100
1054	1906.200
1304	1906.200
1584	1906.200
1604	1906.300
1424	1906.400
1764	1906.400
1474	1906.500
1094	1906.600
1624	1906.600
1274	1906.700
1734	1906.800
1564	1906.900
1014	1907.200
1704	1907.300
1244	1907.400
1594	1907.400
1024	1907.500
1084	1907.500
1204	1907.500
1394	1907.500
1434	1907.500
1644	1907.600
1214	1907.800
1164	1907.900
1354	1907.900
1694	1907.900
1144	1908.100
1264	1908.100
1074	1908.300
1574	1908.300
1664	1908.300
1754	1908.300
1334	1908.500
1504	1908.600
1514	1908.600
1684	1908.700
1414	1908.800
1404	1908.900
1524	1909.100
1534	1909.100
1124	1909.200
1744	1909.300
1314	1909.400
1134	1909.500
1294	1909.500
1104	1909.600
1174	1909.600
1454	1909.600
1484	1909.600
1154	1909.800
1344	1909.800
1384	1909.800
1614	1909.800
1634	1909.900
1464	1910.000
1674	1910.100
1714	1910.200
1374	1910.400
1654	1910.400
1784	1910.400
1544	1910.500
1724	1910.600
1114	1910.700
1234	1910.700
1494	1910.700
1004	1910.800
1184	1910.800
1324	1910.800
1554	1910.800
1364	1911.100
1444	1911.100
1034	1911.200
1194	1911.300
1224	1911.400
1064	1911.500
1774	1911.500
1254	1911.600
1284	1911.700
1794	1911.800
1044	1911.900
1054	1912.000
1584	1912.000
1304	1912.100
1604	1912.100
1764	1912.200
1424	1912.300
1474	1912.300
1094	1912.400
1274	1912.400
1624	1912.400
1734	1912.600
1564	1912.700
1014	1913.000
1704	1913.100
1244	1913.200
1594	1913.200
1084	1913.300
1434	1913.300
1024	1913.400
1394	1913.400
1204	1913.500
1644	1913.500
1214	1913.600
1164	1913.700
1354	1913.800
1694	1913.800
1264	1913.900
1144	1914.000
1664	1914.100
1074	1914.200
1574	1914.200
1754	1914.200
1334	1914.400
1514	1914.500
1684	1914.500
1504	1914.600
1404	1914.700
1414	1914.700
1524	1915.000
1534	1915.000
1124	1915.100
1314	1915.200
1744	1915.200
1134	1915.300
1294	1915.300
1104	1915.400
1174	1915.400
1454	1915.400
1484	1915.400
1154	1915.600
1384	1915.600
1614	1915.600
1344	1915.700
1634	1915.700
1464	1915.800
1674	1916.000
1714	1916.000
1374	1916.200
1654	1916.200
1784	1916.200
1544	1916.400
1724	1916.400
1114	1916.500
1494	1916.500
1004	1916.600
1184	1916.600
1234	1916.600
1324	1916.600
1554	1916.700
1364	1916.900
1444	1916.900
1034	1917.100
1194	1917.100
1224	1917.200
1064	1917.300
1254	1917.400
1774	1917.400
1284	1917.500
1794	1917.600
1044	1917.700
1054	1917.800
1584	1917.800
1604	1917.900
1764	1918.000
1274	1918.100
1304	1918.100
1424	1918.100
1474	1918.100
1094	1918.200
1624	1918.200
1734	1918.400
1564	1918.600
1014	1918.800
1704	1918.900
1244	1919.000
1594	1919.000
1084	1919.100
1434	1919.200
1024	1919.300
1204	1919.300
1394	1919.300
1644	1919.400
1164	1919.500
1214	1919.500
1694	1919.700
1264	1919.800
1354	1919.800
1144	1919.900
1664	1919.900
1754	1920.000
1074	1920.100
1574	1920.100
1334	1920.200
1684	1920.300
1514	1920.400
1414	1920.500
1504	1920.500
1404	1920.600
1524	1920.900
1534	1920.900
1124	1921.000
1294	1921.000
1314	1921.000
1134	1921.100
1744	1921.100
1104	1921.200
1454	1921.200
1484	1921.200
1174	1921.300
1154	1921.400
1384	1921.400
1614	1921.400
1344	1921.500
1464	1921.600
1634	1921.600
1674	1921.800
1714	1921.800
1374	1922.000
1784	1922.000
1654	1922.100
1114	1922.200
1544	1922.200
1724	1922.200
1184	1922.300
1494	1922.300
1004	1922.400
1234	1922.400
1324	1922.400
1554	1922.500
1364	1922.700
1444	1922.800
1194	1922.900
1034	1923.000
1224	1923.000
1064	1923.100
1254	1923.200
1284	1923.300
1774	1923.300
1044	1923.400
1794	1923.400
1054	1923.600
1584	1923.600
1604	1923.700
1764	1923.800
1094	1923.900
1274	1923.900
1424	1923.900
1474	1923.900
1304	1924.000
1624	1924.000
1734	1924.300
1564	1924.400
1014	1924.700
1704	1924.700
1244	1924.800
1594	1924.800
1084	1925.000
1434	1925.000
1204	1925.100
1024	1925.200
1394	1925.200
1644	1925.200
1164	1925.300
1214	1925.300
1264	1925.600
1694	1925.600
1354	1925.700
1664	1925.700
1144	1925.800
1754	1925.900
1074	1926.000
1334	1926.000
1574	1926.000
1684	1926.100
1414	1926.300
1514	1926.300
1404	1926.400
1504	1926.400
1534	1926.700
1294	1926.800
1524	1926.800
1124	1926.900
1134	1926.900
1314	1926.900
1104	1927.000
1454	1927.000
1744	1927.000
1174	1927.100
1484	1927.100
1154	1927.200
1384	1927.200
1614	1927.200
1344	1927.300
1464	1927.400
1634	1927.500
1674	1927.600
1714	1927.600
1374	1927.800
1784	1927.800
1114	1927.900
1654	1927.900
1724	1928.000
1184	1928.100
1494	1928.100
1544	1928.100
1004	1928.200
1234	1928.200
1324	1928.200
1364	1928.400
1554	1928.400
1194	1928.700
1444	1928.700
1034	1928.800
1064	1928.900
1224	1928.900
1254	1929.000
1044	1929.100
1284	1929.100
1794	1929.200
1774	1929.300
1054	1929.400
1584	1929.400
1604	1929.500
1764	1929.500
1094	1929.700
1274	1929.700
1424	1929.700
1474	1929.700
1624	1929.700
1304	1929.900
1734	1930.100
1564	1930.200
1704	1930.400
1014	1930.500
1244	1930.600
1594	1930.600
1084	1930.800
1434	1930.800
1204	1930.900
1024	1931.000
1644	1931.000
1164	1931.100
1214	1931.100
1394	1931.100
1264	1931.400
1694	1931.400
1354	1931.500
1664	1931.500
1144	1931.600
1754	1931.700
1074	1931.800
1334	1931.800
1574	1931.800
1684	1931.800
1414	1932.000
1514	1932.100
1404	1932.200
1504	1932.300
1534	1932.500
1294	1932.600
1524	1932.600
1134	1932.700
1104	1932.800
1124	1932.800
1314	1932.800
1454	1932.800
1744	1932.800
1174	1932.900
1154	1933.000
1384	1933.000
1484	1933.000
1344	1933.100
1614	1933.100
1464	1933.200
1634	1933.300
1674	1933.400
1714	1933.400
1374	1933.600
1784	1933.600
1114	1933.700
1654	1933.700
1184	1933.900
1494	1933.900
1724	1933.900
1004	1934.000
1234	1934.000
1324	1934.000
1544	1934.000
1364	1934.200
1554	1934.200
1194	1934.500
1444	1934.500
1034	1934.700
1064	1934.700
1044	1934.800
1224	1934.800
1254	1934.800
1284	1934.900
1794	1935.000
1054	1935.200
1584	1935.200
1764	1935.200
1774	1935.200
1604	1935.300
1094	1935.500
1274	1935.500
1474	1935.500
1624	1935.500
1424	1935.600
1304	1935.800
1734	1935.900
1564	1936.000
1704	1936.100
1014	1936.300
1244	1936.400
1594	1936.400
1084	1936.600
1434	1936.600
1024	1936.800
1204	1936.800
1644	1936.800
1164	1936.900
1214	1936.900
1394	1937.000
1264	1937.200
1664	1937.200
1694	1937.200
1354	1937.300
1144	1937.400
1754	1937.500
1074	1937.600
1334	1937.600
1574	1937.600
1684	1937.600
1414	1937.800
1514	1937.900
1404	1938.000
1504	1938.200
1534	1938.300
1294	1938.400
1524	1938.400
1134	1938.500
1104	1938.600
1124	1938.600
1454	1938.600
1744	1938.600
1174	1938.700
1314	1938.700
1154	1938.800
1384	1938.800
1344	1938.900
1484	1938.900
1614	1938.900
1464	1939.000
1634	1939.100
1674	1939.200
1714	1939.200
1784	1939.300
1374	1939.400
1114	1939.500
1654	1939.500
1184	1939.700
1494	1939.700
1724	1939.700
1004	1939.800
1234	1939.800
1324	1939.800
1544	1939.800
1364	1940.000
1554	1940.000
1194	1940.300
1444	1940.300
1064	1940.400
1034	1940.600
1044	1940.600
1254	1940.600
1224	1940.700
1284	1940.800
1794	1940.800
1764	1940.900
1054	1941.000
1774	1941.000
1584	1941.100
1604	1941.100
1274	1941.200
1094	1941.300
1474	1941.300
1624	1941.300
1424	1941.500
1304	1941.700
1734	1941.700
1564	1941.800
1704	1941.900
1014	1942.100
1594	1942.200
1244	1942.300
1084	1942.400
1434	1942.400
1024	1942.600
1644	1942.600
1164	1942.700
1204	1942.700
1214	1942.700
1394	1942.800
1264	1943.000
1664	1943.000
1354	1943.100
1694	1943.100
1144	1943.200
1754	1943.300
1074	1943.400
1334	1943.400
1574	1943.400
1684	1943.400
1414	1943.600
1514	1943.700
1404	1943.800
1504	1944.000
1294	1944.100
1534	1944.100
1134	1944.200
1524	1944.200
1104	1944.400
1124	1944.400
1744	1944.400
1174	1944.500
1454	1944.500
1154	1944.600
1314	1944.600
1384	1944.600
1344	1944.700
1614	1944.700
1464	1944.800
1484	1944.800
1634	1944.900
1674	1945.000
1714	1945.000
1784	1945.100
1114	1945.200
1374	1945.200
1654	1945.300
1184	1945.500
1494	1945.500
1724	1945.500
1004	1945.600
1234	1945.600
1324	1945.600
1544	1945.600
1364	1945.700
1554	1945.800
1194	1946.000
1064	1946.100
1444	1946.100
1254	1946.300
1034	1946.400
1044	1946.400
1224	1946.600
1284	1946.600
1764	1946.600
1794	1946.600
1054	1946.800
1774	1946.800
1274	1946.900
1584	1946.900
1604	1946.900
1094	1947.100
1474	1947.100
1624	1947.100
1424	1947.400
1734	1947.500
1304	1947.600
1564	1947.600
1704	1947.600
1014	1947.900
1594	1948.000
1084	1948.200
1244	1948.200
1434	1948.200
1024	1948.400
1164	1948.500
1214	1948.500
1644	1948.500
1204	1948.600
1394	1948.600
1264	1948.800
1664	1948.800
1354	1948.900
1144	1949.000
1694	1949.000
1754	1949.100
1074	1949.200
1334	1949.200
1574	1949.200
1684	1949.200
1414	1949.400
1514	1949.500
1404	1949.600
1294	1949.800
1504	1949.800
1134	1949.900
1534	1949.900
1524	1950.000
1104	1950.100
1744	1950.200
1124	1950.300
1174	1950.300
1454	1950.300
1154	1950.400
1314	1950.400
1384	1950.400
1344	1950.500
1464	1950.500
1614	1950.500
1484	1950.600
1634	1950.700
1674	1950.800
1714	1950.800
1784	1950.900
1114	1951.000
1374	1951.000
1654	1951.100
1184	1951.300
1494	1951.300
1724	1951.300
1004	1951.400
1234	1951.400
1324	1951.400
1544	1951.400
1364	1951.500
1554	1951.600
1194	1951.700
1064	1951.900
1444	1951.900
1254	1952.100
1034	1952.200
1044	1952.200
1794	1952.300
1284	1952.400
1764	1952.400
1054	1952.500
1224	1952.500
1774	1952.600
1274	1952.700
1584	1952.700
1604	1952.700
1094	1952.900
1474	1952.900
1624	1952.900
1424	1953.200
1704	1953.300
1734	1953.300
1564	1953.400
1304	1953.500
1014	1953.700
1594	1953.800
1084	1954.000
1434	1954.000
1244	1954.100
1024	1954.200
1164	1954.300
1214	1954.300
1644	1954.300
1394	1954.400
1204	1954.500
1264	1954.600
1664	1954.600
1144	1954.800
1354	1954.800
1694	1954.900
1074	1955.000
1334	1955.000
1574	1955.000
1684	1955.000
1754	1955.000
1414	1955.200
1514	1955.300
1404	1955.400
1294	1955.600
1504	1955.600
1134	1955.700
1534	1955.700
1524	1955.800
1104	1955.900
1744	1956.000
1124	1956.100
1174	1956.100
1454	1956.100
1154	1956.200
1314	1956.200
1384	1956.200
1344	1956.300
1464	1956.300
1484	1956.400
1614	1956.400
1634	1956.500
1674	1956.600
1714	1956.600
1374	1956.700
1784	1956.700
1114	1956.800
1654	1956.900
1184	1957.100
1494	1957.100
1724	1957.100
1004	1957.200
1234	1957.200
1324	1957.200
1364	1957.300
1544	1957.300
1194	1957.400
1554	1957.400
1064	1957.700
1444	1957.700
1254	1957.900
1034	1958.000
1044	1958.000
1794	1958.000
1284	1958.200
1764	1958.200
1054	1958.300
1224	1958.400
1274	1958.400
1584	1958.500
1604	1958.500
1774	1958.500
1094	1958.700
1474	1958.700
1624	1958.700
1424	1959.000
1704	1959.000
1734	1959.100
1564	1959.200
1304	1959.400
1014	1959.500
1594	1959.500
1434	1959.700
1084	1959.800
1024	1960.000
1164	1960.000
1244	1960.000
1214	1960.100
1644	1960.100
1394	1960.200
1204	1960.300
1264	1960.300
1664	1960.400
1144	1960.600
1354	1960.600
1074	1960.700
1694	1960.700
1334	1960.800
1574	1960.800
1684	1960.800
1754	1960.800
1414	1960.900
1514	1961.100
1404	1961.200
1294	1961.400
1504	1961.400
1134	1961.500
1534	1961.500
1524	1961.600
1104	1961.700
1174	1961.800
1744	1961.800
1124	1961.900
1454	1961.900
1154	1962.000
1314	1962.100
1344	1962.100
1384	1962.100
1464	1962.100
1484	1962.200
1614	1962.300
1634	1962.400
1674	1962.400
1714	1962.400
1374	1962.500
1784	1962.500
1114	1962.600
1654	1962.700
1184	1962.900
1494	1962.900
1004	1963.000
1234	1963.000
1324	1963.000
1364	1963.000
1724	1963.000
1544	1963.100
1194	1963.200
1554	1963.200
1064	1963.400
1444	1963.500
1254	1963.600
1794	1963.700
1044	1963.800
1034	1963.900
1054	1964.000
1284	1964.000
1764	1964.000
1224	1964.200
1274	1964.200
1604	1964.300
1774	1964.300
1584	1964.400
1094	1964.500
1474	1964.500
1624	1964.500
1704	1964.700
1424	1964.900
1734	1964.900
1564	1965.000
1594	1965.200
1014	1965.300
1304	1965.300
1434	1965.500
1084	1965.600
1024	1965.700
1164	1965.800
1214	1965.900
1244	1965.900
1644	1965.900
1204	1966.100
1264	1966.100
1394	1966.100
1664	1966.200
1144	1966.400
1354	1966.400
1074	1966.500
1684	1966.500
1694	1966.500
1334	1966.600
1574	1966.600
1414	1966.700
1754	1966.700
1514	1966.800
1404	1967.000
1134	1967.200
1294	1967.200
1504	1967.200
1534	1967.300
1524	1967.400
1104	1967.500
1174	1967.500
1744	1967.600
1124	1967.700
1154	1967.700
1454	1967.700
1344	1967.800
1314	1967.900
1384	1967.900
1464	1967.900
1484	1968.000
1614	1968.100
1714	1968.100
1374	1968.200
1634	1968.200
1674	1968.200
1784	1968.200
1114	1968.400
1654	1968.500
1494	1968.600
1184	1968.700
1364	1968.700
1004	1968.800
1234	1968.800
1324	1968.800
1724	1968.800
1194	1968.900
1544	1968.900
1554	1969.100
1064	1969.200
1444	1969.300
1254	1969.400
1044	1969.500
1794	1969.500
1054	1969.700
1034	1969.800
1284	1969.800
1764	1969.800
1274	1969.900
1224	1970.000
1604	1970.100
1774	1970.100
1584	1970.200
1094	1970.300
1474	1970.300
1624	1970.300
1704	1970.400
1424	1970.700
1734	1970.700
1564	1970.800
1594	1970.900
1014	1971.100
1304	1971.200
1434	1971.200
1084	1971.400
1024	1971.500
1164	1971.600
1644	1971.600
1214	1971.700
1244	1971.800
1204	1971.900
1264	1971.900
1394	1972.000
1664	1972.000
1144	1972.200
1354	1972.200
1074	1972.300
1684	1972.300
1694	1972.300
1334	1972.400
1574	1972.400
1414	1972.500
1514	1972.600
1754	1972.600
1404	1972.800
1134	1973.000
1294	1973.000
1504	1973.000
1534	1973.100
1174	1973.200
1524	1973.200
1104	1973.300
1744	1973.400
1124	1973.500
1154	1973.500
1454	1973.500
1344	1973.600
1314	1973.700
1384	1973.700
1464	1973.700
1484	1973.700
1714	1973.800
1614	1973.900
1784	1973.900
1374	1974.000
1634	1974.000
1674	1974.000
1114	1974.200
1654	1974.200
1494	1974.300
1184	1974.400
1364	1974.400
1234	1974.500
1324	1974.500
1004	1974.600
1194	1974.600
1724	1974.600
1544	1974.700
1064	1974.900
1554	1974.900
1254	1975.100
1444	1975.100
1044	1975.200
1794	1975.200
1054	1975.400
1034	1975.600
1274	1975.600
1284	1975.600
1764	1975.600
1224	1975.800
1604	1975.900
1774	1975.900
1094	1976.100
1474	1976.100
1584	1976.100
1624	1976.100
1704	1976.100
1424	1976.500
1734	1976.500
1564	1976.600
1594	1976.600
1014	1976.900
1434	1976.900
1304	1977.100
1084	1977.200
1024	1977.300
1164	1977.300
1644	1977.400
1214	1977.500
1204	1977.700
1244	1977.700
1264	1977.700
1394	1977.800
1664	1977.800
1074	1978.000
1144	1978.000
1354	1978.000
1684	1978.100
1694	1978.100
1334	1978.200
1574	1978.200
1414	1978.300
1514	1978.400
1754	1978.500
1404	1978.600
1134	1978.800
1294	1978.800
1504	1978.800
1174	1978.900
1534	1978.900
1524	1979.000
1104	1979.100
1744	1979.200
1124	1979.300
1154	1979.300
1454	1979.300
1344	1979.400
1314	1979.500
1384	1979.500
1464	1979.500
1484	1979.500
1714	1979.600
1784	1979.700
1374	1979.800
1614	1979.800
1634	1979.800
1674	1979.800
1114	1980.000
1654	1980.000
1184	1980.100
1364	1980.100
1494	1980.100
1324	1980.200
1194	1980.300
1234	1980.300
1004	1980.400
1724	1980.400
1544	1980.500
1064	1980.600
1554	1980.700
1254	1980.800
1044	1980.900
1444	1980.900
1794	1980.900
1054	1981.100
1274	1981.300
1284	1981.300
1764	1981.300
1034	1981.400
1224	1981.600
1604	1981.600
1774	1981.700
1704	1981.800
1094	1981.900
1474	1981.900
1584	1981.900
1624	1981.900
1424	1982.300
1594	1982.300
1734	1982.300
1564	1982.400
1014	1982.700
1434	1982.700
1084	1983.000
1304	1983.000
1024	1983.100
1164	1983.100
1644	1983.200
1214	1983.300
1204	1983.500
1264	1983.500
1244	1983.600
1394	1983.600
1664	1983.600
1074	1983.800
1144	1983.800
1354	1983.800
1334	1984.000
1574	1984.000
1684	1984.000
1694	1984.000
1414	1984.100
1514	1984.200
1754	1984.300
1404	1984.400
1294	1984.500
1134	1984.600
1504	1984.600
1174	1984.700
1534	1984.700
1524	1984.800
1104	1984.900
1744	1985.000
1124	1985.100
1154	1985.100
1454	1985.100
1344	1985.200
1314	1985.300
1384	1985.300
1464	1985.300
1484	1985.300
1714	1985.400
1784	1985.400
1374	1985.600
1634	1985.600
1674	1985.600
1614	1985.700
1114	1985.800
1184	1985.800
1364	1985.800
1654	1985.800
1324	1985.900
1494	1985.900
1194	1986.100
1234	1986.100
1004	1986.200
1724	1986.200
1064	1986.300
1544	1986.300
1254	1986.500
1554	1986.500
1044	1986.600
1794	1986.600
1444	1986.700
1054	1986.800
1274	1987.000
1764	1987.000
1284	1987.100
1034	1987.200
1604	1987.300
1224	1987.400
1704	1987.400
1774	1987.500
1094	1987.700
1474	1987.700
1584	1987.700
1624	1987.700
1594	1988.000
1734	1988.000
1424	1988.100
1564	1988.100
1014	1988.400
1434	1988.400
1084	1988.800
1024	1988.900
1164	1988.900
1304	1988.900
1644	1988.900
1214	1989.100
1204	1989.300
1264	1989.300
1244	1989.400
1394	1989.400
1664	1989.400
1074	1989.600
1144	1989.600
1354	1989.600
1334	1989.700
1414	1989.800
1574	1989.800
1684	1989.800
1694	1989.900
1514	1990.000
1404	1990.200
1754	1990.200
1294	1990.300
1134	1990.400
1504	1990.400
1174	1990.500
1534	1990.500
1104	1990.600
1524	1990.600
1124	1990.900
1154	1990.900
1744	1990.900
1344	1991.000
1454	1991.000
1464	1991.000
1314	1991.100
1384	1991.100
1484	1991.100
1714	1991.200
1784	1991.200
1374	1991.400
1634	1991.400
1674	1991.400
1114	1991.500
1614	1991.500
1184	1991.600
1364	1991.600
1654	1991.600
1324	1991.700
1494	1991.700
1194	1991.800
1234	1991.900
1004	1992.000
1064	1992.000
1724	1992.000
1254	1992.200
1544	1992.200
1044	1992.300
1554	1992.300
1794	1992.300
1054	1992.500
1444	1992.500
1274	1992.700
1764	1992.800
1284	1992.900
1034	1993.000
1604	1993.000
1704	1993.100
1224	1993.200
1774	1993.300
1624	1993.400
1094	1993.500
1474	1993.500
1584	1993.500
1594	1993.700
1564	1993.800
1734	1993.800
1424	1993.900
1014	1994.100
1434	1994.100
1084	1994.600
1164	1994.600
1644	1994.600
1024	1994.700
1304	1994.700
1214	1994.900
1264	1995.000
1204	1995.100
1244	1995.200
1394	1995.200
1664	1995.200
1074	1995.300
1144	1995.300
1334	1995.400
1354	1995.500
1414	1995.500
1574	1995.600
1684	1995.600
1694	1995.700
1514	1995.800
1404	1996.000
1754	1996.000
1294	1996.100
1134	1996.200
1504	1996.200
1174	1996.300
1534	1996.300
1104	1996.400
1524	1996.500
1124	1996.700
1154	1996.700
1744	1996.700
1344	1996.800
1454	1996.800
1464	1996.800
1314	1996.900
1384	1996.900
1484	1996.900
1714	1997.000
1784	1997.000
1374	1997.200
1634	1997.200
1674	1997.200
1114	1997.300
1614	1997.300
1184	1997.400
1364	1997.400
1654	1997.400
1194	1997.500
1324	1997.500
1494	1997.500
1064	1997.700
1004	1997.800
1234	1997.800
1724	1997.800
1254	1997.900
1044	1998.000
1544	1998.000
1794	1998.000
1554	1998.100
1054	1998.200
1444	1998.300
1274	1998.400
1764	1998.600
1284	1998.700
1604	1998.800
1704	1998.800
1034	1998.900
1224	1999.000
1624	1999.100
1474	1999.200
1774	1999.200
1094	1999.300
1584	1999.300
1594	1999.400
1734	1999.500
1564	1999.600
1424	1999.700
1014	1999.900
1434	1999.900
