# NEST version: UNKNOWN
# RecordingBackendASCII version: 2
sender	time_ms	V_m
6	1.000	-52.964
6	2.000	-53.862
6	3.000	-54.501
6	4.000	-54.999
6	5.000	-55.473
6	6.000	-55.926
6	7.000	-56.359
6	8.000	-56.775
6	9.000	-57.173
6	10.000	-57.555
6	11.000	-57.922
6	12.000	-58.274
6	13.000	-58.611
6	14.000	-58.934
6	15.000	-59.244
6	16.000	-59.540
6	17.000	-59.824
6	18.000	-60.095
6	19.000	-60.354
6	20.000	-60.602
6	21.000	-60.838
6	22.000	-61.063
6	23.000	-61.278
6	24.000	-61.483
6	25.000	-61.679
6	26.000	-61.865
6	27.000	-62.042
6	28.000	-62.211
6	29.000	-62.372
6	30.000	-62.526
6	31.000	-62.671
6	32.000	-62.810
6	33.000	-62.942
6	34.000	-63.068
6	35.000	-63.067
6	36.000	-62.929
6	37.000	-62.593
6	38.000	-62.335
6	39.000	-62.162
6	40.000	-62.058
6	41.000	-62.008
6	42.000	-62.000
6	43.000	-61.751
6	44.000	-61.592
6	45.000	-61.503
6	46.000	-61.158
6	47.000	-60.702
6	48.000	-60.391
6	49.000	-59.921
6	50.000	-59.356
6	51.000	-58.975
6	52.000	-58.550
6	53.000	-57.980
6	54.000	-57.333
6	55.000	-56.907
6	56.000	-56.654
6	57.000	-56.536
6	58.000	-56.523
6	59.000	-56.591
6	60.000	-56.721
6	61.000	-56.899
6	62.000	-57.112
6	63.000	-57.351
6	64.000	-57.608
6	65.000	-57.821
6	66.000	-57.854
6	67.000	-57.947
6	68.000	-57.899
6	69.000	-57.858
6	70.000	-57.893
6	71.000	-57.987
6	72.000	-57.869
6	73.000	-57.845
6	74.000	-57.836
6	75.000	-57.698
6	76.000	-57.659
6	77.000	-57.512
6	78.000	-57.399
6	79.000	-57.382
6	80.000	-57.279
6	81.000	-57.178
6	82.000	-57.172
6	83.000	-57.240
6	84.000	-57.364
6	85.000	-57.476
6	86.000	-57.434
6	87.000	-57.472
6	88.000	-57.571
6	89.000	-57.660
6	90.000	-57.599
6	91.000	-57.390
6	92.000	-57.276
6	93.000	-57.259
6	94.000	-57.317
6	95.000	-57.433
6	96.000	-57.593
6	97.000	-57.786
6	98.000	-58.003
6	99.000	-58.126
6	100.000	-57.978
6	101.000	-57.834
6	102.000	-57.789
6	103.000	-57.821
6	104.000	-57.751
6	105.000	-57.670
6	106.000	-57.675
6	107.000	-57.746
6	108.000	-57.708
6	109.000	-57.651
6	110.000	-57.675
6	111.000	-57.508
6	112.000	-57.447
6	113.000	-57.469
6	114.000	-57.556
6	115.000	-57.692
6	116.000	-57.865
6	117.000	-58.065
6	118.000	-58.075
6	119.000	-58.100
6	120.000	-58.183
6	121.000	-58.311
6	122.000	-58.472
6	123.000	-58.657
6	124.000	-58.861
6	125.000	-59.076
6	126.000	-59.298
6	127.000	-59.525
6	128.000	-59.753
6	129.000	-59.979
6	130.000	-60.203
6	131.000	-60.422
6	132.000	-60.636
6	133.000	-60.697
6	134.000	-60.398
6	135.000	-60.210
6	136.000	-60.109
6	137.000	-60.077
6	138.000	-60.098
6	139.000	-60.102
6	140.000	-59.945
6	141.000	-59.871
6	142.000	-59.669
6	143.000	-59.492
6	144.000	-59.405
6	145.000	-59.390
6	146.000	-59.431
6	147.000	-59.514
6	148.000	-59.630
6	149.000	-59.770
6	150.000	-59.927
6	151.000	-60.097
6	152.000	-60.275
6	153.000	-60.458
6	154.000	-60.400
6	155.000	-60.374
6	156.000	-60.398
6	157.000	-60.459
6	158.000	-60.550
6	159.000	-60.632
6	160.000	-60.357
6	161.000	-60.064
6	162.000	-59.884
6	163.000	-59.792
6	164.000	-59.769
6	165.000	-59.799
6	166.000	-59.871
6	167.000	-59.759
6	168.000	-59.243
6	169.000	-58.805
6	170.000	-58.524
6	171.000	-58.282
6	172.000	-57.985
6	173.000	-57.819
6	174.000	-57.525
6	175.000	-57.343
6	176.000	-57.272
6	177.000	-57.231
6	178.000	-57.074
6	179.000	-57.024
6	180.000	-57.057
6	181.000	-56.948
6	182.000	-56.892
6	183.000	-56.922
6	184.000	-57.017
6	185.000	-57.164
6	186.000	-57.142
6	187.000	-56.899
6	188.000	-56.785
6	189.000	-56.771
6	190.000	-56.834
6	191.000	-56.956
6	192.000	-57.124
6	193.000	-57.073
6	194.000	-56.877
6	195.000	-56.776
6	196.000	-56.341
6	197.000	-56.017
6	198.000	-55.847
6	199.000	-55.620
6	200.000	-55.461
6	201.000	-55.422
6	202.000	-55.478
6	203.000	-55.384
6	204.000	-55.374
6	205.000	-55.453
6	206.000	-55.367
6	207.000	-55.130
6	208.000	-55.034
6	209.000	-55.049
6	210.000	-55.148
6	211.000	-55.286
6	212.000	-55.262
6	213.000	-55.154
6	214.000	-55.090
6	215.000	-55.129
6	216.000	-55.193
6	217.000	-55.140
6	218.000	-55.187
6	219.000	-55.083
6	220.000	-54.832
6	221.000	-54.728
6	222.000	-54.607
6	223.000	-53.981
6	224.000	-53.395
6	225.000	-52.992
6	226.000	-52.602
6	227.000	-52.406
6	228.000	-52.361
6	229.000	-52.288
6	230.000	-52.254
6	231.000	-52.336
6	232.000	-52.509
6	233.000	-52.752
6	234.000	-52.900
6	235.000	-53.008
6	236.000	-52.840
6	237.000	-52.728
6	238.000	-52.747
6	239.000	-52.866
6	240.000	-53.065
6	241.000	-53.324
6	242.000	-53.628
6	243.000	-53.792
6	244.000	-53.952
6	245.000	-54.174
6	246.000	-54.442
6	247.000	-54.744
6	248.000	-55.070
6	249.000	-55.282
6	250.000	-55.419
6	251.000	-55.610
6	252.000	-55.841
6	253.000	-55.564
6	254.000	-54.993
6	255.000	-54.401
6	256.000	-53.823
6	257.000	-53.401
6	258.000	-52.823
6	259.000	-51.976
6	260.000	-51.410
6	261.000	-50.938
6	262.000	-50.572
6	263.000	-50.198
6	264.000	-50.017
6	265.000	-49.827
6	266.000	-49.729
6	267.000	-49.769
6	268.000	-49.919
6	269.000	-49.935
6	270.000	-50.066
6	271.000	-50.290
6	272.000	-50.448
6	273.000	-50.557
6	274.000	-50.585
6	275.000	-50.724
6	276.000	-50.951
6	277.000	-51.249
6	278.000	-51.501
6	279.000	-51.682
6	280.000	-51.937
6	281.000	-52.249
6	282.000	-52.603
6	283.000	-52.988
6	284.000	-53.393
6	285.000	-53.575
6	286.000	-53.579
6	287.000	-53.681
6	288.000	-53.733
6	289.000	-53.759
6	290.000	-53.728
6	291.000	-53.714
6	292.000	-53.800
6	293.000	-53.965
6	294.000	-54.190
6	295.000	-54.459
6	296.000	-54.762
6	297.000	-55.087
6	298.000	-55.428
6	299.000	-55.778
6	300.000	-55.977
6	301.000	-56.119
6	302.000	-56.177
6	303.000	-56.183
6	304.000	-56.265
6	305.000	-56.407
6	306.000	-56.592
6	307.000	-56.783
6	308.000	-56.554
6	309.000	-56.430
6	310.000	-56.409
6	311.000	-56.469
6	312.000	-56.590
6	313.000	-56.555
6	314.000	-56.556
6	315.000	-56.632
6	316.000	-56.765
6	317.000	-56.941
6	318.000	-57.149
6	319.000	-57.381
6	320.000	-57.375
6	321.000	-57.185
6	322.000	-57.108
6	323.000	-57.090
6	324.000	-56.922
6	325.000	-56.864
6	326.000	-56.891
6	327.000	-56.983
6	328.000	-57.125
6	329.000	-57.306
6	330.000	-57.514
6	331.000	-57.742
6	332.000	-57.984
6	333.000	-58.234
6	334.000	-58.489
6	335.000	-58.745
6	336.000	-59.000
6	337.000	-59.252
6	338.000	-59.285
6	339.000	-59.313
6	340.000	-59.386
6	341.000	-59.380
6	342.000	-59.038
6	343.000	-58.804
6	344.000	-58.678
6	345.000	-58.636
6	346.000	-58.575
6	347.000	-58.412
6	348.000	-58.343
6	349.000	-58.349
6	350.000	-58.412
6	351.000	-58.262
6	352.000	-58.206
6	353.000	-58.222
6	354.000	-58.295
6	355.000	-58.410
6	356.000	-58.558
6	357.000	-58.495
6	358.000	-58.451
6	359.000	-58.247
6	360.000	-58.148
6	361.000	-57.996
6	362.000	-57.821
6	363.000	-57.748
6	364.000	-57.756
6	365.000	-57.826
6	366.000	-57.943
6	367.000	-58.096
6	368.000	-58.276
6	369.000	-58.212
6	370.000	-57.718
6	371.000	-57.401
6	372.000	-57.223
6	373.000	-57.154
6	374.000	-57.170
6	375.000	-57.250
6	376.000	-57.381
6	377.000	-57.549
6	378.000	-57.746
6	379.000	-57.962
6	380.000	-58.192
6	381.000	-58.432
6	382.000	-58.676
6	383.000	-58.652
6	384.000	-58.441
6	385.000	-58.279
6	386.000	-57.827
6	387.000	-57.243
6	388.000	-56.612
6	389.000	-55.666
6	390.000	-54.507
6	391.000	-53.530
6	392.000	-52.880
6	393.000	-52.480
6	394.000	-52.176
6	395.000	-52.302
6	396.000	-52.729
6	397.000	-52.947
6	398.000	-53.071
6	399.000	-52.926
6	400.000	-52.840
6	401.000	-52.721
6	402.000	-52.732
6	403.000	-52.845
6	404.000	-53.035
6	405.000	-53.137
6	406.000	-53.230
6	407.000	-53.403
6	408.000	-53.401
6	409.000	-53.498
6	410.000	-53.672
6	411.000	-53.905
6	412.000	-54.182
6	413.000	-54.464
6	414.000	-54.457
6	415.000	-54.406
6	416.000	-54.458
6	417.000	-54.589
6	418.000	-54.781
6	419.000	-55.019
6	420.000	-55.263
6	421.000	-55.321
6	422.000	-55.250
6	423.000	-55.052
6	424.000	-54.684
6	425.000	-54.249
6	426.000	-54.006
6	427.000	-53.912
6	428.000	-53.934
6	429.000	-53.830
6	430.000	-53.823
6	431.000	-53.764
6	432.000	-53.624
6	433.000	-53.478
6	434.000	-53.463
6	435.000	-53.425
6	436.000	-53.383
6	437.000	-53.449
6	438.000	-53.599
6	439.000	-53.814
6	440.000	-54.078
6	441.000	-54.377
6	442.000	-54.649
6	443.000	-54.762
6	444.000	-54.938
6	445.000	-55.162
6	446.000	-55.422
6	447.000	-55.626
6	448.000	-55.702
6	449.000	-55.840
6	450.000	-56.000
6	451.000	-55.983
6	452.000	-56.047
6	453.000	-56.069
6	454.000	-55.655
6	455.000	-55.049
6	456.000	-54.669
6	457.000	-54.465
6	458.000	-54.397
6	459.000	-54.436
6	460.000	-54.317
6	461.000	-53.927
6	462.000	-53.633
6	463.000	-53.502
6	464.000	-53.283
6	465.000	-53.192
6	466.000	-53.221
6	467.000	-53.130
6	468.000	-53.139
6	469.000	-53.246
6	470.000	-53.430
6	471.000	-53.672
6	472.000	-53.958
6	473.000	-54.275
6	474.000	-54.616
6	475.000	-54.971
6	476.000	-55.334
6	477.000	-55.701
6	478.000	-56.068
6	479.000	-56.168
6	480.000	-56.089
6	481.000	-56.106
6	482.000	-56.195
6	483.000	-56.341
6	484.000	-56.372
6	485.000	-56.153
6	486.000	-56.038
6	487.000	-56.026
6	488.000	-55.964
6	489.000	-55.877
6	490.000	-55.759
6	491.000	-55.387
6	492.000	-55.183
6	493.000	-55.005
6	494.000	-54.815
6	495.000	-54.341
6	496.000	-53.634
6	497.000	-52.979
6	498.000	-52.319
6	499.000	-51.707
6	500.000	-51.210
6	501.000	-50.932
6	502.000	-50.826
6	503.000	-50.855
6	504.000	-50.992
6	505.000	-51.215
6	506.000	-51.504
6	507.000	-51.844
6	508.000	-52.100
6	509.000	-52.300
6	510.000	-52.563
6	511.000	-52.822
6	512.000	-52.946
6	513.000	-53.144
6	514.000	-53.373
6	515.000	-53.441
6	516.000	-53.591
6	517.000	-53.806
6	518.000	-54.069
6	519.000	-54.368
6	520.000	-54.692
6	521.000	-54.902
6	522.000	-54.798
6	523.000	-54.806
6	524.000	-54.899
6	525.000	-55.058
6	526.000	-55.267
6	527.000	-55.486
6	528.000	-55.520
6	529.000	-55.629
6	530.000	-55.663
6	531.000	-55.654
6	532.000	-55.728
6	533.000	-55.663
6	534.000	-55.650
6	535.000	-55.719
6	536.000	-55.853
6	537.000	-55.789
6	538.000	-55.595
6	539.000	-55.505
6	540.000	-55.516
6	541.000	-55.383
6	542.000	-55.141
6	543.000	-54.995
6	544.000	-54.968
6	545.000	-55.032
6	546.000	-55.168
6	547.000	-55.358
6	548.000	-55.588
6	549.000	-55.848
6	550.000	-56.129
6	551.000	-56.425
6	552.000	-56.729
6	553.000	-57.037
6	554.000	-57.345
6	555.000	-57.651
6	556.000	-57.768
6	557.000	-57.851
6	558.000	-57.977
6	559.000	-58.135
6	560.000	-58.317
6	561.000	-58.516
6	562.000	-58.727
6	563.000	-58.859
6	564.000	-58.840
6	565.000	-58.879
6	566.000	-58.961
6	567.000	-59.076
6	568.000	-59.217
6	569.000	-59.376
6	570.000	-59.548
6	571.000	-59.728
6	572.000	-59.913
6	573.000	-59.909
6	574.000	-59.763
6	575.000	-59.354
6	576.000	-59.016
6	577.000	-58.806
6	578.000	-58.438
6	579.000	-58.127
6	580.000	-57.774
6	581.000	-57.563
6	582.000	-57.464
6	583.000	-57.453
6	584.000	-57.508
6	585.000	-57.615
6	586.000	-57.762
6	587.000	-57.729
6	588.000	-57.512
6	589.000	-57.363
6	590.000	-57.204
6	591.000	-57.004
6	592.000	-56.919
6	593.000	-56.922
6	594.000	-56.993
6	595.000	-57.117
6	596.000	-57.281
6	597.000	-57.475
6	598.000	-57.454
6	599.000	-57.232
6	600.000	-57.127
6	601.000	-56.954
6	602.000	-56.616
6	603.000	-56.358
6	604.000	-56.233
6	605.000	-56.211
6	606.000	-56.022
6	607.000	-55.822
6	608.000	-55.452
6	609.000	-55.182
6	610.000	-55.057
6	611.000	-55.018
6	612.000	-54.857
6	613.000	-54.820
6	614.000	-54.701
6	615.000	-54.631
6	616.000	-54.665
6	617.000	-54.700
6	618.000	-54.653
6	619.000	-54.506
6	620.000	-54.412
6	621.000	-54.216
6	622.000	-54.156
6	623.000	-54.201
6	624.000	-54.327
6	625.000	-54.516
6	626.000	-54.753
6	627.000	-55.024
6	628.000	-55.321
6	629.000	-55.635
6	630.000	-55.804
6	631.000	-55.923
6	632.000	-56.093
6	633.000	-56.301
6	634.000	-56.538
6	635.000	-56.794
6	636.000	-57.064
6	637.000	-57.341
6	638.000	-57.623
6	639.000	-57.822
6	640.000	-57.681
6	641.000	-57.565
6	642.000	-57.539
6	643.000	-57.582
6	644.000	-57.679
6	645.000	-57.816
6	646.000	-57.985
6	647.000	-58.175
6	648.000	-58.382
6	649.000	-58.542
6	650.000	-58.520
6	651.000	-58.558
6	652.000	-58.642
6	653.000	-58.762
6	654.000	-58.908
6	655.000	-59.073
6	656.000	-59.252
6	657.000	-59.275
6	658.000	-59.245
6	659.000	-59.270
6	660.000	-59.338
6	661.000	-59.439
6	662.000	-59.564
6	663.000	-59.708
6	664.000	-59.864
6	665.000	-60.029
6	666.000	-60.200
6	667.000	-60.373
6	668.000	-60.547
6	669.000	-60.719
6	670.000	-60.889
6	671.000	-61.026
6	672.000	-60.926
6	673.000	-60.883
6	674.000	-60.664
6	675.000	-60.483
6	676.000	-60.138
6	677.000	-59.889
6	678.000	-59.739
6	679.000	-59.667
6	680.000	-59.227
6	681.000	-58.843
6	682.000	-58.598
6	683.000	-58.463
6	684.000	-58.415
6	685.000	-58.404
6	686.000	-58.223
6	687.000	-58.141
6	688.000	-58.135
6	689.000	-58.189
6	690.000	-58.289
6	691.000	-58.423
6	692.000	-58.584
6	693.000	-58.705
6	694.000	-58.652
6	695.000	-58.664
6	696.000	-58.727
6	697.000	-58.829
6	698.000	-58.960
6	699.000	-59.114
6	700.000	-59.283
6	701.000	-59.462
6	702.000	-59.591
6	703.000	-59.531
6	704.000	-59.531
6	705.000	-59.577
6	706.000	-59.659
6	707.000	-59.767
6	708.000	-59.574
6	709.000	-59.266
6	710.000	-59.076
6	711.000	-58.979
6	712.000	-58.897
6	713.000	-58.655
6	714.000	-58.292
6	715.000	-58.069
6	716.000	-57.956
6	717.000	-57.682
6	718.000	-57.270
6	719.000	-57.018
6	720.000	-56.891
6	721.000	-56.861
6	722.000	-56.726
6	723.000	-56.465
6	724.000	-56.245
6	725.000	-56.149
6	726.000	-56.150
6	727.000	-56.225
6	728.000	-56.358
6	729.000	-56.535
6	730.000	-56.745
6	731.000	-56.727
6	732.000	-56.330
6	733.000	-55.898
6	734.000	-55.551
6	735.000	-55.364
6	736.000	-55.171
6	737.000	-54.991
6	738.000	-54.936
6	739.000	-54.979
6	740.000	-55.070
6	741.000	-55.009
6	742.000	-55.046
6	743.000	-55.159
6	744.000	-55.250
6	745.000	-55.240
6	746.000	-54.894
6	747.000	-54.495
6	748.000	-53.897
6	749.000	-53.167
6	750.000	-52.414
6	751.000	-51.837
6	752.000	-51.365
6	753.000	-51.105
6	754.000	-51.011
6	755.000	-51.048
6	756.000	-51.189
6	757.000	-51.338
6	758.000	-51.412
6	759.000	-51.414
6	760.000	-51.463
6	761.000	-51.512
6	762.000	-51.530
6	763.000	-51.653
6	764.000	-51.692
6	765.000	-51.768
6	766.000	-51.936
6	767.000	-52.175
6	768.000	-52.300
6	769.000	-52.440
6	770.000	-52.653
6	771.000	-52.923
6	772.000	-53.235
6	773.000	-53.577
6	774.000	-53.941
6	775.000	-54.319
6	776.000	-54.626
6	777.000	-54.790
6	778.000	-55.003
6	779.000	-55.254
6	780.000	-55.532
6	781.000	-55.829
6	782.000	-56.138
6	783.000	-56.454
6	784.000	-56.664
6	785.000	-56.756
6	786.000	-56.897
6	787.000	-57.075
6	788.000	-57.281
6	789.000	-57.506
6	790.000	-57.536
6	791.000	-57.577
6	792.000	-57.643
6	793.000	-57.396
6	794.000	-57.151
6	795.000	-57.028
6	796.000	-57.000
6	797.000	-57.046
6	798.000	-57.149
6	799.000	-57.295
6	800.000	-57.474
6	801.000	-57.676
6	802.000	-57.896
6	803.000	-58.126
6	804.000	-58.280
6	805.000	-58.171
6	806.000	-57.999
6	807.000	-57.925
6	808.000	-57.927
6	809.000	-57.803
6	810.000	-57.588
6	811.000	-57.340
6	812.000	-57.213
6	813.000	-57.181
6	814.000	-57.222
6	815.000	-57.319
6	816.000	-57.459
6	817.000	-57.379
6	818.000	-57.014
6	819.000	-56.663
6	820.000	-56.463
6	821.000	-56.380
6	822.000	-56.389
6	823.000	-56.469
6	824.000	-56.602
6	825.000	-56.777
6	826.000	-56.982
6	827.000	-57.210
6	828.000	-57.453
6	829.000	-57.649
6	830.000	-57.434
6	831.000	-57.309
6	832.000	-57.278
6	833.000	-57.318
6	834.000	-57.255
6	835.000	-57.178
6	836.000	-57.184
6	837.000	-57.255
6	838.000	-57.375
6	839.000	-57.279
6	840.000	-57.271
6	841.000	-57.329
6	842.000	-57.439
6	843.000	-57.532
6	844.000	-57.216
6	845.000	-57.039
6	846.000	-56.968
6	847.000	-56.981
6	848.000	-57.059
6	849.000	-57.186
6	850.000	-57.351
6	851.000	-57.544
6	852.000	-57.756
6	853.000	-57.982
6	854.000	-58.217
6	855.000	-58.457
6	856.000	-58.699
6	857.000	-58.940
6	858.000	-58.989
6	859.000	-59.006
6	860.000	-59.069
6	861.000	-59.168
6	862.000	-59.293
6	863.000	-59.438
6	864.000	-59.597
6	865.000	-59.765
6	866.000	-59.940
6	867.000	-59.853
6	868.000	-59.715
6	869.000	-59.240
6	870.000	-58.922
6	871.000	-58.727
6	872.000	-58.629
6	873.000	-58.606
6	874.000	-58.641
6	875.000	-58.665
6	876.000	-58.535
6	877.000	-58.488
6	878.000	-58.506
6	879.000	-58.575
6	880.000	-58.597
6	881.000	-58.236
6	882.000	-58.015
6	883.000	-57.902
6	884.000	-57.875
6	885.000	-57.913
6	886.000	-58.002
6	887.000	-58.130
6	888.000	-58.287
6	889.000	-58.465
6	890.000	-58.659
6	891.000	-58.862
6	892.000	-59.071
6	893.000	-59.284
6	894.000	-59.497
6	895.000	-59.708
6	896.000	-59.917
6	897.000	-60.121
6	898.000	-60.320
6	899.000	-60.455
6	900.000	-60.389
6	901.000	-60.376
6	902.000	-60.403
6	903.000	-60.462
6	904.000	-60.545
6	905.000	-60.646
6	906.000	-60.673
6	907.000	-60.548
6	908.000	-60.488
6	909.000	-60.420
6	910.000	-60.197
6	911.000	-60.063
6	912.000	-60.001
6	913.000	-59.993
6	914.000	-60.029
6	915.000	-60.097
6	916.000	-60.132
6	917.000	-59.992
6	918.000	-59.662
6	919.000	-59.451
6	920.000	-59.333
6	921.000	-59.289
6	922.000	-59.302
6	923.000	-59.359
6	924.000	-59.451
6	925.000	-59.568
6	926.000	-59.704
6	927.000	-59.853
6	928.000	-60.012
6	929.000	-59.798
6	930.000	-59.360
6	931.000	-58.972
6	932.000	-58.586
6	933.000	-58.221
6	934.000	-57.912
6	935.000	-57.402
6	936.000	-56.872
6	937.000	-56.391
6	938.000	-56.092
6	939.000	-55.937
6	940.000	-55.893
6	941.000	-55.935
6	942.000	-56.044
6	943.000	-56.204
6	944.000	-56.402
6	945.000	-56.628
6	946.000	-56.625
6	947.000	-56.692
6	948.000	-56.815
6	949.000	-56.978
6	950.000	-57.173
6	951.000	-57.390
6	952.000	-57.204
6	953.000	-56.787
6	954.000	-56.535
6	955.000	-56.411
6	956.000	-56.255
6	957.000	-56.092
6	958.000	-56.041
6	959.000	-56.076
6	960.000	-56.072
6	961.000	-56.002
6	962.000	-56.024
6	963.000	-56.116
6	964.000	-56.263
6	965.000	-56.450
6	966.000	-56.667
6	967.000	-56.906
6	968.000	-57.026
6	969.000	-56.934
6	970.000	-56.813
6	971.000	-56.788
6	972.000	-56.838
6	973.000	-56.945
6	974.000	-56.844
6	975.000	-56.835
6	976.000	-56.896
6	977.000	-57.011
6	978.000	-57.168
6	979.000	-57.355
6	980.000	-57.312
6	981.000	-57.342
6	982.000	-57.430
6	983.000	-57.533
6	984.000	-57.451
6	985.000	-57.450
6	986.000	-57.512
6	987.000	-57.488
6	988.000	-57.096
6	989.000	-56.674
6	990.000	-56.418
6	991.000	-56.293
6	992.000	-56.269
6	993.000	-56.323
6	994.000	-56.194
6	995.000	-55.670
6	996.000	-55.192
6	997.000	-54.664
6	998.000	-54.255
6	999.000	-53.902
6	1000.000	-53.375
6	1001.000	-53.063
6	1002.000	-52.921
6	1003.000	-52.909
6	1004.000	-53.000
6	1005.000	-52.935
6	1006.000	-52.985
6	1007.000	-53.046
6	1008.000	-53.034
6	1009.000	-53.124
6	1010.000	-53.293
6	1011.000	-53.469
6	1012.000	-53.325
6	1013.000	-53.267
6	1014.000	-53.319
6	1015.000	-53.203
6	1016.000	-52.591
6	1017.000	-51.467
6	1018.000	-50.478
6	1019.000	-49.811
6	1020.000	-49.389
6	1021.000	-49.159
6	1022.000	-49.081
6	1023.000	-49.130
6	1024.000	-49.284
6	1025.000	-49.431
6	1026.000	-49.536
6	1027.000	-49.461
6	1028.000	-49.137
6	1029.000	-48.961
6	1030.000	-48.928
6	1031.000	-49.013
6	1032.000	-49.058
6	1033.000	-49.123
6	1034.000	-49.291
6	1035.000	-49.544
6	1036.000	-49.590
6	1037.000	-49.569
6	1038.000	-49.666
6	1039.000	-49.859
6	1040.000	-50.131
6	1041.000	-50.280
6	1042.000	-50.473
6	1043.000	-50.741
6	1044.000	-51.067
6	1045.000	-51.439
6	1046.000	-51.843
6	1047.000	-52.269
6	1048.000	-52.711
6	1049.000	-53.159
6	1050.000	-53.609
6	1051.000	-54.057
6	1052.000	-54.207
6	1053.000	-54.227
6	1054.000	-54.332
6	1055.000	-54.503
6	1056.000	-54.526
6	1057.000	-54.436
6	1058.000	-54.366
6	1059.000	-54.400
6	1060.000	-54.436
6	1061.000	-54.391
6	1062.000	-54.444
6	1063.000	-54.323
6	1064.000	-54.089
6	1065.000	-53.999
6	1066.000	-54.020
6	1067.000	-54.128
6	1068.000	-54.303
6	1069.000	-54.528
6	1070.000	-54.791
6	1071.000	-54.861
6	1072.000	-54.802
6	1073.000	-54.775
6	1074.000	-54.840
6	1075.000	-54.975
6	1076.000	-55.164
6	1077.000	-55.394
6	1078.000	-55.417
6	1079.000	-55.018
6	1080.000	-54.794
6	1081.000	-54.602
6	1082.000	-54.403
6	1083.000	-54.338
6	1084.000	-54.375
6	1085.000	-54.493
6	1086.000	-54.673
6	1087.000	-54.899
6	1088.000	-55.159
6	1089.000	-55.444
6	1090.000	-55.592
6	1091.000	-55.694
6	1092.000	-55.852
6	1093.000	-56.051
6	1094.000	-56.148
6	1095.000	-55.770
6	1096.000	-55.230
6	1097.000	-54.721
6	1098.000	-54.348
6	1099.000	-54.047
6	1100.000	-53.769
6	1101.000	-53.545
6	1102.000	-53.331
6	1103.000	-53.262
6	1104.000	-53.305
6	1105.000	-53.409
6	1106.000	-53.377
6	1107.000	-53.447
6	1108.000	-53.472
6	1109.000	-53.477
6	1110.000	-53.575
6	1111.000	-53.747
6	1112.000	-53.974
6	1113.000	-54.243
6	1114.000	-54.543
6	1115.000	-54.666
6	1116.000	-54.607
6	1117.000	-54.604
6	1118.000	-54.560
6	1119.000	-54.500
6	1120.000	-54.541
6	1121.000	-54.660
6	1122.000	-54.839
6	1123.000	-55.063
6	1124.000	-55.321
6	1125.000	-55.602
6	1126.000	-55.900
6	1127.000	-56.208
6	1128.000	-56.522
6	1129.000	-56.837
6	1130.000	-57.123
6	1131.000	-57.053
6	1132.000	-56.947
6	1133.000	-56.932
6	1134.000	-56.988
6	1135.000	-57.015
6	1136.000	-56.934
6	1137.000	-56.938
6	1138.000	-56.900
6	1139.000	-56.714
6	1140.000	-56.364
6	1141.000	-55.944
6	1142.000	-55.531
6	1143.000	-55.292
6	1144.000	-55.188
6	1145.000	-55.189
6	1146.000	-55.272
6	1147.000	-55.417
6	1148.000	-55.387
6	1149.000	-55.423
6	1150.000	-55.530
6	1151.000	-55.612
6	1152.000	-55.589
6	1153.000	-55.650
6	1154.000	-55.775
6	1155.000	-55.949
6	1156.000	-56.161
6	1157.000	-56.399
6	1158.000	-56.656
6	1159.000	-56.675
6	1160.000	-56.760
6	1161.000	-56.894
6	1162.000	-57.066
6	1163.000	-57.266
6	1164.000	-57.485
6	1165.000	-57.719
6	1166.000	-57.961
6	1167.000	-58.208
6	1168.000	-58.345
6	1169.000	-58.332
6	1170.000	-58.148
6	1171.000	-58.063
6	1172.000	-58.054
6	1173.000	-58.105
6	1174.000	-57.675
6	1175.000	-57.167
6	1176.000	-56.841
6	1177.000	-56.657
6	1178.000	-56.503
6	1179.000	-56.287
6	1180.000	-56.086
6	1181.000	-55.865
6	1182.000	-55.525
6	1183.000	-55.341
6	1184.000	-55.280
6	1185.000	-55.091
6	1186.000	-54.902
6	1187.000	-54.598
6	1188.000	-54.313
6	1189.000	-54.181
6	1190.000	-54.169
6	1191.000	-54.249
6	1192.000	-54.247
6	1193.000	-54.010
6	1194.000	-53.918
6	1195.000	-53.938
6	1196.000	-54.045
6	1197.000	-53.981
6	1198.000	-54.023
6	1199.000	-54.147
6	1200.000	-54.159
6	1201.000	-54.193
6	1202.000	-54.310
6	1203.000	-54.489
6	1204.000	-54.716
6	1205.000	-54.979
6	1206.000	-55.163
6	1207.000	-55.248
6	1208.000	-55.396
6	1209.000	-55.592
6	1210.000	-55.643
6	1211.000	-55.694
6	1212.000	-55.633
6	1213.000	-55.596
6	1214.000	-55.401
6	1215.000	-55.331
6	1216.000	-55.356
6	1217.000	-55.213
6	1218.000	-55.183
6	1219.000	-55.242
6	1220.000	-55.369
6	1221.000	-55.548
6	1222.000	-55.766
6	1223.000	-55.958
6	1224.000	-55.734
6	1225.000	-55.403
6	1226.000	-55.227
6	1227.000	-55.068
6	1228.000	-54.810
6	1229.000	-54.533
6	1230.000	-54.188
6	1231.000	-53.773
6	1232.000	-53.524
6	1233.000	-53.426
6	1234.000	-53.445
6	1235.000	-53.555
6	1236.000	-53.736
6	1237.000	-53.970
6	1238.000	-54.027
6	1239.000	-54.141
6	1240.000	-54.320
6	1241.000	-54.548
6	1242.000	-54.813
6	1243.000	-54.733
6	1244.000	-54.644
6	1245.000	-54.660
6	1246.000	-54.759
6	1247.000	-54.922
6	1248.000	-55.132
6	1249.000	-55.377
6	1250.000	-55.649
6	1251.000	-55.727
6	1252.000	-55.584
6	1253.000	-55.552
6	1254.000	-55.606
6	1255.000	-55.726
6	1256.000	-55.897
6	1257.000	-55.778
6	1258.000	-55.597
6	1259.000	-55.536
6	1260.000	-55.386
6	1261.000	-54.990
6	1262.000	-54.579
6	1263.000	-54.246
6	1264.000	-53.942
6	1265.000	-53.672
6	1266.000	-53.320
6	1267.000	-53.033
6	1268.000	-52.909
6	1269.000	-52.912
6	1270.000	-52.987
6	1271.000	-52.936
6	1272.000	-52.995
6	1273.000	-53.140
6	1274.000	-53.351
6	1275.000	-53.612
6	1276.000	-53.911
6	1277.000	-54.236
6	1278.000	-54.360
6	1279.000	-54.524
6	1280.000	-54.739
6	1281.000	-54.992
6	1282.000	-55.272
6	1283.000	-55.571
6	1284.000	-55.802
6	1285.000	-55.893
6	1286.000	-55.908
6	1287.000	-55.724
6	1288.000	-55.569
6	1289.000	-55.527
6	1290.000	-55.573
6	1291.000	-55.688
6	1292.000	-55.854
6	1293.000	-56.005
6	1294.000	-55.950
6	1295.000	-55.791
6	1296.000	-55.716
6	1297.000	-55.518
6	1298.000	-55.444
6	1299.000	-55.222
6	1300.000	-55.131
6	1301.000	-54.967
6	1302.000	-54.857
6	1303.000	-54.680
6	1304.000	-54.536
6	1305.000	-54.298
6	1306.000	-54.203
6	1307.000	-54.218
6	1308.000	-54.124
6	1309.000	-54.097
6	1310.000	-54.114
6	1311.000	-54.031
6	1312.000	-54.058
6	1313.000	-54.169
6	1314.000	-54.346
6	1315.000	-54.545
6	1316.000	-54.368
6	1317.000	-54.044
6	1318.000	-53.858
6	1319.000	-53.595
6	1320.000	-53.485
6	1321.000	-53.495
6	1322.000	-53.598
6	1323.000	-53.364
6	1324.000	-53.213
6	1325.000	-53.193
6	1326.000	-53.275
6	1327.000	-53.435
6	1328.000	-53.440
6	1329.000	-53.518
6	1330.000	-53.674
6	1331.000	-53.760
6	1332.000	-53.575
6	1333.000	-53.525
6	1334.000	-53.580
6	1335.000	-53.718
6	1336.000	-53.866
6	1337.000	-53.888
6	1338.000	-53.945
6	1339.000	-53.894
6	1340.000	-53.775
6	1341.000	-53.709
6	1342.000	-53.752
6	1343.000	-53.877
6	1344.000	-53.851
6	1345.000	-53.901
6	1346.000	-54.032
6	1347.000	-54.147
6	1348.000	-54.086
6	1349.000	-53.917
6	1350.000	-53.692
6	1351.000	-53.559
6	1352.000	-53.366
6	1353.000	-53.311
6	1354.000	-53.365
6	1355.000	-53.503
6	1356.000	-53.706
6	1357.000	-53.957
6	1358.000	-54.245
6	1359.000	-54.559
6	1360.000	-54.891
6	1361.000	-55.234
6	1362.000	-55.583
6	1363.000	-55.802
6	1364.000	-55.828
6	1365.000	-55.783
6	1366.000	-55.580
6	1367.000	-55.474
6	1368.000	-55.254
6	1369.000	-55.165
6	1370.000	-55.177
6	1371.000	-55.269
6	1372.000	-55.421
6	1373.000	-55.374
6	1374.000	-55.418
6	1375.000	-55.531
6	1376.000	-55.698
6	1377.000	-55.905
6	1378.000	-56.142
6	1379.000	-56.400
6	1380.000	-56.672
6	1381.000	-56.953
6	1382.000	-57.239
6	1383.000	-57.526
6	1384.000	-57.811
6	1385.000	-58.093
6	1386.000	-58.369
6	1387.000	-58.639
6	1388.000	-58.689
6	1389.000	-58.474
6	1390.000	-58.225
6	1391.000	-57.713
6	1392.000	-57.379
6	1393.000	-57.184
6	1394.000	-57.098
6	1395.000	-57.097
6	1396.000	-57.162
6	1397.000	-57.277
6	1398.000	-57.430
6	1399.000	-57.611
6	1400.000	-57.629
6	1401.000	-57.634
6	1402.000	-57.563
6	1403.000	-57.291
6	1404.000	-57.052
6	1405.000	-56.933
6	1406.000	-56.907
6	1407.000	-56.954
6	1408.000	-57.058
6	1409.000	-57.204
6	1410.000	-57.382
6	1411.000	-57.583
6	1412.000	-57.801
6	1413.000	-58.030
6	1414.000	-58.129
6	1415.000	-57.887
6	1416.000	-57.758
6	1417.000	-57.718
6	1418.000	-57.747
6	1419.000	-57.829
6	1420.000	-57.952
6	1421.000	-57.920
6	1422.000	-57.883
6	1423.000	-57.830
6	1424.000	-57.676
6	1425.000	-57.618
6	1426.000	-57.425
6	1427.000	-57.294
6	1428.000	-57.255
6	1429.000	-57.289
6	1430.000	-57.380
6	1431.000	-57.457
6	1432.000	-57.129
6	1433.000	-56.759
6	1434.000	-56.474
6	1435.000	-56.243
6	1436.000	-55.971
6	1437.000	-55.836
6	1438.000	-55.807
6	1439.000	-55.861
6	1440.000	-55.979
6	1441.000	-56.039
6	1442.000	-55.885
6	1443.000	-55.483
6	1444.000	-55.253
6	1445.000	-55.156
6	1446.000	-54.699
6	1447.000	-54.411
6	1448.000	-54.276
6	1449.000	-54.260
6	1450.000	-54.337
6	1451.000	-54.485
6	1452.000	-54.489
6	1453.000	-54.537
6	1454.000	-54.660
6	1455.000	-54.842
6	1456.000	-55.068
6	1457.000	-55.326
6	1458.000	-55.608
6	1459.000	-55.906
6	1460.000	-56.213
6	1461.000	-56.369
6	1462.000	-56.469
6	1463.000	-56.618
6	1464.000	-56.803
6	1465.000	-56.809
6	1466.000	-56.836
6	1467.000	-56.925
6	1468.000	-56.832
6	1469.000	-56.805
6	1470.000	-56.719
6	1471.000	-56.604
6	1472.000	-56.585
6	1473.000	-56.639
6	1474.000	-56.750
6	1475.000	-56.905
6	1476.000	-57.093
6	1477.000	-57.304
6	1478.000	-57.532
6	1479.000	-57.771
6	1480.000	-57.762
6	1481.000	-57.814
6	1482.000	-57.914
6	1483.000	-58.049
6	1484.000	-58.212
6	1485.000	-58.394
6	1486.000	-58.590
6	1487.000	-58.795
6	1488.000	-59.005
6	1489.000	-59.218
6	1490.000	-59.430
6	1491.000	-59.641
6	1492.000	-59.848
6	1493.000	-60.051
6	1494.000	-60.056
6	1495.000	-59.696
6	1496.000	-59.207
6	1497.000	-58.675
6	1498.000	-58.317
6	1499.000	-58.096
6	1500.000	-57.871
6	1501.000	-57.611
6	1502.000	-57.362
6	1503.000	-57.089
6	1504.000	-56.944
6	1505.000	-56.816
6	1506.000	-56.616
6	1507.000	-56.350
6	1508.000	-56.148
6	1509.000	-56.066
6	1510.000	-55.897
6	1511.000	-55.774
6	1512.000	-55.755
6	1513.000	-55.662
6	1514.000	-55.577
6	1515.000	-55.389
6	1516.000	-55.279
6	1517.000	-55.274
6	1518.000	-55.351
6	1519.000	-55.491
6	1520.000	-55.548
6	1521.000	-55.556
6	1522.000	-55.485
6	1523.000	-55.420
6	1524.000	-55.448
6	1525.000	-55.549
6	1526.000	-55.706
6	1527.000	-55.726
6	1528.000	-55.752
6	1529.000	-55.848
6	1530.000	-55.999
6	1531.000	-56.191
6	1532.000	-56.413
6	1533.000	-56.657
6	1534.000	-56.916
6	1535.000	-57.185
6	1536.000	-57.296
6	1537.000	-57.103
6	1538.000	-57.019
6	1539.000	-57.020
6	1540.000	-57.087
6	1541.000	-57.204
6	1542.000	-57.200
6	1543.000	-57.168
6	1544.000	-57.025
6	1545.000	-56.911
6	1546.000	-56.862
6	1547.000	-56.420
6	1548.000	-56.150
6	1549.000	-55.550
6	1550.000	-54.897
6	1551.000	-54.480
6	1552.000	-53.974
6	1553.000	-53.470
6	1554.000	-53.074
6	1555.000	-52.731
6	1556.000	-52.419
6	1557.000	-52.192
6	1558.000	-52.119
6	1559.000	-52.165
6	1560.000	-52.305
6	1561.000	-52.519
6	1562.000	-52.788
6	1563.000	-53.099
6	1564.000	-53.441
6	1565.000	-53.803
6	1566.000	-54.180
6	1567.000	-54.564
6	1568.000	-54.708
6	1569.000	-54.907
6	1570.000	-55.144
6	1571.000	-55.411
6	1572.000	-55.699
6	1573.000	-56.000
6	1574.000	-56.107
6	1575.000	-56.218
6	1576.000	-56.323
6	1577.000	-56.282
6	1578.000	-56.120
6	1579.000	-56.023
6	1580.000	-55.941
6	1581.000	-55.586
6	1582.000	-55.124
6	1583.000	-54.829
6	1584.000	-54.684
6	1585.000	-54.579
6	1586.000	-54.422
6	1587.000	-54.387
6	1588.000	-54.448
6	1589.000	-54.583
6	1590.000	-54.747
6	1591.000	-54.745
6	1592.000	-54.608
6	1593.000	-54.567
6	1594.000	-54.621
6	1595.000	-54.645
6	1596.000	-54.612
6	1597.000	-54.672
6	1598.000	-54.805
6	1599.000	-54.992
6	1600.000	-55.221
6	1601.000	-55.480
6	1602.000	-55.560
6	1603.000	-55.502
6	1604.000	-55.444
6	1605.000	-55.479
6	1606.000	-55.585
6	1607.000	-55.567
6	1608.000	-55.564
6	1609.000	-55.640
6	1610.000	-55.776
6	1611.000	-55.959
6	1612.000	-56.176
6	1613.000	-56.418
6	1614.000	-56.472
6	1615.000	-56.314
6	1616.000	-56.241
6	1617.000	-56.257
6	1618.000	-56.032
6	1619.000	-55.748
6	1620.000	-55.605
6	1621.000	-55.372
6	1622.000	-55.227
6	1623.000	-55.066
6	1624.000	-54.911
6	1625.000	-54.745
6	1626.000	-54.370
6	1627.000	-54.147
6	1628.000	-54.063
6	1629.000	-54.089
6	1630.000	-54.198
6	1631.000	-54.222
6	1632.000	-54.188
6	1633.000	-53.962
6	1634.000	-53.716
6	1635.000	-53.408
6	1636.000	-53.265
6	1637.000	-53.250
6	1638.000	-53.334
6	1639.000	-53.496
6	1640.000	-53.717
6	1641.000	-53.983
6	1642.000	-54.281
6	1643.000	-54.603
6	1644.000	-54.940
6	1645.000	-55.259
6	1646.000	-55.372
6	1647.000	-55.539
6	1648.000	-55.748
6	1649.000	-55.987
6	1650.000	-56.068
6	1651.000	-55.949
6	1652.000	-55.573
6	1653.000	-55.170
6	1654.000	-54.941
6	1655.000	-54.366
6	1656.000	-54.011
6	1657.000	-53.677
6	1658.000	-53.425
6	1659.000	-53.324
6	1660.000	-53.091
6	1661.000	-52.789
6	1662.000	-52.653
6	1663.000	-52.648
6	1664.000	-52.744
6	1665.000	-52.894
6	1666.000	-52.901
6	1667.000	-52.955
6	1668.000	-52.912
6	1669.000	-52.978
6	1670.000	-53.127
6	1671.000	-53.342
6	1672.000	-53.579
6	1673.000	-53.647
6	1674.000	-53.794
6	1675.000	-54.001
6	1676.000	-54.253
6	1677.000	-54.411
6	1678.000	-54.508
6	1679.000	-54.671
6	1680.000	-54.883
6	1681.000	-55.132
6	1682.000	-55.354
6	1683.000	-55.416
6	1684.000	-55.543
6	1685.000	-55.721
6	1686.000	-55.780
6	1687.000	-55.812
6	1688.000	-55.357
6	1689.000	-54.908
6	1690.000	-54.405
6	1691.000	-54.104
6	1692.000	-53.962
6	1693.000	-53.839
6	1694.000	-53.675
6	1695.000	-53.353
6	1696.000	-53.041
6	1697.000	-52.897
6	1698.000	-52.736
6	1699.000	-52.624
6	1700.000	-52.638
6	1701.000	-52.749
6	1702.000	-52.936
6	1703.000	-53.182
6	1704.000	-53.470
6	1705.000	-53.597
6	1706.000	-53.747
6	1707.000	-53.956
6	1708.000	-54.211
6	1709.000	-54.347
6	1710.000	-54.453
6	1711.000	-54.622
6	1712.000	-54.839
6	1713.000	-55.093
6	1714.000	-55.319
6	1715.000	-55.279
6	1716.000	-55.190
6	1717.000	-55.202
6	1718.000	-55.292
6	1719.000	-55.443
6	1720.000	-55.639
6	1721.000	-55.711
6	1722.000	-55.511
6	1723.000	-55.434
6	1724.000	-55.427
6	1725.000	-55.284
6	1726.000	-55.253
6	1727.000	-55.310
6	1728.000	-55.434
6	1729.000	-55.610
6	1730.000	-55.824
6	1731.000	-56.067
6	1732.000	-56.331
6	1733.000	-56.607
6	1734.000	-56.892
6	1735.000	-56.998
6	1736.000	-57.077
6	1737.000	-57.204
6	1738.000	-57.367
6	1739.000	-57.557
6	1740.000	-57.765
6	1741.000	-57.903
6	1742.000	-57.897
6	1743.000	-57.840
6	1744.000	-57.709
6	1745.000	-57.668
6	1746.000	-57.696
6	1747.000	-57.778
6	1748.000	-57.669
6	1749.000	-57.622
6	1750.000	-57.393
6	1751.000	-57.278
6	1752.000	-57.253
6	1753.000	-57.297
6	1754.000	-57.395
6	1755.000	-57.533
6	1756.000	-57.674
6	1757.000	-57.364
6	1758.000	-57.187
6	1759.000	-57.115
6	1760.000	-57.124
6	1761.000	-57.037
6	1762.000	-56.943
6	1763.000	-56.458
6	1764.000	-56.134
6	1765.000	-55.957
6	1766.000	-55.895
6	1767.000	-55.922
6	1768.000	-56.018
6	1769.000	-56.167
6	1770.000	-56.355
6	1771.000	-56.574
6	1772.000	-56.813
6	1773.000	-57.067
6	1774.000	-57.330
6	1775.000	-57.599
6	1776.000	-57.868
6	1777.000	-58.137
6	1778.000	-58.402
6	1779.000	-58.663
6	1780.000	-58.917
6	1781.000	-59.165
6	1782.000	-59.405
6	1783.000	-59.638
6	1784.000	-59.862
6	1785.000	-60.077
6	1786.000	-60.170
6	1787.000	-60.129
6	1788.000	-59.995
6	1789.000	-59.568
6	1790.000	-59.146
6	1791.000	-58.720
6	1792.000	-58.442
6	1793.000	-58.282
6	1794.000	-58.212
6	1795.000	-58.213
6	1796.000	-58.270
6	1797.000	-58.369
6	1798.000	-58.500
6	1799.000	-58.655
6	1800.000	-58.827
6	1801.000	-59.011
6	1802.000	-59.202
6	1803.000	-59.399
6	1804.000	-59.596
6	1805.000	-59.708
6	1806.000	-59.573
6	1807.000	-59.336
6	1808.000	-59.198
6	1809.000	-59.138
6	1810.000	-59.139
6	1811.000	-59.187
6	1812.000	-58.845
6	1813.000	-58.537
6	1814.000	-58.352
6	1815.000	-58.263
6	1816.000	-58.249
6	1817.000	-58.156
6	1818.000	-58.021
6	1819.000	-57.916
6	1820.000	-57.695
6	1821.000	-57.194
6	1822.000	-56.757
6	1823.000	-56.489
6	1824.000	-56.352
6	1825.000	-56.317
6	1826.000	-56.362
6	1827.000	-56.220
6	1828.000	-56.182
6	1829.000	-56.226
6	1830.000	-56.332
6	1831.000	-56.487
6	1832.000	-56.677
6	1833.000	-56.894
6	1834.000	-56.995
6	1835.000	-57.022
6	1836.000	-57.109
6	1837.000	-57.012
6	1838.000	-56.980
6	1839.000	-57.021
6	1840.000	-56.913
6	1841.000	-56.851
6	1842.000	-56.870
6	1843.000	-56.951
6	1844.000	-56.830
6	1845.000	-56.576
6	1846.000	-56.427
6	1847.000	-56.382
6	1848.000	-56.419
6	1849.000	-56.518
6	1850.000	-56.665
6	1851.000	-56.715
6	1852.000	-56.705
6	1853.000	-56.765
6	1854.000	-56.880
6	1855.000	-57.037
6	1856.000	-57.089
6	1857.000	-57.078
6	1858.000	-56.951
6	1859.000	-56.851
6	1860.000	-56.840
6	1861.000	-56.899
6	1862.000	-56.853
6	1863.000	-56.792
6	1864.000	-56.585
6	1865.000	-56.390
6	1866.000	-56.144
6	1867.000	-56.027
6	1868.000	-55.983
6	1869.000	-55.626
6	1870.000	-55.361
6	1871.000	-55.236
6	1872.000	-55.220
6	1873.000	-55.055
6	1874.000	-54.757
6	1875.000	-54.392
6	1876.000	-53.938
6	1877.000	-53.679
6	1878.000	-53.571
6	1879.000	-53.581
6	1880.000	-53.682
6	1881.000	-53.855
6	1882.000	-54.081
6	1883.000	-54.347
6	1884.000	-54.643
6	1885.000	-54.960
6	1886.000	-55.290
6	1887.000	-55.628
6	1888.000	-55.790
6	1889.000	-55.925
6	1890.000	-56.104
6	1891.000	-56.318
6	1892.000	-56.555
6	1893.000	-56.810
6	1894.000	-57.076
6	1895.000	-57.348
6	1896.000	-57.623
6	1897.000	-57.870
6	1898.000	-57.893
6	1899.000	-57.969
6	1900.000	-58.086
6	1901.000	-58.233
6	1902.000	-58.374
6	1903.000	-58.308
6	1904.000	-58.313
6	1905.000	-58.370
6	1906.000	-58.469
6	1907.000	-58.388
6	1908.000	-58.332
6	1909.000	-58.109
6	1910.000	-57.971
6	1911.000	-57.921
6	1912.000	-57.940
6	1913.000	-57.984
6	1914.000	-57.766
6	1915.000	-57.485
6	1916.000	-57.330
6	1917.000	-57.273
6	1918.000	-57.062
6	1919.000	-56.915
6	1920.000	-56.645
6	1921.000	-56.505
6	1922.000	-56.310
6	1923.000	-56.140
6	1924.000	-56.081
6	1925.000	-56.109
6	1926.000	-56.204
6	1927.000	-56.125
6	1928.000	-55.890
6	1929.000	-55.762
6	1930.000	-55.561
6	1931.000	-55.416
6	1932.000	-55.383
6	1933.000	-55.437
6	1934.000	-55.404
6	1935.000	-55.367
6	1936.000	-55.418
6	1937.000	-55.336
6	1938.000	-55.309
6	1939.000	-55.368
6	1940.000	-55.493
6	1941.000	-55.669
6	1942.000	-55.883
6	1943.000	-56.125
6	1944.000	-56.387
6	1945.000	-56.662
6	1946.000	-56.945
6	1947.000	-57.232
6	1948.000	-57.519
6	1949.000	-57.550
6	1950.000	-57.636
6	1951.000	-57.531
6	1952.000	-57.488
6	1953.000	-57.517
6	1954.000	-57.601
6	1955.000	-57.726
6	1956.000	-57.884
6	1957.000	-58.064
6	1958.000	-58.262
6	1959.000	-58.470
6	1960.000	-58.685
6	1961.000	-58.847
6	1962.000	-58.820
6	1963.000	-58.849
6	1964.000	-58.922
6	1965.000	-59.028
6	1966.000	-59.158
6	1967.000	-59.307
6	1968.000	-59.468
6	1969.000	-59.638
6	1970.000	-59.814
6	1971.000	-59.933
6	1972.000	-59.861
6	1973.000	-59.845
6	1974.000	-59.874
6	1975.000	-59.938
6	1976.000	-59.811
6	1977.000	-59.706
6	1978.000	-59.473
6	1979.000	-59.008
6	1980.000	-58.698
6	1981.000	-58.299
6	1982.000	-57.999
6	1983.000	-57.432
6	1984.000	-56.944
6	1985.000	-56.635
6	1986.000	-56.284
6	1987.000	-55.793
6	1988.000	-55.470
6	1989.000	-55.169
6	1990.000	-54.904
6	1991.000	-54.783
6	1992.000	-54.773
6	1993.000	-54.746
6	1994.000	-54.672
6	1995.000	-54.700
6	1996.000	-54.702
6	1997.000	-54.573
6	1998.000	-54.397
6	1999.000	-54.348
6	2000.000	-54.106
