# NEST version: UNKNOWN
# RecordingBackendASCII version: 2
sender	time_ms
1720	0.500
1070	269.800
1030	413.000
1720	469.500
1080	521.100
1340	573.800
1120	759.700
1370	761.100
1190	770.600
1150	777.300
1530	784.100
1140	803.000
1160	1143.900
1170	1189.300
1030	1193.300
1120	1218.900
1720	1230.300
1470	1305.600
1780	1306.000
1190	1307.300
1700	1307.300
1550	1308.000
1070	1308.700
1510	1308.700
1360	1309.100
1250	1309.400
1050	1310.900
1030	1311.100
1120	1311.100
1570	1311.600
1630	1311.700
1280	1311.900
1770	1312.200
1080	1312.700
1690	1312.700
1440	1313.500
1090	1313.700
1610	1314.400
1460	1314.500
1760	1314.700
1560	1315.100
1430	1315.200
1350	1315.600
1060	1316.200
1590	1316.400
1370	1316.500
1720	1316.600
1260	1316.800
1180	1317.000
1400	1317.100
1790	1317.100
1520	1317.300
1500	1317.900
1480	1318.100
1290	1318.300
1320	1318.300
1750	1318.300
1420	1318.600
1450	1318.700
1110	1319.300
1600	1319.300
1200	1319.700
1330	1319.900
1150	1320.100
1710	1320.100
1680	1320.800
1620	1321.400
1340	1321.700
1010	1321.900
1780	1323.200
1220	1323.300
1300	1323.300
1310	1323.300
1190	1324.000
1140	1325.700
1380	1326.200
1640	1326.400
1040	1327.000
1020	1328.000
1160	1328.500
1270	1331.000
1660	1331.100
1650	1331.300
1490	1331.500
1730	1331.500
1070	1331.600
1670	1332.100
1050	1332.200
1210	1332.200
1170	1333.300
1060	1334.800
1790	1335.000
1100	1336.200
1740	1338.500
1590	1338.900
1240	1340.400
1550	1341.700
1080	1342.900
1360	1343.300
1230	1343.600
1410	1343.700
1760	1343.900
1570	1345.000
1090	1346.200
1430	1346.500
1560	1346.700
1610	1347.200
1630	1347.700
1470	1349.100
1290	1349.900
1310	1351.100
1450	1351.900
1110	1352.200
1130	1352.200
1120	1354.400
1500	1354.600
1400	1354.900
1530	1355.500
1320	1357.100
1580	1358.800
1050	1359.100
1790	1359.900
1750	1360.500
1210	1362.500
1480	1364.000
1260	1364.800
1730	1365.600
1740	1369.100
1690	1369.200
1170	1369.900
1420	1371.200
1490	1372.500
1700	1372.800
1020	1373.200
1510	1377.000
1230	1380.700
1660	1381.200
1030	1383.100
1380	1383.100
1190	1384.500
1720	1385.500
1180	1386.700
1070	1388.200
1640	1388.700
1530	1390.900
1650	1391.600
1090	1392.900
1220	1394.300
1040	1395.900
1360	1396.600
1150	1398.200
1320	1399.100
1610	1402.100
1290	1403.700
1110	1405.600
1230	1408.700
1130	1409.300
1240	1410.500
1520	1412.500
1420	1418.400
1450	1419.300
1780	1420.200
1550	1424.600
1530	1427.100
1760	1429.700
1730	1435.700
1200	1436.200
1470	1438.700
1430	1442.100
1190	1443.800
1120	1444.000
1480	1451.600
1560	1458.700
1710	1460.100
1650	1463.900
1720	1475.200
1370	1639.300
1780	1641.500
1290	1642.300
1590	1648.000
1250	1650.800
1610	1651.800
1170	1653.800
1140	1654.400
1640	1654.700
1230	1654.800
1480	1655.200
1310	1655.400
1690	1655.400
1120	1656.800
1440	1656.900
1790	1657.500
1270	1657.600
1580	1658.900
1720	1659.600
1320	1660.300
1400	1661.400
1280	1662.300
1540	1662.600
1330	1662.800
1670	1662.800
1680	1663.200
1560	1663.700
1570	1664.500
1650	1664.500
1490	1665.000
1200	1665.900
1420	1665.900
1620	1666.100
1020	1666.200
1190	1666.400
1300	1666.900
1350	1667.100
1210	1667.400
1470	1667.900
1450	1668.100
1510	1668.700
1380	1669.500
1110	1669.600
1070	1670.300
1220	1670.700
1090	1670.900
1480	1671.600
1050	1672.000
1600	1672.100
1590	1672.500
1100	1672.600
1270	1672.600
1710	1672.700
1150	1672.800
1310	1672.900
1460	1673.100
1530	1673.100
1520	1673.200
1750	1673.200
1290	1674.000
1430	1674.200
1610	1674.200
1060	1674.300
1340	1674.400
1550	1674.500
1730	1674.800
1580	1675.400
1250	1675.600
1160	1676.000
1080	1676.300
1320	1676.600
1360	1676.600
1770	1676.600
1140	1676.700
1260	1677.300
1660	1677.300
1030	1677.500
1760	1677.500
1780	1677.600
1230	1677.800
1240	1677.800
1740	1678.400
1790	1678.400
1130	1678.700
1720	1678.800
1170	1679.300
1440	1679.300
1400	1679.400
1630	1679.500
1280	1679.600
1410	1679.900
1540	1680.400
1700	1680.400
1370	1680.500
1640	1680.700
1040	1680.800
1670	1680.900
1010	1681.000
1190	1681.100
1350	1681.300
1500	1681.500
1560	1681.500
1680	1681.600
1690	1681.800
1200	1682.400
1300	1682.500
1020	1682.900
1120	1682.900
1390	1683.100
1380	1683.300
1620	1683.400
1530	1683.500
1110	1683.600
1570	1683.800
1650	1684.000
1330	1684.300
1420	1684.300
1150	1684.400
1210	1684.900
1450	1684.900
1470	1685.100
1490	1685.100
1510	1685.200
1590	1685.200
1180	1685.300
1460	1685.300
1270	1685.500
1310	1686.000
1550	1686.000
1610	1686.000
1600	1686.100
1070	1686.500
1710	1686.900
1250	1687.200
1520	1687.200
1480	1687.300
1730	1687.300
1750	1687.400
1050	1687.500
1340	1687.600
1320	1688.500
1160	1688.700
1030	1688.800
1090	1688.800
1360	1689.200
1140	1689.300
1220	1689.300
1660	1689.600
1170	1689.700
1240	1689.800
1440	1689.800
1790	1689.900
1060	1690.000
1770	1690.000
1080	1690.200
1540	1690.300
1720	1690.300
1760	1690.400
1430	1690.500
1260	1690.600
1700	1690.600
1100	1690.700
1230	1691.000
1410	1691.000
1740	1691.000
1130	1691.200
1630	1691.200
1670	1691.200
1190	1691.500
1280	1691.500
1580	1691.700
1350	1691.800
1640	1691.900
1010	1692.200
1040	1692.300
1400	1692.500
1120	1692.700
1290	1692.800
1370	1692.900
1500	1693.000
1780	1693.000
1390	1693.100
1110	1693.400
1690	1693.400
1560	1693.500
1380	1693.800
1650	1693.800
1530	1694.000
1300	1694.100
1420	1694.200
1680	1694.200
1460	1694.300
1270	1694.500
1330	1694.500
1570	1694.500
1020	1694.800
1210	1694.800
1620	1694.900
1200	1695.000
1470	1695.200
1150	1695.300
1250	1695.600
1590	1695.700
1310	1695.800
1750	1696.000
1600	1696.100
1450	1696.200
1520	1696.200
1610	1696.200
1070	1696.300
1180	1696.300
1510	1696.400
1480	1696.500
1550	1696.900
1710	1696.900
1160	1697.200
1340	1697.200
1490	1697.200
1050	1697.400
1030	1697.500
1730	1697.500
1320	1698.000
1140	1698.100
1090	1698.600
1360	1698.600
1540	1698.700
1770	1698.700
1100	1698.800
1220	1698.800
1660	1698.800
1790	1698.900
1170	1699.100
1440	1699.100
1430	1699.300
1630	1699.300
1080	1699.500
1260	1699.600
1720	1699.600
1700	1699.700
1230	1699.900
1410	1699.900
1760	1699.900
1240	1700.000
1060	1700.100
1350	1700.100
1010	1700.500
1580	1700.500
1190	1700.600
1130	1700.700
1640	1700.900
1040	1701.000
1280	1701.100
1740	1701.100
1670	1701.200
1110	1701.500
1780	1701.500
1370	1701.600
1290	1701.700
1690	1701.700
1390	1702.100
1650	1702.100
1500	1702.200
1460	1702.300
1120	1702.400
1300	1702.400
1420	1702.400
1560	1702.400
1330	1702.600
1210	1702.700
1400	1702.700
1270	1702.800
1680	1702.800
1570	1703.000
1380	1703.200
1470	1703.300
1150	1703.500
1530	1703.600
1250	1703.700
1020	1703.900
1620	1703.900
1310	1704.100
1520	1704.200
1600	1704.200
1750	1704.300
1200	1704.500
1710	1704.500
1070	1704.600
1480	1704.600
1510	1704.700
1550	1704.700
1590	1704.700
1490	1704.800
1610	1704.900
1030	1705.000
1180	1705.000
1160	1705.200
1050	1705.300
1450	1705.300
1340	1705.400
1140	1705.900
1730	1706.000
1100	1706.400
1360	1706.400
1090	1706.600
1220	1706.800
1630	1706.800
1770	1706.800
1540	1706.900
1660	1707.000
1080	1707.100
1320	1707.100
1440	1707.100
1430	1707.300
1170	1707.500
1230	1707.600
1720	1707.600
1790	1707.600
1260	1707.900
1350	1707.900
1240	1708.000
1700	1708.000
1410	1708.200
1580	1708.200
1010	1708.300
1760	1708.400
1060	1708.500
1130	1708.500
1190	1708.800
1640	1708.800
1280	1708.900
1110	1709.100
1740	1709.200
1290	1709.300
1690	1709.300
1780	1709.300
1370	1709.400
1670	1709.400
1040	1709.600
1650	1709.700
1560	1710.000
1210	1710.300
1500	1710.300
1270	1710.400
1300	1710.400
1420	1710.400
1460	1710.400
1390	1710.500
1400	1710.600
1120	1710.700
1330	1710.700
1470	1710.800
1570	1710.800
1680	1710.800
1250	1710.900
1150	1711.000
1620	1711.400
1020	1711.600
1380	1711.600
1530	1711.600
1520	1711.800
1600	1711.900
1750	1711.900
1070	1712.100
1310	1712.100
1550	1712.100
1030	1712.200
1590	1712.300
1200	1712.400
1480	1712.500
1490	1712.500
1450	1712.600
1510	1712.600
1180	1712.700
1610	1712.700
1710	1712.700
1050	1713.000
1140	1713.000
1340	1713.100
1730	1713.500
1100	1713.600
1160	1713.700
1630	1713.700
1360	1713.800
1090	1714.200
1080	1714.400
1220	1714.400
1660	1714.500
1440	1714.600
1320	1714.700
1770	1714.800
1540	1714.900
1720	1714.900
1230	1715.000
1350	1715.000
1430	1715.000
1240	1715.100
1790	1715.300
1170	1715.400
1260	1715.400
1580	1715.500
1010	1715.700
1410	1715.700
1700	1715.800
1640	1715.900
1190	1716.100
1760	1716.200
1280	1716.300
1060	1716.400
1130	1716.400
1290	1716.500
1370	1716.800
1670	1716.800
1040	1716.900
1690	1716.900
1740	1716.900
1780	1716.900
1110	1717.100
1560	1717.100
1650	1717.400
1300	1717.500
1390	1717.800
1420	1717.800
1500	1717.800
1210	1717.900
1330	1718.000
1400	1718.000
1470	1718.000
1270	1718.100
1460	1718.100
1570	1718.100
1680	1718.100
1250	1718.200
1120	1718.500
1150	1718.500
1530	1718.700
1620	1718.700
1520	1719.000
1550	1719.000
1030	1719.100
1070	1719.100
1020	1719.200
1380	1719.200
1750	1719.300
1590	1719.500
1200	1719.700
1480	1719.700
1600	1719.700
1180	1719.800
1450	1719.800
1140	1719.900
1310	1719.900
1610	1719.900
1490	1720.000
1050	1720.100
1510	1720.300
1710	1720.300
1100	1720.500
1340	1720.700
1730	1720.700
1160	1720.900
1360	1721.000
1630	1721.000
1090	1721.500
1220	1721.500
1080	1721.600
1660	1721.800
1320	1721.900
1440	1721.900
1720	1721.900
1240	1722.000
1540	1722.000
1230	1722.100
1350	1722.100
1770	1722.100
1430	1722.400
1260	1722.500
1010	1722.600
1170	1722.600
1790	1722.600
1580	1722.800
1410	1723.000
1640	1723.100
1700	1723.100
1190	1723.200
1760	1723.400
1280	1723.500
1060	1723.700
1130	1723.800
1290	1723.800
1780	1723.900
1370	1724.000
1040	1724.100
1560	1724.100
1740	1724.100
1670	1724.200
1650	1724.300
1690	1724.400
1110	1724.500
1300	1724.700
1400	1724.900
1420	1724.900
1210	1725.000
1390	1725.000
1500	1725.000
1680	1725.000
1330	1725.100
1470	1725.100
1570	1725.100
1460	1725.200
1250	1725.300
1270	1725.400
1120	1725.500
1150	1725.600
1620	1725.600
1530	1725.800
1520	1725.900
1550	1725.900
1030	1726.000
1070	1726.100
1750	1726.100
1020	1726.200
1380	1726.200
1590	1726.300
1180	1726.600
1140	1726.700
1200	1726.700
1480	1726.800
1600	1726.800
1610	1726.800
1450	1727.000
1490	1727.000
1310	1727.100
1050	1727.300
1710	1727.300
1100	1727.400
1730	1727.500
1510	1727.600
1360	1727.800
1630	1727.800
1160	1727.900
1340	1728.000
1220	1728.400
1080	1728.500
1090	1728.500
1240	1728.700
1660	1728.800
1230	1728.900
1320	1728.900
1440	1728.900
1540	1728.900
1770	1729.100
1170	1729.400
1350	1729.400
1720	1729.400
1010	1729.500
1430	1729.500
1790	1729.500
1260	1729.600
1410	1729.700
1580	1729.700
1640	1729.900
1700	1730.100
1760	1730.100
1190	1730.300
1280	1730.500
1060	1730.900
1560	1730.900
1740	1730.900
1780	1730.900
1290	1731.000
1040	1731.200
1130	1731.200
1370	1731.200
1650	1731.300
1690	1731.300
1110	1731.500
1670	1731.500
1300	1731.600
1400	1731.600
1420	1731.700
1390	1731.800
1210	1731.900
1330	1732.000
1570	1732.000
1460	1732.200
1470	1732.200
1680	1732.200
1250	1732.300
1120	1732.400
1270	1732.400
1500	1732.400
1530	1732.400
1150	1732.500
1620	1732.600
1030	1732.900
1550	1732.900
1380	1733.000
1520	1733.000
1750	1733.000
1590	1733.100
1070	1733.200
1020	1733.300
1180	1733.300
1610	1733.500
1200	1733.600
1140	1733.700
1600	1733.700
1450	1733.800
1490	1733.800
1310	1733.900
1480	1733.900
1710	1734.100
1050	1734.200
1730	1734.400
1630	1734.500
1360	1734.600
1100	1734.800
1160	1734.800
1510	1734.800
1340	1735.100
1220	1735.200
1080	1735.300
1090	1735.400
1440	1735.500
1320	1735.600
1660	1735.600
1230	1735.700
1240	1735.700
1540	1735.700
1170	1736.100
1770	1736.100
1260	1736.200
1720	1736.300
1010	1736.400
1350	1736.400
1430	1736.400
1790	1736.400
1410	1736.500
1580	1736.600
1640	1736.600
1760	1736.800
1700	1736.900
1190	1737.300
1280	1737.500
1560	1737.600
1060	1737.800
1780	1737.800
1690	1737.900
1740	1738.000
1300	1738.100
1130	1738.200
1400	1738.200
1110	1738.300
1290	1738.300
1370	1738.300
1040	1738.400
1390	1738.400
1650	1738.400
1420	1738.600
1210	1738.700
1670	1738.700
1330	1738.800
1570	1738.800
1270	1739.000
1470	1739.000
1530	1739.000
1150	1739.200
1460	1739.200
1120	1739.300
1250	1739.300
1620	1739.400
1680	1739.400
1500	1739.500
1030	1739.700
1380	1739.700
1590	1739.700
1070	1739.800
1750	1739.800
1520	1740.000
1550	1740.000
1610	1740.100
1180	1740.200
1020	1740.300
1140	1740.400
1200	1740.400
1600	1740.400
1490	1740.500
1310	1740.600
1450	1740.600
1710	1740.800
1050	1741.000
1480	1741.000
1630	1741.100
1160	1741.300
1730	1741.300
1360	1741.400
1510	1741.500
1100	1741.600
1220	1741.900
1080	1742.000
1340	1742.000
1540	1742.100
1320	1742.200
1440	1742.200
1660	1742.200
1230	1742.300
1090	1742.400
1240	1742.400
1170	1742.500
1260	1742.800
1770	1742.900
1790	1743.000
1410	1743.100
1720	1743.100
1010	1743.200
1350	1743.200
1580	1743.200
1640	1743.200
1430	1743.300
1760	1743.400
1700	1743.600
1190	1743.900
1560	1744.200
1280	1744.300
1690	1744.500
1060	1744.600
1300	1744.600
1780	1744.600
1400	1744.800
1110	1744.900
1130	1745.000
1290	1745.000
1740	1745.000
1370	1745.100
1040	1745.200
1390	1745.200
1330	1745.300
1210	1745.400
1570	1745.400
1650	1745.400
1530	1745.500
1670	1745.500
1270	1745.600
1420	1745.600
1470	1745.700
1150	1745.800
1460	1745.800
1250	1746.000
1500	1746.100
1590	1746.100
1680	1746.200
1620	1746.300
1120	1746.400
1380	1746.400
1030	1746.500
1750	1746.500
1070	1746.600
1550	1746.700
1020	1746.900
1520	1746.900
1140	1747.000
1180	1747.000
1200	1747.000
1610	1747.000
1490	1747.200
1600	1747.200
1450	1747.300
1310	1747.400
1050	1747.800
1480	1747.800
1630	1747.800
1710	1747.800
1160	1747.900
1510	1748.100
1730	1748.100
1360	1748.200
1100	1748.400
1080	1748.700
1220	1748.700
1320	1748.700
1540	1748.700
1660	1748.700
1170	1748.900
1340	1748.900
1230	1749.000
1440	1749.000
1090	1749.100
1240	1749.100
1260	1749.400
1770	1749.500
1640	1749.600
1410	1749.700
1010	1749.800
1350	1749.800
1580	1749.800
1760	1749.800
1790	1749.800
1430	1750.000
1720	1750.000
1700	1750.300
1190	1750.500
1280	1750.900
1560	1750.900
1300	1751.200
1780	1751.200
1060	1751.400
1400	1751.500
1690	1751.500
1290	1751.600
1110	1751.700
1130	1751.700
1330	1751.700
1040	1751.800
1370	1751.800
1390	1751.800
1210	1751.900
1570	1751.900
1650	1752.000
1740	1752.000
1270	1752.200
1530	1752.200
1670	1752.200
1150	1752.300
1470	1752.300
1420	1752.400
1460	1752.500
1250	1752.600
1500	1752.800
1590	1752.800
1030	1752.900
1680	1753.000
1750	1753.000
1380	1753.100
1620	1753.100
1120	1753.200
1550	1753.200
1070	1753.300
1020	1753.400
1140	1753.400
1520	1753.500
1490	1753.600
1200	1753.800
1600	1753.800
1180	1753.900
1450	1753.900
1610	1753.900
1310	1754.100
1160	1754.500
1630	1754.500
1710	1754.500
1050	1754.600
1360	1754.600
1510	1754.600
1480	1754.700
1730	1754.800
1100	1755.000
1080	1755.300
1320	1755.400
1540	1755.400
1660	1755.400
1090	1755.500
1170	1755.500
1220	1755.500
1230	1755.600
1340	1755.600
1440	1755.600
1240	1755.800
1260	1756.100
1410	1756.100
1640	1756.100
1770	1756.100
1010	1756.300
1350	1756.300
1760	1756.400
1580	1756.500
1790	1756.500
1720	1756.700
1430	1756.800
1700	1756.900
1190	1757.000
1280	1757.400
1560	1757.600
1780	1757.800
1290	1757.900
1300	1757.900
1110	1758.100
1330	1758.200
1370	1758.200
1060	1758.300
1400	1758.300
1130	1758.400
1210	1758.400
1390	1758.400
1690	1758.400
1650	1758.500
1570	1758.600
1040	1758.700
1270	1758.700
1670	1758.700
1150	1758.800
1470	1758.900
1740	1758.900
1420	1759.000
1250	1759.100
1530	1759.100
1460	1759.200
1500	1759.300
1030	1759.400
1590	1759.400
1680	1759.600
1750	1759.600
1620	1759.700
1140	1759.800
1550	1759.800
1380	1760.000
1070	1760.100
1120	1760.100
1520	1760.100
1020	1760.200
1490	1760.300
1200	1760.400
1600	1760.400
1180	1760.600
1450	1760.600
1310	1760.900
1610	1760.900
1160	1761.000
1630	1761.000
1510	1761.100
1710	1761.100
1050	1761.200
1360	1761.200
1730	1761.300
1480	1761.500
1100	1761.700
1090	1761.900
1320	1762.000
1440	1762.000
1540	1762.000
1080	1762.100
1170	1762.200
1230	1762.200
1340	1762.200
1220	1762.300
1660	1762.300
1240	1762.500
1640	1762.600
1410	1762.700
1770	1762.700
1010	1762.800
1260	1762.900
1350	1763.000
1580	1763.000
1760	1763.000
1790	1763.100
1720	1763.300
1700	1763.400
1430	1763.500
1190	1763.600
1280	1763.900
1290	1764.300
1560	1764.300
1780	1764.500
1110	1764.600
1330	1764.600
1300	1764.700
1370	1764.800
1060	1765.000
1210	1765.000
1690	1765.000
1390	1765.100
1400	1765.100
1650	1765.100
1130	1765.200
1270	1765.200
1570	1765.300
1150	1765.400
1670	1765.400
1040	1765.500
1250	1765.600
1420	1765.600
1740	1765.600
1460	1765.700
1470	1765.700
1500	1765.800
1530	1765.800
1030	1765.900
1750	1766.000
1140	1766.200
1550	1766.200
1620	1766.200
1680	1766.200
1590	1766.300
1520	1766.600
1020	1766.700
1380	1766.700
1070	1766.800
1120	1766.800
1200	1767.000
1180	1767.200
1490	1767.200
1600	1767.200
1450	1767.300
1630	1767.500
1160	1767.600
1310	1767.700
1610	1767.700
1710	1767.700
1360	1767.800
1730	1767.800
1050	1768.000
1510	1768.000
1100	1768.200
1480	1768.200
1090	1768.500
1440	1768.500
1320	1768.600
1340	1768.600
1540	1768.600
1080	1768.800
1170	1768.800
1220	1768.900
1230	1768.900
1660	1768.900
1240	1769.100
1010	1769.200
1640	1769.200
1410	1769.300
1580	1769.300
1770	1769.300
1260	1769.700
1350	1769.700
1720	1769.700
1760	1769.700
1700	1769.800
1790	1769.800
1430	1770.000
1190	1770.300
1280	1770.500
1290	1770.800
1560	1770.800
1330	1771.000
1780	1771.100
1110	1771.200
1300	1771.300
1370	1771.300
1210	1771.500
1060	1771.700
1650	1771.700
1690	1771.700
1270	1771.800
1390	1771.800
1130	1771.900
1400	1771.900
1570	1771.900
1150	1772.000
1740	1772.100
1420	1772.200
1470	1772.200
1670	1772.200
1030	1772.300
1040	1772.300
1460	1772.300
1250	1772.400
1140	1772.500
1500	1772.500
1530	1772.500
1550	1772.700
1620	1772.700
1680	1772.700
1750	1772.700
1520	1773.100
1020	1773.300
1070	1773.300
1120	1773.400
1590	1773.400
1200	1773.600
1380	1773.600
1180	1773.900
1450	1773.900
1600	1773.900
1490	1774.100
1710	1774.100
1160	1774.200
1360	1774.200
1610	1774.200
1630	1774.200
1730	1774.300
1310	1774.400
1100	1774.500
1050	1774.800
1320	1775.000
1480	1775.000
1510	1775.000
1090	1775.100
1440	1775.100
1540	1775.100
1340	1775.300
1080	1775.400
1170	1775.400
1220	1775.400
1230	1775.400
1660	1775.400
1580	1775.600
1010	1775.700
1240	1775.800
1640	1775.800
1410	1775.900
1770	1775.900
1260	1776.200
1720	1776.200
1790	1776.200
1350	1776.300
1700	1776.300
1760	1776.500
1430	1776.600
1190	1776.700
1280	1777.100
1290	1777.300
1560	1777.300
1330	1777.400
1780	1777.700
1110	1777.800
1370	1777.800
1300	1778.000
1210	1778.200
1650	1778.200
1060	1778.300
1390	1778.300
1400	1778.400
1690	1778.400
1270	1778.500
1130	1778.600
1470	1778.600
1570	1778.600
1740	1778.600
1030	1778.700
1150	1778.700
1460	1778.800
1250	1778.900
1670	1778.900
1140	1779.000
1500	1779.000
1040	1779.100
1420	1779.100
1550	1779.100
1530	1779.200
1680	1779.200
1750	1779.200
1620	1779.300
1520	1779.400
1070	1779.900
1120	1779.900
1020	1780.000
1200	1780.000
1590	1780.000
1380	1780.200
1180	1780.400
1450	1780.400
1600	1780.400
1360	1780.600
1610	1780.600
1160	1780.700
1710	1780.700
1100	1780.800
1630	1780.800
1310	1780.900
1490	1780.900
1730	1781.000
1050	1781.400
1440	1781.500
1480	1781.600
1510	1781.600
1540	1781.600
1320	1781.800
1090	1781.900
1170	1781.900
1230	1781.900
1580	1781.900
1660	1781.900
1010	1782.000
1080	1782.000
1340	1782.000
1220	1782.100
1240	1782.300
1640	1782.500
1410	1782.600
1260	1782.700
1770	1782.700
1790	1782.800
1350	1782.900
1720	1782.900
1700	1783.000
1760	1783.000
1430	1783.200
1190	1783.300
1280	1783.700
1560	1783.700
1290	1783.800
1330	1784.000
1370	1784.300
1780	1784.300
1110	1784.600
1300	1784.600
1060	1784.800
1210	1784.800
1650	1784.800
1390	1785.000
1400	1785.000
1740	1785.000
1270	1785.100
1570	1785.100
1690	1785.100
1030	1785.200
1130	1785.200
1470	1785.200
1150	1785.400
1460	1785.400
1140	1785.500
1250	1785.500
1500	1785.500
1550	1785.600
1670	1785.600
1530	1785.700
1620	1785.700
1520	1785.800
1680	1785.800
1040	1785.900
1420	1785.900
1750	1785.900
1070	1786.400
1120	1786.400
1590	1786.500
1020	1786.700
1200	1786.700
1450	1786.800
1380	1786.900
1610	1786.900
1600	1787.000
1180	1787.100
1360	1787.100
1160	1787.200
1100	1787.300
1630	1787.400
1710	1787.500
1490	1787.600
1730	1787.600
1310	1787.900
1050	1788.000
1440	1788.200
1480	1788.200
1510	1788.200
1010	1788.400
1230	1788.400
1540	1788.400
1080	1788.500
1170	1788.500
1580	1788.500
1660	1788.500
1090	1788.600
1220	1788.600
1320	1788.600
1340	1788.600
1240	1788.800
1640	1789.100
1260	1789.200
1410	1789.200
1760	1789.300
1790	1789.300
1720	1789.400
1770	1789.400
1350	1789.500
1430	1789.800
1190	1789.900
1700	1789.900
1560	1790.200
1280	1790.500
1290	1790.500
1330	1790.500
1370	1790.800
1110	1791.100
1780	1791.100
1300	1791.200
1210	1791.300
1060	1791.400
1390	1791.500
1570	1791.500
1650	1791.500
1270	1791.600
1400	1791.600
1690	1791.600
1030	1791.700
1470	1791.700
1740	1791.700
1460	1791.900
1500	1791.900
1130	1792.100
1140	1792.100
1150	1792.100
1550	1792.100
1520	1792.200
1620	1792.200
1670	1792.200
1040	1792.400
1530	1792.400
1680	1792.400
1250	1792.500
1420	1792.700
1750	1792.700
1590	1792.900
1070	1793.000
1120	1793.000
1020	1793.200
1200	1793.200
1610	1793.200
1450	1793.300
1380	1793.500
1360	1793.600
1160	1793.800
1180	1793.800
1600	1793.800
1100	1793.900
1710	1794.000
1730	1794.000
1630	1794.200
1050	1794.400
1310	1794.500
1490	1794.600
1510	1794.700
1010	1794.900
1080	1795.000
1480	1795.000
1540	1795.000
1580	1795.000
1090	1795.100
1170	1795.100
1230	1795.100
1660	1795.100
1220	1795.200
1340	1795.200
1440	1795.200
1240	1795.300
1320	1795.300
1790	1795.600
1260	1795.700
1410	1795.700
1640	1795.800
1760	1795.800
1720	1796.000
1350	1796.100
1770	1796.200
1190	1796.700
1430	1796.800
1560	1796.800
1700	1796.800
1330	1797.100
1280	1797.200
1290	1797.200
1110	1797.700
1370	1797.700
1210	1797.800
1060	1797.900
1300	1797.900
1270	1798.000
1390	1798.000
1570	1798.000
1650	1798.100
1780	1798.100
1030	1798.200
1400	1798.200
1470	1798.200
1740	1798.300
1460	1798.400
1500	1798.400
1690	1798.400
1150	1798.600
1130	1798.700
1620	1798.700
1140	1798.800
1520	1798.800
1040	1798.900
1550	1798.900
1670	1798.900
1680	1799.100
1750	1799.200
1250	1799.400
1420	1799.400
1530	1799.400
1590	1799.400
1610	1799.600
1200	1799.700
1070	1799.800
1120	1799.800
1020	1799.900
1450	1799.900
1380	1800.100
1160	1800.300
1180	1800.300
1360	1800.400
1730	1800.400
1600	1800.500
1100	1800.700
1710	1800.700
1050	1800.800
1630	1801.000
1310	1801.100
1510	1801.300
1490	1801.400
1080	1801.500
1580	1801.500
1010	1801.600
1540	1801.600
1090	1801.700
1170	1801.700
1440	1801.700
1480	1801.700
1660	1801.700
1230	1801.800
1340	1801.800
1220	1801.900
1320	1801.900
1240	1802.100
1790	1802.100
1260	1802.200
1410	1802.200
1760	1802.300
1640	1802.500
1720	1802.600
1350	1802.800
1770	1802.900
1560	1803.200
1190	1803.300
1700	1803.300
1330	1803.600
1430	1803.800
1280	1803.900
1290	1803.900
1110	1804.300
1060	1804.400
1210	1804.400
1300	1804.400
1570	1804.400
1390	1804.600
1650	1804.700
1030	1804.800
1270	1804.800
1370	1804.800
1470	1804.800
1400	1804.900
1460	1804.900
1740	1804.900
1780	1805.000
1500	1805.100
1150	1805.200
1690	1805.200
1130	1805.300
1520	1805.300
1620	1805.300
1040	1805.400
1140	1805.400
1550	1805.400
1670	1805.600
1680	1805.700
1750	1805.800
1610	1805.900
1250	1806.000
1530	1806.100
1590	1806.100
1200	1806.200
1420	1806.200
1450	1806.500
1020	1806.600
1070	1806.600
1120	1806.600
1380	1806.700
1160	1806.900
1180	1806.900
1730	1807.000
1600	1807.200
1710	1807.200
1050	1807.400
1360	1807.400
1100	1807.500
1310	1807.600
1630	1807.700
1510	1807.800
1580	1807.900
1080	1808.000
1490	1808.000
1170	1808.100
1660	1808.100
1010	1808.200
1480	1808.300
1540	1808.300
1090	1808.400
1220	1808.400
1320	1808.400
1340	1808.400
1440	1808.400
1230	1808.600
1790	1808.600
1240	1808.700
1410	1808.700
1260	1808.800
1760	1808.900
1640	1809.100
1720	1809.100
1350	1809.400
1560	1809.600
1700	1809.800
1770	1809.800
1190	1810.000
1330	1810.300
1290	1810.500
1430	1810.600
1280	1810.700
1210	1810.900
1110	1811.000
1570	1811.000
1060	1811.100
1300	1811.200
1650	1811.300
1030	1811.400
1270	1811.400
1390	1811.400
1400	1811.400
1460	1811.400
1470	1811.400
1740	1811.600
1150	1811.700
1780	1811.700
1040	1811.900
1370	1811.900
1500	1811.900
1620	1811.900
1690	1811.900
1130	1812.000
1520	1812.000
1140	1812.100
1550	1812.100
1680	1812.200
1750	1812.200
1670	1812.300
1610	1812.400
1250	1812.600
1200	1812.700
1590	1812.700
1530	1812.900
1420	1813.000
1450	1813.100
1020	1813.300
1070	1813.300
1730	1813.400
1120	1813.500
1380	1813.500
1160	1813.600
1710	1813.800
1180	1813.900
1600	1814.000
1050	1814.100
1100	1814.100
1310	1814.100
1360	1814.200
1510	1814.200
1580	1814.400
1630	1814.400
1080	1814.500
1170	1814.600
1490	1814.600
1660	1814.600
1010	1814.800
1540	1814.800
1440	1814.900
1480	1814.900
1090	1815.000
1220	1815.000
1340	1815.000
1410	1815.000
1230	1815.100
1320	1815.100
1790	1815.100
1240	1815.200
1260	1815.300
1640	1815.500
1760	1815.500
1720	1815.600
1350	1816.200
1560	1816.200
1700	1816.300
1770	1816.400
1190	1816.500
1330	1816.900
1290	1817.000
1280	1817.200
1430	1817.200
1110	1817.400
1210	1817.400
1060	1817.600
1570	1817.600
1030	1817.800
1270	1817.800
1300	1817.800
1400	1817.800
1460	1817.800
1470	1817.800
1650	1817.800
1150	1817.900
1390	1817.900
1740	1818.100
1130	1818.200
1780	1818.200
1040	1818.300
1140	1818.400
1370	1818.400
1500	1818.400
1520	1818.400
1620	1818.400
1690	1818.400
1750	1818.400
1550	1818.500
1680	1818.500
1670	1818.600
1610	1818.700
1200	1818.900
1250	1818.900
1590	1818.900
1070	1819.300
1420	1819.300
1530	1819.300
1450	1819.400
1020	1819.500
1730	1819.500
1160	1819.700
1380	1819.700
1120	1819.800
1710	1819.900
1180	1820.000
1310	1820.100
1100	1820.200
1600	1820.200
1050	1820.300
1360	1820.300
1510	1820.300
1080	1820.500
1170	1820.500
1490	1820.500
1580	1820.500
1630	1820.500
1660	1820.600
1010	1820.700
1540	1820.800
1440	1820.900
1480	1820.900
1090	1821.000
1220	1821.000
1230	1821.000
1340	1821.000
1410	1821.000
1790	1821.000
1320	1821.100
1240	1821.200
1260	1821.300
1640	1821.400
1760	1821.400
1720	1821.500
1350	1822.000
1560	1822.000
1700	1822.100
1190	1822.300
1770	1822.300
1290	1822.800
1330	1822.800
1280	1823.100
1430	1823.100
1110	1823.200
1210	1823.300
1060	1823.400
1270	1823.600
1460	1823.600
1570	1823.600
1470	1823.700
1650	1823.700
1030	1823.800
1150	1823.800
1300	1823.800
1390	1823.800
1400	1823.800
1740	1824.000
1040	1824.100
1130	1824.100
1780	1824.100
1520	1824.300
1750	1824.300
1140	1824.400
1370	1824.400
1500	1824.400
1620	1824.400
1680	1824.400
1690	1824.400
1550	1824.500
1670	1824.500
1610	1824.600
1200	1824.800
1250	1824.800
1590	1824.800
1070	1825.200
1420	1825.200
1450	1825.400
1530	1825.400
1730	1825.400
1020	1825.600
1160	1825.600
1120	1825.700
1380	1825.700
1710	1825.800
1180	1826.000
1310	1826.100
1510	1826.100
1100	1826.200
1600	1826.200
1360	1826.300
1050	1826.400
1490	1826.400
1080	1826.500
1170	1826.500
1580	1826.500
1630	1826.500
1660	1826.500
1010	1826.600
1480	1826.800
1540	1826.800
1090	1826.900
1230	1826.900
1440	1826.900
1790	1826.900
1320	1827.000
1340	1827.000
1410	1827.000
1220	1827.100
1240	1827.100
1260	1827.200
1640	1827.300
1760	1827.300
1720	1827.500
1350	1827.900
1560	1827.900
1700	1828.000
1190	1828.300
1770	1828.300
1290	1828.800
1330	1828.800
1430	1829.100
1110	1829.200
1280	1829.200
1060	1829.300
1210	1829.300
1270	1829.400
1460	1829.500
1570	1829.600
1150	1829.700
1470	1829.700
1650	1829.700
1030	1829.800
1300	1829.900
1390	1829.900
1400	1829.900
1740	1829.900
1040	1830.000
1780	1830.000
1130	1830.100
1750	1830.100
1140	1830.300
1370	1830.300
1520	1830.300
1680	1830.300
1500	1830.400
1550	1830.400
1620	1830.400
1670	1830.400
1690	1830.400
1610	1830.500
1200	1830.600
1250	1830.600
1590	1830.700
1070	1831.100
1420	1831.100
1730	1831.200
1450	1831.300
1530	1831.300
1160	1831.400
1710	1831.500
1020	1831.600
1120	1831.600
1380	1831.600
1510	1831.800
1180	1831.900
1310	1831.900
1100	1832.000
1360	1832.100
1600	1832.100
1490	1832.200
1050	1832.300
1170	1832.300
1580	1832.300
1630	1832.300
1660	1832.300
1010	1832.400
1080	1832.400
1480	1832.600
1540	1832.600
1090	1832.700
1230	1832.700
1440	1832.700
1790	1832.700
1320	1832.800
1340	1832.800
1410	1832.800
1240	1832.900
1220	1833.000
1260	1833.000
1640	1833.100
1760	1833.100
1720	1833.300
1350	1833.700
1560	1833.700
1700	1833.800
1190	1834.100
1770	1834.200
1290	1834.600
1330	1834.700
1430	1834.900
1110	1835.100
1280	1835.100
1060	1835.200
1210	1835.300
1270	1835.300
1460	1835.400
1570	1835.500
1150	1835.600
1470	1835.600
1030	1835.700
1650	1835.700
1400	1835.800
1740	1835.800
1040	1835.900
1300	1835.900
1780	1835.900
1130	1836.000
1390	1836.000
1750	1836.000
1140	1836.300
1370	1836.300
1520	1836.300
1680	1836.300
1500	1836.400
1550	1836.400
1610	1836.400
1620	1836.400
1670	1836.400
1690	1836.400
1200	1836.500
1250	1836.500
1590	1836.800
1070	1837.100
1420	1837.100
1730	1837.200
1160	1837.300
1450	1837.300
1530	1837.300
1710	1837.500
1020	1837.600
1120	1837.600
1380	1837.600
1510	1837.600
1310	1837.800
1180	1837.900
1100	1838.000
1490	1838.100
1360	1838.200
1600	1838.200
1050	1838.300
1170	1838.300
1630	1838.300
1660	1838.300
1010	1838.400
1080	1838.400
1580	1838.400
1540	1838.600
1090	1838.700
1230	1838.700
1480	1838.700
1790	1838.700
1320	1838.800
1340	1838.800
1410	1838.800
1440	1838.800
1220	1839.000
1240	1839.000
1260	1839.000
1640	1839.000
1760	1839.100
1720	1839.200
1560	1839.600
1350	1839.700
1700	1839.800
1190	1840.000
1770	1840.200
1290	1840.600
1330	1840.800
1430	1840.800
1060	1841.100
1110	1841.100
1280	1841.100
1270	1841.200
1210	1841.300
1460	1841.300
1570	1841.500
1030	1841.600
1150	1841.600
1470	1841.600
1650	1841.700
1040	1841.800
1400	1841.800
1740	1841.800
1780	1841.800
1750	1841.900
1130	1842.000
1300	1842.100
1390	1842.100
1140	1842.300
1370	1842.300
1520	1842.300
1550	1842.300
1610	1842.300
1670	1842.300
1250	1842.400
1500	1842.400
1620	1842.400
1680	1842.400
1200	1842.500
1690	1842.500
1590	1842.800
1420	1843.000
1070	1843.100
1160	1843.100
1450	1843.200
1530	1843.200
1730	1843.200
1710	1843.400
1020	1843.500
1120	1843.500
1510	1843.500
1380	1843.600
1310	1843.700
1100	1843.800
1180	1843.800
1490	1843.900
1010	1844.200
1170	1844.200
1360	1844.200
1600	1844.200
1630	1844.200
1660	1844.200
1050	1844.300
1080	1844.300
1580	1844.300
1540	1844.500
1790	1844.500
1090	1844.600
1230	1844.600
1410	1844.600
1480	1844.600
1320	1844.700
1340	1844.700
1440	1844.700
1220	1844.900
1240	1844.900
1260	1844.900
1640	1844.900
1760	1845.000
1720	1845.100
1560	1845.400
1350	1845.500
1700	1845.600
1190	1845.900
1770	1846.200
1290	1846.500
1330	1846.800
1430	1846.800
1060	1847.000
1110	1847.000
1270	1847.000
1280	1847.000
1460	1847.200
1210	1847.300
1030	1847.500
1470	1847.500
1570	1847.500
1150	1847.600
1650	1847.700
1740	1847.700
1780	1847.700
1040	1847.800
1400	1847.800
1750	1847.800
1130	1848.000
1300	1848.200
1390	1848.200
1140	1848.300
1370	1848.300
1520	1848.300
1550	1848.300
1670	1848.300
1250	1848.400
1500	1848.400
1610	1848.400
1620	1848.400
1200	1848.500
1680	1848.500
1690	1848.500
1590	1848.900
1160	1849.000
1420	1849.000
1070	1849.100
1450	1849.200
1730	1849.200
1530	1849.300
1710	1849.400
1020	1849.500
1120	1849.500
1510	1849.500
1380	1849.600
1310	1849.700
1100	1849.800
1490	1849.800
1180	1849.900
1010	1850.200
1170	1850.200
1360	1850.200
1630	1850.200
1050	1850.300
1580	1850.300
1600	1850.300
1660	1850.300
1080	1850.400
1090	1850.500
1790	1850.500
1230	1850.600
1540	1850.600
1320	1850.700
1340	1850.700
1410	1850.700
1440	1850.700
1480	1850.700
1220	1850.900
1240	1850.900
1260	1850.900
1640	1850.900
1760	1851.100
1720	1851.200
1350	1851.400
1560	1851.400
1700	1851.700
1190	1851.900
1770	1852.200
1290	1852.500
1330	1852.800
1060	1852.900
1280	1852.900
1430	1852.900
1110	1853.000
1270	1853.000
1460	1853.200
1210	1853.400
1570	1853.400
1030	1853.500
1470	1853.500
1150	1853.600
1040	1853.700
1740	1853.700
1750	1853.700
1780	1853.700
1400	1853.800
1650	1853.800
1130	1854.000
1300	1854.200
1390	1854.200
1550	1854.200
1670	1854.200
1250	1854.300
1520	1854.300
1140	1854.400
1370	1854.400
1500	1854.400
1610	1854.400
1620	1854.400
1200	1854.500
1690	1854.500
1680	1854.600
1590	1854.800
1160	1854.900
1070	1855.000
1420	1855.000
1450	1855.100
1730	1855.100
1530	1855.300
1710	1855.300
1120	1855.400
1510	1855.400
1020	1855.500
1380	1855.500
1310	1855.600
1100	1855.700
1490	1855.700
1180	1855.800
1010	1856.100
1170	1856.100
1360	1856.100
1630	1856.100
1580	1856.200
1660	1856.200
1050	1856.300
1600	1856.300
1080	1856.400
1090	1856.400
1540	1856.400
1790	1856.400
1230	1856.500
1320	1856.600
1410	1856.600
1440	1856.600
1480	1856.600
1260	1856.700
1340	1856.700
1220	1856.800
1240	1856.800
1640	1856.800
1720	1857.100
1760	1857.100
1350	1857.200
1560	1857.300
1700	1857.500
1190	1857.700
1770	1858.200
1290	1858.400
1060	1858.800
1280	1858.800
1330	1858.800
1110	1858.900
1270	1858.900
1430	1858.900
1460	1859.200
1210	1859.400
1470	1859.400
1570	1859.400
1030	1859.500
1040	1859.600
1150	1859.600
1750	1859.600
1780	1859.600
1740	1859.700
1400	1859.800
1650	1859.800
1130	1860.000
1520	1860.200
1550	1860.200
1670	1860.200
1250	1860.300
1300	1860.300
1390	1860.300
1140	1860.400
1500	1860.400
1610	1860.400
1620	1860.400
1200	1860.500
1370	1860.500
1680	1860.600
1690	1860.600
1590	1860.700
1160	1860.800
1070	1860.900
1420	1860.900
1450	1861.100
1730	1861.100
1530	1861.300
1710	1861.300
1120	1861.400
1020	1861.500
1310	1861.500
1380	1861.500
1510	1861.500
1100	1861.600
1490	1861.600
1180	1861.800
1010	1862.100
1170	1862.100
1360	1862.100
1630	1862.100
1660	1862.100
1580	1862.200
1050	1862.300
1090	1862.300
1600	1862.300
1230	1862.400
1540	1862.400
1790	1862.400
1080	1862.500
1320	1862.600
1440	1862.600
1480	1862.600
1260	1862.700
1410	1862.700
1240	1862.800
1340	1862.800
1220	1862.900
1640	1862.900
1720	1863.000
1350	1863.100
1760	1863.100
1560	1863.300
1700	1863.500
1190	1863.600
1770	1864.200
1290	1864.400
1060	1864.700
1280	1864.800
1330	1864.800
1110	1864.900
1270	1864.900
1430	1865.000
1460	1865.200
1470	1865.400
1570	1865.400
1210	1865.500
1750	1865.500
1040	1865.600
1780	1865.600
1030	1865.700
1150	1865.700
1400	1865.800
1740	1865.800
1650	1865.900
1130	1866.000
1520	1866.100
1550	1866.100
1670	1866.200
1250	1866.300
1390	1866.300
1200	1866.400
1300	1866.400
1500	1866.400
1610	1866.400
1620	1866.500
1140	1866.600
1590	1866.600
1680	1866.600
1690	1866.600
1370	1866.700
1160	1866.800
1070	1866.900
1420	1866.900
1450	1867.100
1730	1867.100
1710	1867.200
1120	1867.400
1510	1867.400
1530	1867.400
1100	1867.500
1310	1867.500
1380	1867.500
1020	1867.600
1490	1867.600
1180	1867.700
1010	1868.100
1170	1868.100
1360	1868.100
1630	1868.100
1660	1868.100
1090	1868.200
1050	1868.300
1580	1868.300
1600	1868.300
1790	1868.300
1230	1868.400
1540	1868.400
1080	1868.500
1320	1868.500
1260	1868.600
1440	1868.600
1480	1868.600
1240	1868.700
1410	1868.700
1340	1868.800
1640	1868.800
1720	1868.900
1220	1869.000
1350	1869.000
1760	1869.000
1560	1869.200
1700	1869.400
1190	1869.500
1770	1870.100
1290	1870.400
1060	1870.600
1280	1870.700
1110	1870.800
1330	1870.800
1270	1870.900
1430	1871.000
1460	1871.100
1470	1871.300
1570	1871.300
1210	1871.400
1750	1871.400
1040	1871.500
1780	1871.500
1030	1871.600
1150	1871.700
1740	1871.800
1400	1871.900
1130	1872.000
1520	1872.000
1550	1872.000
1650	1872.000
1250	1872.200
1670	1872.200
1200	1872.300
1300	1872.300
1390	1872.300
1610	1872.300
1500	1872.400
1590	1872.500
1620	1872.500
1140	1872.600
1690	1872.600
1160	1872.700
1370	1872.700
1680	1872.700
1070	1872.800
1420	1872.800
1730	1873.000
1450	1873.100
1710	1873.200
1510	1873.300
1100	1873.400
1120	1873.400
1310	1873.400
1380	1873.400
1490	1873.500
1530	1873.500
1020	1873.700
1180	1873.700
1660	1874.000
1010	1874.100
1170	1874.100
1360	1874.100
1630	1874.100
1050	1874.200
1090	1874.200
1790	1874.200
1230	1874.300
1580	1874.300
1600	1874.300
1080	1874.400
1320	1874.400
1440	1874.500
1480	1874.500
1540	1874.500
1240	1874.600
1260	1874.600
1410	1874.700
1340	1874.800
1640	1874.800
1350	1874.900
1720	1874.900
1760	1874.900
1220	1875.000
1560	1875.100
1700	1875.300
1190	1875.400
1770	1876.000
1290	1876.400
1060	1876.500
1280	1876.700
1110	1876.800
1270	1876.900
1330	1876.900
1460	1877.000
1430	1877.100
1470	1877.200
1570	1877.200
1210	1877.400
1750	1877.400
1780	1877.400
1040	1877.500
1030	1877.600
1150	1877.700
1400	1877.900
1520	1877.900
1550	1877.900
1740	1877.900
1130	1878.000
1650	1878.100
1200	1878.200
1250	1878.200
1300	1878.200
1390	1878.200
1610	1878.200
1670	1878.200
1500	1878.300
1590	1878.400
1070	1878.600
1140	1878.600
1160	1878.600
1370	1878.600
1620	1878.600
1680	1878.600
1690	1878.600
1420	1878.700
1730	1879.000
1710	1879.100
1100	1879.200
1450	1879.200
1510	1879.200
1120	1879.300
1310	1879.300
1380	1879.300
1490	1879.300
1530	1879.400
1180	1879.600
1020	1879.700
1660	1879.900
1010	1880.000
1170	1880.000
1630	1880.000
1050	1880.100
1090	1880.100
1360	1880.100
1790	1880.100
1230	1880.200
1580	1880.200
1600	1880.200
1080	1880.300
1320	1880.300
1240	1880.400
1260	1880.400
1440	1880.400
1480	1880.400
1540	1880.400
1410	1880.700
1640	1880.700
1720	1880.700
1340	1880.800
1350	1880.800
1760	1880.800
1220	1881.000
1560	1881.000
1700	1881.200
1190	1881.300
1770	1881.900
1290	1882.300
1060	1882.400
1280	1882.500
1110	1882.700
1270	1882.800
1460	1882.900
1330	1883.000
1430	1883.100
1470	1883.100
1570	1883.100
1210	1883.300
1780	1883.300
1040	1883.400
1750	1883.400
1030	1883.500
1150	1883.600
1520	1883.800
1550	1883.800
1130	1883.900
1400	1883.900
1740	1883.900
1200	1884.100
1250	1884.100
1300	1884.100
1390	1884.100
1610	1884.100
1650	1884.100
1590	1884.200
1670	1884.200
1500	1884.300
1070	1884.500
1160	1884.500
1370	1884.500
1680	1884.500
1140	1884.600
1420	1884.600
1690	1884.600
1620	1884.700
1730	1884.800
1100	1885.000
1450	1885.100
1510	1885.100
1710	1885.100
1310	1885.200
1490	1885.200
1120	1885.300
1380	1885.300
1530	1885.400
1180	1885.500
1020	1885.700
1660	1885.800
1010	1885.900
1170	1885.900
1050	1886.000
1090	1886.000
1630	1886.000
1790	1886.000
1360	1886.100
1580	1886.100
1600	1886.100
1080	1886.200
1230	1886.200
1320	1886.200
1240	1886.300
1260	1886.300
1440	1886.300
1480	1886.400
1540	1886.500
1410	1886.600
1640	1886.600
1720	1886.600
1340	1886.700
1350	1886.700
1760	1886.700
1220	1886.900
1560	1886.900
1700	1887.100
1190	1887.200
1770	1887.800
1290	1888.100
1060	1888.200
1280	1888.500
1110	1888.600
1270	1888.700
1460	1888.800
1330	1889.000
1470	1889.000
1570	1889.000
1430	1889.100
1210	1889.200
1780	1889.200
1040	1889.300
1750	1889.300
1030	1889.400
1150	1889.500
1520	1889.700
1550	1889.700
1130	1889.800
1740	1889.800
1200	1889.900
1400	1889.900
1610	1889.900
1250	1890.000
1300	1890.000
1390	1890.000
1590	1890.000
1650	1890.000
1670	1890.100
1500	1890.200
1070	1890.300
1160	1890.300
1680	1890.300
1370	1890.400
1420	1890.500
1690	1890.500
1140	1890.600
1730	1890.600
1620	1890.700
1100	1890.800
1510	1890.900
1450	1891.000
1490	1891.000
1310	1891.100
1710	1891.100
1120	1891.200
1380	1891.200
1180	1891.400
1530	1891.400
1020	1891.600
1660	1891.700
1010	1891.800
1170	1891.800
1050	1891.900
1090	1891.900
1630	1891.900
1790	1891.900
1360	1892.000
1580	1892.000
1600	1892.000
1080	1892.100
1230	1892.100
1320	1892.100
1240	1892.200
1260	1892.200
1440	1892.200
1480	1892.300
1540	1892.400
1720	1892.400
1350	1892.500
1410	1892.500
1640	1892.500
1340	1892.600
1760	1892.600
1560	1892.700
1220	1892.800
1700	1893.000
1190	1893.100
1770	1893.700
1060	1894.000
1290	1894.000
1280	1894.400
1270	1894.500
1110	1894.600
1460	1894.600
1470	1894.900
1570	1894.900
1330	1895.000
1210	1895.100
1430	1895.100
1780	1895.100
1040	1895.200
1750	1895.200
1030	1895.300
1150	1895.400
1520	1895.600
1550	1895.600
1130	1895.700
1200	1895.700
1740	1895.700
1250	1895.800
1610	1895.800
1390	1895.900
1400	1895.900
1590	1895.900
1650	1895.900
1300	1896.000
1160	1896.100
1500	1896.100
1670	1896.100
1070	1896.200
1680	1896.200
1370	1896.300
1420	1896.400
1690	1896.400
1730	1896.500
1100	1896.600
1140	1896.600
1510	1896.700
1620	1896.700
1490	1896.800
1450	1896.900
1310	1897.000
1710	1897.000
1120	1897.100
1380	1897.100
1180	1897.300
1530	1897.400
1020	1897.500
1660	1897.500
1010	1897.700
1170	1897.700
1790	1897.700
1090	1897.800
1630	1897.800
1050	1897.900
1080	1897.900
1230	1897.900
1360	1897.900
1580	1897.900
1600	1897.900
1240	1898.000
1320	1898.000
1260	1898.100
1440	1898.100
1540	1898.200
1720	1898.200
1350	1898.300
1480	1898.300
1640	1898.300
1340	1898.400
1410	1898.400
1560	1898.500
1760	1898.500
1220	1898.700
1700	1898.800
1190	1898.900
1770	1899.500
1060	1899.800
1290	1899.900
1270	1900.300
1280	1900.300
1460	1900.400
1110	1900.500
1470	1900.700
1570	1900.800
1210	1900.900
1330	1900.900
1780	1900.900
1040	1901.000
1430	1901.000
1750	1901.100
1030	1901.200
1150	1901.300
1520	1901.400
1550	1901.400
1130	1901.500
1200	1901.600
1250	1901.600
1610	1901.600
1740	1901.600
1390	1901.800
1590	1901.800
1650	1901.800
1160	1901.900
1300	1901.900
1400	1901.900
1070	1902.000
1500	1902.000
1670	1902.000
1680	1902.100
1370	1902.300
1420	1902.300
1690	1902.300
1730	1902.300
1100	1902.400
1510	1902.500
1140	1902.600
1490	1902.700
1620	1902.700
1450	1902.800
1310	1902.900
1710	1902.900
1380	1903.000
1120	1903.100
1180	1903.200
1020	1903.400
1530	1903.400
1660	1903.400
1010	1903.500
1790	1903.500
1170	1903.600
1630	1903.600
1080	1903.700
1090	1903.700
1230	1903.800
1320	1903.800
1360	1903.800
1580	1903.800
1600	1903.800
1050	1903.900
1240	1903.900
1260	1903.900
1440	1903.900
1540	1904.000
1350	1904.100
1480	1904.100
1640	1904.100
1720	1904.100
1340	1904.200
1410	1904.300
1560	1904.300
1760	1904.400
1220	1904.600
1700	1904.600
1190	1904.700
1770	1905.300
1060	1905.600
1290	1905.700
1270	1906.100
1280	1906.200
1460	1906.200
1110	1906.300
1470	1906.500
1570	1906.700
1780	1906.700
1040	1906.800
1210	1906.800
1330	1906.900
1430	1906.900
1750	1906.900
1030	1907.100
1150	1907.200
1130	1907.300
1520	1907.300
1550	1907.300
1200	1907.400
1250	1907.400
1610	1907.400
1740	1907.500
1590	1907.600
1390	1907.700
1650	1907.700
1070	1907.800
1160	1907.800
1300	1907.800
1670	1907.800
1400	1907.900
1500	1907.900
1680	1908.000
1730	1908.100
1100	1908.200
1370	1908.200
1420	1908.200
1510	1908.200
1690	1908.200
1140	1908.500
1490	1908.500
1310	1908.700
1450	1908.700
1620	1908.700
1710	1908.800
1380	1908.900
1120	1909.000
1180	1909.100
1010	1909.300
1020	1909.300
1660	1909.300
1790	1909.300
1170	1909.400
1530	1909.400
1080	1909.500
1090	1909.500
1630	1909.500
1230	1909.600
1320	1909.600
1360	1909.600
1240	1909.700
1260	1909.700
1440	1909.700
1580	1909.700
1600	1909.700
1050	1909.800
1350	1909.900
1480	1909.900
1540	1909.900
1640	1909.900
1340	1910.000
1720	1910.000
1410	1910.100
1560	1910.100
1760	1910.200
1190	1910.400
1220	1910.400
1700	1910.400
1770	1911.100
1060	1911.400
1290	1911.500
1270	1911.900
1280	1912.000
1460	1912.000
1110	1912.100
1470	1912.300
1040	1912.500
1780	1912.500
1210	1912.600
1570	1912.600
1430	1912.700
1750	1912.700
1330	1912.900
1030	1913.000
1130	1913.100
1150	1913.100
1520	1913.100
1200	1913.200
1250	1913.200
1550	1913.200
1610	1913.200
1590	1913.400
1740	1913.400
1070	1913.600
1160	1913.600
1650	1913.600
1670	1913.600
1390	1913.700
1300	1913.800
1500	1913.800
1680	1913.800
1400	1913.900
1510	1913.900
1730	1913.900
1100	1914.000
1370	1914.000
1420	1914.000
1690	1914.100
1490	1914.300
1140	1914.400
1310	1914.500
1450	1914.600
1620	1914.600
1710	1914.600
1380	1914.700
1120	1914.800
1180	1915.000
1010	1915.100
1020	1915.100
1660	1915.100
1790	1915.100
1170	1915.200
1090	1915.300
1530	1915.300
1630	1915.300
1080	1915.400
1230	1915.400
1260	1915.400
1320	1915.400
1360	1915.400
1240	1915.500
1440	1915.500
1580	1915.500
1600	1915.500
1050	1915.600
1350	1915.700
1480	1915.700
1540	1915.700
1640	1915.700
1340	1915.800
1720	1915.800
1410	1915.900
1560	1915.900
1760	1916.000
1190	1916.200
1220	1916.200
1700	1916.200
1770	1916.900
1060	1917.200
1290	1917.300
1270	1917.600
1280	1917.800
1460	1917.800
1110	1917.900
1470	1918.100
1040	1918.200
1780	1918.300
1210	1918.400
1570	1918.400
1750	1918.500
1430	1918.600
1030	1918.800
1330	1918.800
1150	1918.900
1130	1919.000
1200	1919.000
1250	1919.000
1520	1919.000
1610	1919.000
1550	1919.100
1590	1919.200
1740	1919.300
1070	1919.400
1650	1919.400
1670	1919.400
1160	1919.500
1390	1919.700
1500	1919.700
1510	1919.700
1680	1919.700
1300	1919.800
1400	1919.800
1420	1919.800
1730	1919.800
1100	1919.900
1370	1919.900
1690	1919.900
1490	1920.100
1140	1920.300
1310	1920.300
1710	1920.400
1380	1920.500
1450	1920.500
1620	1920.500
1120	1920.600
1790	1920.800
1010	1920.900
1180	1920.900
1020	1921.000
1090	1921.000
1170	1921.000
1660	1921.000
1260	1921.100
1630	1921.100
1230	1921.200
1320	1921.200
1360	1921.200
1440	1921.200
1530	1921.200
1080	1921.300
1240	1921.300
1600	1921.300
1350	1921.400
1580	1921.400
1050	1921.500
1480	1921.500
1540	1921.500
1640	1921.500
1340	1921.600
1720	1921.600
1410	1921.700
1560	1921.700
1760	1921.700
1190	1922.000
1700	1922.000
1220	1922.100
1770	1922.700
1060	1922.900
1290	1923.100
1270	1923.300
1280	1923.600
1460	1923.600
1110	1923.700
1040	1923.900
1470	1923.900
1780	1924.000
1210	1924.200
1570	1924.300
1750	1924.300
1430	1924.400
1030	1924.600
1330	1924.700
1130	1924.800
1150	1924.800
1200	1924.800
1250	1924.800
1520	1924.800
1610	1924.800
1550	1924.900
1590	1924.900
1070	1925.200
1650	1925.200
1740	1925.200
1160	1925.300
1670	1925.300
1510	1925.500
1390	1925.600
1420	1925.600
1500	1925.600
1680	1925.600
1730	1925.600
1100	1925.700
1300	1925.700
1370	1925.800
1400	1925.800
1690	1925.800
1490	1925.900
1310	1926.100
1140	1926.200
1710	1926.200
1380	1926.300
1450	1926.300
1120	1926.400
1620	1926.400
1790	1926.600
1010	1926.700
1180	1926.700
1020	1926.800
1090	1926.800
1170	1926.800
1660	1926.800
1260	1926.900
1630	1926.900
1230	1927.000
1320	1927.000
1360	1927.000
1440	1927.000
1530	1927.000
1080	1927.100
1240	1927.100
1350	1927.100
1600	1927.200
1640	1927.200
1480	1927.300
1540	1927.300
1580	1927.300
1050	1927.400
1340	1927.400
1720	1927.400
1560	1927.500
1760	1927.500
1410	1927.600
1190	1927.800
1700	1927.800
1220	1928.000
1770	1928.500
1060	1928.700
1290	1928.900
1270	1929.100
1280	1929.400
1460	1929.400
1110	1929.500
1040	1929.600
1470	1929.700
1780	1929.700
1210	1930.000
1570	1930.100
1750	1930.100
1430	1930.200
1030	1930.400
1330	1930.500
1130	1930.600
1150	1930.600
1200	1930.600
1250	1930.600
1520	1930.600
1590	1930.600
1610	1930.600
1550	1930.700
1070	1930.900
1160	1931.100
1650	1931.100
1740	1931.100
1510	1931.200
1670	1931.200
1420	1931.400
1500	1931.400
1680	1931.400
1730	1931.400
1100	1931.500
1390	1931.500
1300	1931.600
1370	1931.600
1490	1931.600
1690	1931.600
1400	1931.700
1310	1931.800
1710	1932.000
1140	1932.100
1380	1932.100
1450	1932.100
1120	1932.200
1620	1932.200
1010	1932.400
1790	1932.400
1180	1932.500
1090	1932.600
1170	1932.600
1660	1932.600
1020	1932.700
1260	1932.700
1630	1932.700
1230	1932.800
1320	1932.800
1350	1932.800
1360	1932.800
1440	1932.800
1530	1932.800
1080	1932.900
1240	1933.000
1600	1933.000
1640	1933.000
1480	1933.100
1340	1933.200
1540	1933.200
1560	1933.200
1580	1933.200
1720	1933.200
1050	1933.300
1760	1933.300
1410	1933.400
1190	1933.600
1700	1933.600
1220	1933.900
1770	1934.300
1060	1934.400
1290	1934.700
1270	1934.800
1280	1935.200
1460	1935.200
1040	1935.300
1110	1935.300
1470	1935.500
1780	1935.500
1210	1935.800
1570	1935.900
1750	1935.900
1430	1936.000
1030	1936.200
1130	1936.400
1150	1936.400
1200	1936.400
1250	1936.400
1330	1936.400
1520	1936.400
1590	1936.400
1610	1936.400
1550	1936.500
1070	1936.700
1160	1936.800
1510	1936.900
1650	1936.900
1740	1936.900
1670	1937.000
1420	1937.200
1500	1937.200
1680	1937.200
1730	1937.200
1100	1937.300
1490	1937.300
1370	1937.400
1390	1937.400
1690	1937.400
1300	1937.500
1310	1937.500
1400	1937.500
1710	1937.800
1380	1937.900
1450	1937.900
1120	1938.000
1140	1938.000
1620	1938.000
1010	1938.200
1790	1938.200
1180	1938.300
1090	1938.400
1170	1938.400
1630	1938.400
1660	1938.400
1230	1938.500
1260	1938.500
1440	1938.500
1020	1938.600
1320	1938.600
1350	1938.600
1360	1938.600
1080	1938.700
1530	1938.700
1240	1938.800
1600	1938.800
1640	1938.800
1480	1938.900
1340	1939.000
1540	1939.000
1560	1939.000
1580	1939.000
1720	1939.000
1760	1939.100
1050	1939.200
1410	1939.200
1190	1939.400
1700	1939.400
1220	1939.700
1060	1940.100
1770	1940.100
1270	1940.500
1290	1940.500
1280	1941.000
1460	1941.000
1040	1941.100
1110	1941.100
1470	1941.300
1780	1941.300
1210	1941.700
1570	1941.700
1750	1941.700
1430	1941.800
1030	1942.000
1130	1942.200
1150	1942.200
1200	1942.200
1250	1942.200
1520	1942.200
1590	1942.200
1550	1942.300
1610	1942.300
1330	1942.400
1070	1942.500
1160	1942.600
1510	1942.600
1650	1942.700
1740	1942.800
1670	1942.900
1420	1943.000
1490	1943.000
1500	1943.000
1680	1943.000
1730	1943.000
1100	1943.100
1310	1943.200
1370	1943.200
1390	1943.300
1690	1943.300
1300	1943.400
1400	1943.400
1710	1943.600
1380	1943.700
1120	1943.800
1450	1943.800
1620	1943.800
1140	1943.900
1790	1943.900
1010	1944.000
1630	1944.100
1090	1944.200
1170	1944.200
1180	1944.200
1660	1944.200
1230	1944.300
1260	1944.300
1320	1944.300
1350	1944.300
1440	1944.300
1020	1944.400
1360	1944.400
1080	1944.500
1530	1944.500
1240	1944.600
1600	1944.600
1640	1944.600
1480	1944.700
1560	1944.700
1340	1944.800
1540	1944.800
1580	1944.800
1720	1944.800
1760	1944.800
1050	1945.000
1410	1945.000
1700	1945.100
1190	1945.200
1220	1945.500
1060	1945.800
1770	1946.000
1270	1946.200
1290	1946.200
1460	1946.700
1040	1946.800
1280	1946.800
1110	1946.900
1780	1947.000
1470	1947.100
1570	1947.500
1750	1947.500
1210	1947.600
1430	1947.700
1030	1947.800
1590	1947.900
1130	1948.000
1150	1948.000
1200	1948.000
1250	1948.000
1520	1948.000
1550	1948.100
1610	1948.100
1330	1948.300
1510	1948.300
1070	1948.400
1160	1948.400
1650	1948.600
1490	1948.700
1740	1948.700
1420	1948.800
1500	1948.800
1670	1948.800
1730	1948.800
1100	1948.900
1310	1948.900
1680	1948.900
1370	1949.000
1690	1949.100
1390	1949.200
1400	1949.200
1300	1949.300
1710	1949.400
1380	1949.500
1120	1949.600
1620	1949.600
1790	1949.600
1450	1949.700
1010	1949.800
1140	1949.800
1090	1949.900
1630	1949.900
1660	1949.900
1170	1950.000
1320	1950.000
1180	1950.100
1230	1950.100
1260	1950.100
1350	1950.100
1440	1950.100
1020	1950.200
1360	1950.200
1080	1950.300
1240	1950.300
1530	1950.300
1600	1950.400
1640	1950.400
1560	1950.500
1340	1950.600
1480	1950.600
1580	1950.600
1720	1950.600
1760	1950.600
1540	1950.700
1050	1950.800
1410	1950.800
1700	1950.800
1190	1951.000
1220	1951.400
1060	1951.500
1770	1951.800
1270	1951.900
1290	1952.000
1040	1952.500
1280	1952.500
1460	1952.500
1110	1952.600
1780	1952.700
1470	1952.900
1570	1953.300
1750	1953.300
1210	1953.400
1430	1953.500
1030	1953.600
1590	1953.600
1250	1953.700
1130	1953.800
1150	1953.800
1200	1953.800
1520	1953.800
1550	1953.900
1610	1953.900
1510	1954.000
1070	1954.200
1160	1954.200
1330	1954.200
1490	1954.400
1650	1954.500
1310	1954.600
1500	1954.600
1670	1954.600
1730	1954.600
1740	1954.600
1100	1954.700
1420	1954.700
1680	1954.700
1370	1954.900
1400	1955.000
1690	1955.000
1390	1955.100
1710	1955.100
1300	1955.200
1380	1955.300
1120	1955.400
1790	1955.400
1620	1955.500
1010	1955.600
1450	1955.600
1090	1955.700
1140	1955.700
1320	1955.700
1630	1955.700
1660	1955.700
1260	1955.800
1170	1955.900
1230	1955.900
1350	1955.900
1440	1955.900
1180	1956.000
1360	1956.000
1020	1956.100
1080	1956.100
1240	1956.100
1530	1956.100
1640	1956.100
1600	1956.200
1340	1956.300
1560	1956.300
1580	1956.400
1760	1956.400
1480	1956.500
1540	1956.500
1700	1956.500
1720	1956.500
1050	1956.600
1410	1956.700
1190	1956.800
1060	1957.300
1220	1957.300
1270	1957.600
1770	1957.600
1290	1957.800
1040	1958.200
1280	1958.300
1460	1958.300
1110	1958.400
1780	1958.400
1470	1958.700
1750	1959.100
1210	1959.200
1570	1959.200
1430	1959.300
1030	1959.400
1250	1959.400
1590	1959.400
1130	1959.500
1150	1959.600
1200	1959.600
1520	1959.600
1550	1959.600
1510	1959.700
1610	1959.700
1070	1960.000
1160	1960.000
1330	1960.100
1490	1960.100
1310	1960.300
1650	1960.300
1730	1960.300
1100	1960.400
1670	1960.400
1420	1960.500
1500	1960.500
1680	1960.500
1740	1960.500
1370	1960.700
1400	1960.800
1690	1960.800
1710	1960.900
1300	1961.000
1390	1961.000
1120	1961.100
1380	1961.100
1790	1961.200
1010	1961.400
1090	1961.400
1450	1961.400
1620	1961.400
1260	1961.500
1320	1961.500
1630	1961.500
1660	1961.500
1140	1961.600
1350	1961.600
1170	1961.700
1230	1961.700
1440	1961.700
1180	1961.800
1360	1961.800
1080	1961.900
1240	1961.900
1530	1961.900
1640	1961.900
1020	1962.000
1600	1962.000
1340	1962.100
1560	1962.100
1580	1962.200
1480	1962.300
1540	1962.300
1700	1962.300
1760	1962.300
1050	1962.400
1720	1962.400
1190	1962.500
1410	1962.600
1060	1963.000
1220	1963.100
1270	1963.300
1770	1963.400
1290	1963.600
1040	1963.900
1280	1964.100
1460	1964.100
1780	1964.100
1110	1964.200
1470	1964.500
1750	1964.800
1210	1965.000
1570	1965.000
1250	1965.100
1430	1965.100
1030	1965.200
1590	1965.200
1130	1965.300
1200	1965.300
1520	1965.300
1550	1965.300
1150	1965.400
1510	1965.400
1610	1965.500
1160	1965.700
1070	1965.800
1490	1965.800
1310	1966.000
1330	1966.000
1730	1966.000
1100	1966.100
1650	1966.200
1420	1966.300
1670	1966.300
1680	1966.300
1740	1966.300
1500	1966.400
1370	1966.600
1400	1966.700
1690	1966.700
1710	1966.700
1300	1966.800
1390	1966.800
1120	1966.900
1380	1966.900
1790	1966.900
1010	1967.100
1090	1967.100
1450	1967.200
1260	1967.300
1320	1967.300
1350	1967.300
1620	1967.300
1630	1967.300
1660	1967.300
1140	1967.500
1170	1967.500
1230	1967.500
1440	1967.500
1180	1967.600
1080	1967.700
1240	1967.700
1360	1967.700
1530	1967.700
1600	1967.700
1640	1967.700
1560	1967.800
1020	1967.900
1340	1967.900
1580	1968.000
1700	1968.000
1480	1968.100
1540	1968.100
1760	1968.100
1050	1968.200
1190	1968.200
1720	1968.200
1410	1968.400
1060	1968.800
1220	1968.900
1270	1969.000
1770	1969.200
1290	1969.400
1040	1969.700
1780	1969.800
1280	1969.900
1460	1969.900
1110	1970.000
1470	1970.300
1750	1970.500
1210	1970.800
1570	1970.800
1250	1970.900
1430	1970.900
1030	1971.000
1200	1971.000
1550	1971.000
1590	1971.000
1130	1971.100
1510	1971.100
1520	1971.100
1150	1971.200
1610	1971.300
1160	1971.400
1490	1971.500
1070	1971.600
1310	1971.800
1730	1971.800
1100	1971.900
1330	1971.900
1420	1972.100
1650	1972.100
1670	1972.100
1680	1972.100
1500	1972.200
1740	1972.200
1370	1972.500
1400	1972.500
1690	1972.500
1710	1972.500
1300	1972.600
1120	1972.700
1380	1972.700
1390	1972.700
1790	1972.700
1010	1972.900
1090	1972.900
1260	1973.000
1350	1973.000
1450	1973.000
1320	1973.100
1630	1973.100
1660	1973.100
1440	1973.200
1620	1973.200
1140	1973.300
1170	1973.300
1230	1973.300
1180	1973.400
1600	1973.400
1080	1973.500
1240	1973.500
1360	1973.500
1530	1973.500
1640	1973.500
1560	1973.600
1020	1973.700
1340	1973.700
1700	1973.700
1480	1973.800
1580	1973.800
1190	1973.900
1540	1973.900
1760	1973.900
1050	1974.000
1720	1974.000
1410	1974.200
1060	1974.500
1220	1974.700
1270	1974.700
1770	1975.000
1290	1975.100
1040	1975.400
1780	1975.500
1460	1975.600
1280	1975.700
1110	1975.800
1470	1976.100
1750	1976.200
1210	1976.600
1570	1976.600
1200	1976.700
1250	1976.700
1430	1976.700
1550	1976.700
1030	1976.800
1520	1976.800
1590	1976.800
1130	1976.900
1510	1976.900
1150	1977.100
1160	1977.100
1610	1977.100
1490	1977.200
1070	1977.400
1100	1977.600
1310	1977.600
1730	1977.600
1330	1977.800
1420	1977.900
1670	1977.900
1680	1977.900
1500	1978.000
1650	1978.000
1740	1978.100
1710	1978.200
1370	1978.300
1400	1978.300
1690	1978.300
1300	1978.400
1790	1978.400
1120	1978.500
1380	1978.500
1390	1978.500
1090	1978.600
1010	1978.700
1260	1978.800
1350	1978.800
1320	1978.900
1450	1978.900
1630	1978.900
1660	1978.900
1440	1979.000
1620	1979.000
1170	1979.100
1230	1979.100
1140	1979.200
1180	1979.200
1600	1979.200
1080	1979.300
1240	1979.300
1360	1979.300
1530	1979.300
1560	1979.300
1640	1979.300
1700	1979.400
1020	1979.500
1340	1979.500
1480	1979.500
1580	1979.600
1190	1979.700
1540	1979.700
1760	1979.700
1050	1979.800
1720	1979.800
1410	1980.000
1060	1980.300
1270	1980.400
1220	1980.500
1770	1980.700
1290	1980.800
1040	1981.100
1780	1981.200
1460	1981.300
1280	1981.400
1110	1981.600
1470	1981.900
1750	1981.900
1200	1982.400
1210	1982.400
1250	1982.400
1570	1982.400
1430	1982.500
1520	1982.500
1550	1982.500
1030	1982.600
1590	1982.600
1130	1982.700
1510	1982.700
1160	1982.800
1150	1982.900
1490	1982.900
1610	1982.900
1070	1983.200
1100	1983.400
1310	1983.400
1730	1983.400
1330	1983.700
1420	1983.700
1670	1983.700
1680	1983.700
1500	1983.900
1650	1983.900
1710	1983.900
1740	1984.000
1370	1984.100
1400	1984.100
1690	1984.100
1790	1984.100
1120	1984.200
1300	1984.200
1090	1984.300
1380	1984.300
1390	1984.400
1010	1984.500
1260	1984.600
1350	1984.600
1320	1984.700
1630	1984.700
1660	1984.700
1440	1984.800
1450	1984.800
1170	1984.900
1230	1984.900
1620	1984.900
1240	1985.000
1600	1985.000
1080	1985.100
1140	1985.100
1180	1985.100
1360	1985.100
1530	1985.100
1560	1985.100
1640	1985.100
1700	1985.100
1340	1985.200
1480	1985.300
1020	1985.400
1580	1985.400
1190	1985.500
1540	1985.500
1760	1985.500
1050	1985.600
1720	1985.600
1410	1985.800
1060	1986.100
1270	1986.100
1220	1986.400
1770	1986.500
1290	1986.600
1040	1986.800
1780	1986.900
1460	1987.100
1280	1987.200
1110	1987.400
1750	1987.600
1470	1987.700
1200	1988.100
1210	1988.100
1250	1988.100
1520	1988.200
1550	1988.200
1570	1988.200
1430	1988.300
1590	1988.300
1030	1988.400
1130	1988.400
1510	1988.400
1160	1988.500
1490	1988.600
1610	1988.600
1150	1988.700
1070	1989.000
1100	1989.100
1310	1989.100
1730	1989.100
1420	1989.500
1670	1989.500
1680	1989.500
1330	1989.600
1500	1989.700
1710	1989.700
1650	1989.800
1790	1989.800
1120	1989.900
1370	1989.900
1400	1989.900
1690	1989.900
1740	1989.900
1090	1990.000
1300	1990.000
1380	1990.100
1010	1990.300
1350	1990.300
1390	1990.300
1260	1990.400
1320	1990.400
1630	1990.500
1660	1990.500
1440	1990.600
1170	1990.700
1230	1990.700
1450	1990.700
1240	1990.800
1600	1990.800
1620	1990.800
1080	1990.900
1530	1990.900
1560	1990.900
1640	1990.900
1700	1990.900
1140	1991.000
1180	1991.000
1340	1991.000
1360	1991.000
1480	1991.100
1020	1991.200
1580	1991.200
1190	1991.300
1540	1991.300
1720	1991.300
1760	1991.300
1050	1991.400
1410	1991.600
1060	1991.800
1270	1991.900
1220	1992.200
1770	1992.300
1290	1992.400
1040	1992.600
1780	1992.700
1460	1992.900
1280	1993.000
1110	1993.200
1750	1993.300
1470	1993.500
1200	1993.800
1250	1993.800
1210	1993.900
1520	1994.000
1550	1994.000
1590	1994.000
1130	1994.100
1430	1994.100
1510	1994.100
1570	1994.100
1030	1994.200
1160	1994.200
1490	1994.300
1610	1994.300
1150	1994.500
1070	1994.800
1100	1994.800
1310	1994.800
1730	1994.800
1420	1995.200
1670	1995.200
1680	1995.300
1330	1995.400
1500	1995.500
1710	1995.500
1790	1995.500
1120	1995.600
1650	1995.600
1090	1995.700
1370	1995.700
1400	1995.700
1690	1995.700
1300	1995.800
1740	1995.800
1380	1995.900
1010	1996.100
1320	1996.100
1350	1996.100
1260	1996.200
1390	1996.200
1630	1996.300
1660	1996.300
1440	1996.400
1230	1996.500
1170	1996.600
1240	1996.600
1450	1996.600
1560	1996.600
1600	1996.600
1080	1996.700
1340	1996.700
1530	1996.700
1620	1996.700
1640	1996.700
1700	1996.700
1140	1996.800
1180	1996.800
1360	1996.900
1480	1996.900
1020	1997.000
1190	1997.000
1580	1997.000
1540	1997.100
1720	1997.100
1760	1997.100
1050	1997.200
1410	1997.400
1060	1997.500
1270	1997.700
1220	1998.000
1770	1998.100
1290	1998.200
1040	1998.400
1780	1998.500
1460	1998.700
1280	1998.800
1110	1999.000
1750	1999.000
1470	1999.300
1200	1999.500
1250	1999.600
1210	1999.700
1550	1999.700
1590	1999.700
1130	1999.800
1510	1999.800
1520	1999.800
1160	1999.900
1430	1999.900
1570	1999.900
1030	2000.000
1490	2000.000
