# NEST version: UNKNOWN
# RecordingBackendASCII version: 2
sender	time_ms	V_m
806	1.000	-82.215
806	2.000	-81.375
806	3.000	-79.928
806	4.000	-78.615
806	5.000	-77.480
806	6.000	-76.490
806	7.000	-75.622
806	8.000	-74.854
806	9.000	-74.172
806	10.000	-73.560
806	11.000	-73.009
806	12.000	-72.510
806	13.000	-72.056
806	14.000	-71.640
806	15.000	-71.258
806	16.000	-70.905
806	17.000	-70.578
806	18.000	-70.275
806	19.000	-69.992
806	20.000	-69.727
806	21.000	-69.479
806	22.000	-69.247
806	23.000	-69.028
806	24.000	-68.823
806	25.000	-68.629
806	26.000	-68.445
806	27.000	-68.272
806	28.000	-68.010
806	29.000	-67.578
806	30.000	-67.220
806	31.000	-66.857
806	32.000	-66.330
806	33.000	-65.911
806	34.000	-65.577
806	35.000	-65.105
806	36.000	-64.659
806	37.000	-64.318
806	38.000	-64.059
806	39.000	-63.867
806	40.000	-63.728
806	41.000	-63.539
806	42.000	-63.217
806	43.000	-62.984
806	44.000	-62.821
806	45.000	-62.713
806	46.000	-62.650
806	47.000	-62.622
806	48.000	-62.621
806	49.000	-62.641
806	50.000	-62.531
806	51.000	-62.337
806	52.000	-62.181
806	53.000	-61.841
806	54.000	-61.359
806	55.000	-60.880
806	56.000	-60.394
806	57.000	-60.061
806	58.000	-59.847
806	59.000	-59.727
806	60.000	-59.297
806	61.000	-58.617
806	62.000	-58.015
806	63.000	-57.496
806	64.000	-57.163
806	65.000	-56.975
806	66.000	-56.901
806	67.000	-56.916
806	68.000	-56.998
806	69.000	-57.048
806	70.000	-56.740
806	71.000	-56.575
806	72.000	-56.521
806	73.000	-56.555
806	74.000	-56.600
806	75.000	-56.267
806	76.000	-55.956
806	77.000	-55.681
806	78.000	-55.552
806	79.000	-55.536
806	80.000	-55.606
806	81.000	-55.716
806	82.000	-55.665
806	83.000	-55.708
806	84.000	-55.823
806	85.000	-55.993
806	86.000	-56.098
806	87.000	-56.117
806	88.000	-56.210
806	89.000	-56.112
806	90.000	-56.114
806	91.000	-56.195
806	92.000	-56.334
806	93.000	-56.316
806	94.000	-56.278
806	95.000	-56.133
806	96.000	-56.099
806	97.000	-55.927
806	98.000	-55.852
806	99.000	-55.744
806	100.000	-55.627
806	101.000	-55.620
806	102.000	-55.696
806	103.000	-55.838
806	104.000	-55.849
806	105.000	-55.872
806	106.000	-55.969
806	107.000	-56.124
806	108.000	-56.086
806	109.000	-55.877
806	110.000	-55.797
806	111.000	-55.710
806	112.000	-55.586
806	113.000	-55.573
806	114.000	-55.645
806	115.000	-55.784
806	116.000	-55.749
806	117.000	-55.782
806	118.000	-55.888
806	119.000	-56.051
806	120.000	-56.256
806	121.000	-56.492
806	122.000	-56.643
806	123.000	-56.691
806	124.000	-56.525
806	125.000	-56.196
806	126.000	-55.829
806	127.000	-55.627
806	128.000	-55.554
806	129.000	-55.581
806	130.000	-55.685
806	131.000	-55.847
806	132.000	-56.054
806	133.000	-56.293
806	134.000	-56.556
806	135.000	-56.834
806	136.000	-57.123
806	137.000	-57.417
806	138.000	-57.712
806	139.000	-57.845
806	140.000	-57.918
806	141.000	-57.952
806	142.000	-57.870
806	143.000	-57.868
806	144.000	-57.930
806	145.000	-58.041
806	146.000	-58.188
806	147.000	-58.362
806	148.000	-58.556
806	149.000	-58.764
806	150.000	-58.981
806	151.000	-59.202
806	152.000	-59.426
806	153.000	-59.649
806	154.000	-59.730
806	155.000	-59.550
806	156.000	-59.362
806	157.000	-59.266
806	158.000	-59.053
806	159.000	-58.731
806	160.000	-58.418
806	161.000	-58.234
806	162.000	-58.152
806	163.000	-58.148
806	164.000	-58.206
806	165.000	-58.311
806	166.000	-58.241
806	167.000	-58.013
806	168.000	-57.830
806	169.000	-57.751
806	170.000	-57.754
806	171.000	-57.579
806	172.000	-57.244
806	173.000	-56.971
806	174.000	-56.664
806	175.000	-56.500
806	176.000	-56.449
806	177.000	-56.485
806	178.000	-56.588
806	179.000	-56.741
806	180.000	-56.706
806	181.000	-56.729
806	182.000	-56.820
806	183.000	-56.962
806	184.000	-57.144
806	185.000	-57.354
806	186.000	-57.585
806	187.000	-57.830
806	188.000	-58.083
806	189.000	-58.131
806	190.000	-58.183
806	191.000	-58.283
806	192.000	-58.420
806	193.000	-58.584
806	194.000	-58.768
806	195.000	-58.967
806	196.000	-59.174
806	197.000	-59.358
806	198.000	-59.318
806	199.000	-59.123
806	200.000	-58.977
806	201.000	-58.917
806	202.000	-58.925
806	203.000	-58.984
806	204.000	-59.083
806	205.000	-59.212
806	206.000	-59.364
806	207.000	-59.531
806	208.000	-59.710
806	209.000	-59.895
806	210.000	-59.821
806	211.000	-59.808
806	212.000	-59.653
806	213.000	-59.294
806	214.000	-59.020
806	215.000	-58.861
806	216.000	-58.792
806	217.000	-58.794
806	218.000	-58.850
806	219.000	-58.947
806	220.000	-58.863
806	221.000	-58.806
806	222.000	-58.816
806	223.000	-58.878
806	224.000	-58.981
806	225.000	-59.113
806	226.000	-59.054
806	227.000	-58.826
806	228.000	-58.575
806	229.000	-58.239
806	230.000	-58.038
806	231.000	-57.945
806	232.000	-57.935
806	233.000	-57.757
806	234.000	-57.661
806	235.000	-57.652
806	236.000	-57.709
806	237.000	-57.818
806	238.000	-57.966
806	239.000	-57.752
806	240.000	-57.301
806	241.000	-57.000
806	242.000	-56.838
806	243.000	-56.785
806	244.000	-56.354
806	245.000	-55.817
806	246.000	-55.486
806	247.000	-55.316
806	248.000	-55.269
806	249.000	-55.319
806	250.000	-55.443
806	251.000	-55.418
806	252.000	-55.201
806	253.000	-54.986
806	254.000	-54.560
806	255.000	-54.325
806	256.000	-54.238
806	257.000	-54.265
806	258.000	-54.381
806	259.000	-54.538
806	260.000	-54.434
806	261.000	-54.016
806	262.000	-53.612
806	263.000	-53.403
806	264.000	-53.344
806	265.000	-53.401
806	266.000	-53.354
806	267.000	-53.145
806	268.000	-52.686
806	269.000	-52.329
806	270.000	-51.990
806	271.000	-51.843
806	272.000	-51.796
806	273.000	-51.698
806	274.000	-51.740
806	275.000	-51.889
806	276.000	-52.119
806	277.000	-52.288
806	278.000	-52.278
806	279.000	-52.297
806	280.000	-52.225
806	281.000	-51.946
806	282.000	-51.573
806	283.000	-51.299
806	284.000	-51.024
806	285.000	-50.690
806	286.000	-50.469
806	287.000	-50.755
806	288.000	-50.671
806	289.000	-50.556
806	290.000	-50.468
806	291.000	-50.280
806	292.000	-50.039
806	293.000	-49.779
806	294.000	-49.602
806	295.000	-49.601
806	296.000	-50.267
806	297.000	-50.910
806	298.000	-51.523
806	299.000	-52.107
806	300.000	-52.665
806	301.000	-53.201
806	302.000	-53.716
806	303.000	-53.976
806	304.000	-54.272
806	305.000	-54.595
806	306.000	-54.935
806	307.000	-55.287
806	308.000	-55.645
806	309.000	-55.924
806	310.000	-56.055
806	311.000	-56.234
806	312.000	-56.451
806	313.000	-56.694
806	314.000	-56.956
806	315.000	-57.230
806	316.000	-57.456
806	317.000	-57.500
806	318.000	-57.544
806	319.000	-57.240
806	320.000	-57.028
806	321.000	-56.935
806	322.000	-56.935
806	323.000	-57.005
806	324.000	-57.022
806	325.000	-56.962
806	326.000	-56.987
806	327.000	-57.076
806	328.000	-57.107
806	329.000	-57.058
806	330.000	-57.089
806	331.000	-57.183
806	332.000	-57.325
806	333.000	-57.503
806	334.000	-57.572
806	335.000	-57.572
806	336.000	-57.528
806	337.000	-57.416
806	338.000	-57.396
806	339.000	-57.448
806	340.000	-57.555
806	341.000	-57.703
806	342.000	-57.883
806	343.000	-58.085
806	344.000	-58.070
806	345.000	-58.067
806	346.000	-57.715
806	347.000	-57.438
806	348.000	-57.291
806	349.000	-56.994
806	350.000	-56.754
806	351.000	-56.474
806	352.000	-56.333
806	353.000	-56.301
806	354.000	-56.353
806	355.000	-56.469
806	356.000	-56.634
806	357.000	-56.836
806	358.000	-57.065
806	359.000	-57.313
806	360.000	-57.574
806	361.000	-57.657
806	362.000	-57.716
806	363.000	-57.618
806	364.000	-57.378
806	365.000	-57.191
806	366.000	-57.115
806	367.000	-57.126
806	368.000	-57.203
806	369.000	-57.333
806	370.000	-57.500
806	371.000	-57.641
806	372.000	-57.616
806	373.000	-57.663
806	374.000	-57.763
806	375.000	-57.651
806	376.000	-57.398
806	377.000	-57.247
806	378.000	-57.199
806	379.000	-57.231
806	380.000	-57.324
806	381.000	-57.464
806	382.000	-57.639
806	383.000	-57.839
806	384.000	-58.059
806	385.000	-58.034
806	386.000	-58.077
806	387.000	-57.816
806	388.000	-57.214
806	389.000	-56.626
806	390.000	-56.249
806	391.000	-56.036
806	392.000	-55.950
806	393.000	-55.964
806	394.000	-56.055
806	395.000	-56.203
806	396.000	-56.396
806	397.000	-56.594
806	398.000	-56.600
806	399.000	-56.546
806	400.000	-56.305
806	401.000	-56.105
806	402.000	-56.029
806	403.000	-56.050
806	404.000	-56.144
806	405.000	-56.296
806	406.000	-56.490
806	407.000	-56.660
806	408.000	-56.671
806	409.000	-56.753
806	410.000	-56.890
806	411.000	-57.067
806	412.000	-57.274
806	413.000	-57.504
806	414.000	-57.748
806	415.000	-58.002
806	416.000	-58.233
806	417.000	-58.243
806	418.000	-58.311
806	419.000	-58.423
806	420.000	-58.568
806	421.000	-58.737
806	422.000	-58.924
806	423.000	-59.010
806	424.000	-58.982
806	425.000	-58.801
806	426.000	-58.410
806	427.000	-58.168
806	428.000	-58.041
806	429.000	-58.004
806	430.000	-58.037
806	431.000	-58.124
806	432.000	-58.142
806	433.000	-57.909
806	434.000	-57.697
806	435.000	-57.542
806	436.000	-57.291
806	437.000	-57.166
806	438.000	-57.138
806	439.000	-57.185
806	440.000	-57.291
806	441.000	-57.441
806	442.000	-57.624
806	443.000	-57.775
806	444.000	-57.758
806	445.000	-57.808
806	446.000	-57.910
806	447.000	-57.867
806	448.000	-57.387
806	449.000	-57.017
806	450.000	-56.803
806	451.000	-56.710
806	452.000	-56.712
806	453.000	-56.786
806	454.000	-56.915
806	455.000	-57.087
806	456.000	-57.290
806	457.000	-57.253
806	458.000	-56.996
806	459.000	-56.673
806	460.000	-56.497
806	461.000	-56.437
806	462.000	-56.466
806	463.000	-56.431
806	464.000	-56.231
806	465.000	-56.039
806	466.000	-55.745
806	467.000	-55.357
806	468.000	-55.122
806	469.000	-55.027
806	470.000	-55.043
806	471.000	-55.142
806	472.000	-55.306
806	473.000	-55.518
806	474.000	-55.767
806	475.000	-55.960
806	476.000	-56.024
806	477.000	-55.928
806	478.000	-55.911
806	479.000	-55.510
806	480.000	-55.264
806	481.000	-55.160
806	482.000	-55.166
806	483.000	-55.177
806	484.000	-54.868
806	485.000	-54.719
806	486.000	-54.695
806	487.000	-54.593
806	488.000	-54.540
806	489.000	-54.591
806	490.000	-54.722
806	491.000	-54.914
806	492.000	-55.152
806	493.000	-55.423
806	494.000	-55.718
806	495.000	-56.029
806	496.000	-56.350
806	497.000	-56.676
806	498.000	-57.003
806	499.000	-57.328
806	500.000	-57.649
806	501.000	-57.879
806	502.000	-57.866
806	503.000	-57.587
806	504.000	-57.261
806	505.000	-56.909
806	506.000	-56.709
806	507.000	-56.628
806	508.000	-56.412
806	509.000	-56.300
806	510.000	-56.133
806	511.000	-55.790
806	512.000	-55.563
806	513.000	-55.417
806	514.000	-55.070
806	515.000	-54.778
806	516.000	-54.644
806	517.000	-54.604
806	518.000	-54.301
806	519.000	-54.075
806	520.000	-53.847
806	521.000	-53.410
806	522.000	-52.980
806	523.000	-52.657
806	524.000	-52.386
806	525.000	-52.289
806	526.000	-52.326
806	527.000	-52.278
806	528.000	-52.311
806	529.000	-52.349
806	530.000	-52.358
806	531.000	-52.476
806	532.000	-52.468
806	533.000	-52.354
806	534.000	-52.114
806	535.000	-52.044
806	536.000	-52.103
806	537.000	-52.262
806	538.000	-52.497
806	539.000	-52.789
806	540.000	-52.786
806	541.000	-52.763
806	542.000	-52.684
806	543.000	-52.545
806	544.000	-52.440
806	545.000	-52.470
806	546.000	-52.603
806	547.000	-52.815
806	548.000	-53.086
806	549.000	-53.401
806	550.000	-53.748
806	551.000	-54.116
806	552.000	-54.395
806	553.000	-54.464
806	554.000	-54.395
806	555.000	-54.275
806	556.000	-54.199
806	557.000	-54.074
806	558.000	-54.075
806	559.000	-54.172
806	560.000	-54.342
806	561.000	-54.567
806	562.000	-54.834
806	563.000	-55.131
806	564.000	-55.448
806	565.000	-55.779
806	566.000	-56.118
806	567.000	-56.459
806	568.000	-56.800
806	569.000	-57.138
806	570.000	-57.361
806	571.000	-57.458
806	572.000	-57.599
806	573.000	-57.774
806	574.000	-57.945
806	575.000	-57.857
806	576.000	-57.653
806	577.000	-57.561
806	578.000	-57.555
806	579.000	-57.616
806	580.000	-57.729
806	581.000	-57.880
806	582.000	-58.061
806	583.000	-58.006
806	584.000	-57.816
806	585.000	-57.687
806	586.000	-57.652
806	587.000	-57.529
806	588.000	-57.406
806	589.000	-57.379
806	590.000	-57.424
806	591.000	-57.526
806	592.000	-57.672
806	593.000	-57.849
806	594.000	-58.050
806	595.000	-58.267
806	596.000	-58.496
806	597.000	-58.731
806	598.000	-58.969
806	599.000	-59.208
806	600.000	-59.445
806	601.000	-59.678
806	602.000	-59.907
806	603.000	-59.913
806	604.000	-59.915
806	605.000	-59.769
806	606.000	-59.631
806	607.000	-59.571
806	608.000	-59.334
806	609.000	-59.177
806	610.000	-59.107
806	611.000	-59.105
806	612.000	-59.156
806	613.000	-59.246
806	614.000	-59.367
806	615.000	-59.511
806	616.000	-59.672
806	617.000	-59.843
806	618.000	-60.022
806	619.000	-60.206
806	620.000	-60.391
806	621.000	-60.575
806	622.000	-60.758
806	623.000	-60.938
806	624.000	-61.114
806	625.000	-61.285
806	626.000	-61.451
806	627.000	-61.612
806	628.000	-61.767
806	629.000	-61.745
806	630.000	-61.655
806	631.000	-61.615
806	632.000	-61.614
806	633.000	-61.643
806	634.000	-61.695
806	635.000	-61.319
806	636.000	-60.965
806	637.000	-60.726
806	638.000	-60.579
806	639.000	-60.475
806	640.000	-60.197
806	641.000	-60.025
806	642.000	-59.532
806	643.000	-59.079
806	644.000	-58.782
806	645.000	-58.607
806	646.000	-58.529
806	647.000	-58.525
806	648.000	-58.238
806	649.000	-57.904
806	650.000	-57.709
806	651.000	-57.370
806	652.000	-57.147
806	653.000	-56.740
806	654.000	-56.333
806	655.000	-55.917
806	656.000	-55.610
806	657.000	-55.457
806	658.000	-55.269
806	659.000	-55.015
806	660.000	-54.771
806	661.000	-54.673
806	662.000	-54.688
806	663.000	-54.764
806	664.000	-54.698
806	665.000	-54.738
806	666.000	-54.619
806	667.000	-54.445
806	668.000	-54.338
806	669.000	-54.032
806	670.000	-53.736
806	671.000	-53.606
806	672.000	-53.607
806	673.000	-53.708
806	674.000	-53.886
806	675.000	-53.994
806	676.000	-54.064
806	677.000	-54.214
806	678.000	-54.425
806	679.000	-54.682
806	680.000	-54.972
806	681.000	-55.206
806	682.000	-55.089
806	683.000	-54.714
806	684.000	-54.385
806	685.000	-54.225
806	686.000	-54.197
806	687.000	-54.271
806	688.000	-54.422
806	689.000	-54.632
806	690.000	-54.860
806	691.000	-54.735
806	692.000	-54.664
806	693.000	-54.700
806	694.000	-54.643
806	695.000	-54.598
806	696.000	-54.141
806	697.000	-53.711
806	698.000	-53.267
806	699.000	-53.009
806	700.000	-52.916
806	701.000	-52.951
806	702.000	-53.084
806	703.000	-53.292
806	704.000	-53.556
806	705.000	-53.862
806	706.000	-54.144
806	707.000	-54.246
806	708.000	-54.207
806	709.000	-54.272
806	710.000	-54.417
806	711.000	-54.623
806	712.000	-54.654
806	713.000	-54.748
806	714.000	-54.612
806	715.000	-54.417
806	716.000	-54.209
806	717.000	-54.055
806	718.000	-53.505
806	719.000	-53.007
806	720.000	-52.732
806	721.000	-52.628
806	722.000	-52.463
806	723.000	-52.180
806	724.000	-52.075
806	725.000	-52.108
806	726.000	-52.247
806	727.000	-52.466
806	728.000	-52.747
806	729.000	-53.072
806	730.000	-53.429
806	731.000	-53.808
806	732.000	-54.028
806	733.000	-54.080
806	734.000	-53.891
806	735.000	-53.843
806	736.000	-53.904
806	737.000	-54.049
806	738.000	-54.258
806	739.000	-54.514
806	740.000	-54.806
806	741.000	-54.923
806	742.000	-55.006
806	743.000	-54.969
806	744.000	-54.830
806	745.000	-54.691
806	746.000	-54.317
806	747.000	-54.080
806	748.000	-53.995
806	749.000	-54.025
806	750.000	-53.996
806	751.000	-53.982
806	752.000	-54.068
806	753.000	-54.231
806	754.000	-54.199
806	755.000	-53.942
806	756.000	-53.473
806	757.000	-53.214
806	758.000	-53.120
806	759.000	-53.151
806	760.000	-53.280
806	761.000	-53.482
806	762.000	-53.741
806	763.000	-54.040
806	764.000	-54.369
806	765.000	-54.718
806	766.000	-54.838
806	767.000	-54.823
806	768.000	-54.857
806	769.000	-54.534
806	770.000	-54.232
806	771.000	-53.960
806	772.000	-53.676
806	773.000	-53.467
806	774.000	-53.199
806	775.000	-53.098
806	776.000	-53.124
806	777.000	-53.036
806	778.000	-52.929
806	779.000	-52.768
806	780.000	-52.596
806	781.000	-52.572
806	782.000	-52.350
806	783.000	-51.833
806	784.000	-51.310
806	785.000	-50.902
806	786.000	-50.593
806	787.000	-50.374
806	788.000	-50.330
806	789.000	-50.424
806	790.000	-50.625
806	791.000	-50.909
806	792.000	-50.992
806	793.000	-50.990
806	794.000	-51.113
806	795.000	-51.329
806	796.000	-51.543
806	797.000	-51.674
806	798.000	-51.892
806	799.000	-52.177
806	800.000	-52.510
806	801.000	-52.803
806	802.000	-52.768
806	803.000	-52.828
806	804.000	-52.792
806	805.000	-52.639
806	806.000	-52.588
806	807.000	-52.469
806	808.000	-52.446
806	809.000	-52.488
806	810.000	-52.283
806	811.000	-52.174
806	812.000	-52.037
806	813.000	-51.983
806	814.000	-52.056
806	815.000	-52.226
806	816.000	-52.470
806	817.000	-52.479
806	818.000	-52.424
806	819.000	-52.262
806	820.000	-52.250
806	821.000	-52.352
806	822.000	-52.234
806	823.000	-52.104
806	824.000	-52.117
806	825.000	-52.241
806	826.000	-52.449
806	827.000	-52.720
806	828.000	-53.039
806	829.000	-53.391
806	830.000	-53.767
806	831.000	-54.007
806	832.000	-54.202
806	833.000	-54.449
806	834.000	-54.733
806	835.000	-55.044
806	836.000	-55.373
806	837.000	-55.686
806	838.000	-55.794
806	839.000	-55.958
806	840.000	-56.165
806	841.000	-56.403
806	842.000	-56.532
806	843.000	-56.589
806	844.000	-56.708
806	845.000	-56.873
806	846.000	-57.073
806	847.000	-57.298
806	848.000	-57.541
806	849.000	-57.795
806	850.000	-58.057
806	851.000	-58.322
806	852.000	-58.587
806	853.000	-58.849
806	854.000	-58.944
806	855.000	-58.975
806	856.000	-59.052
806	857.000	-59.026
806	858.000	-58.723
806	859.000	-58.415
806	860.000	-57.952
806	861.000	-57.514
806	862.000	-57.242
806	863.000	-56.873
806	864.000	-56.638
806	865.000	-56.530
806	866.000	-56.522
806	867.000	-56.590
806	868.000	-56.717
806	869.000	-56.889
806	870.000	-57.011
806	871.000	-57.007
806	872.000	-57.074
806	873.000	-57.197
806	874.000	-57.360
806	875.000	-57.555
806	876.000	-57.771
806	877.000	-58.004
806	878.000	-58.246
806	879.000	-58.437
806	880.000	-58.442
806	881.000	-58.504
806	882.000	-58.610
806	883.000	-58.585
806	884.000	-58.527
806	885.000	-58.539
806	886.000	-58.605
806	887.000	-58.713
806	888.000	-58.823
806	889.000	-58.733
806	890.000	-58.719
806	891.000	-58.763
806	892.000	-58.852
806	893.000	-58.976
806	894.000	-59.125
806	895.000	-59.292
806	896.000	-59.473
806	897.000	-59.663
806	898.000	-59.857
806	899.000	-60.054
806	900.000	-60.251
806	901.000	-60.446
806	902.000	-60.638
806	903.000	-60.340
806	904.000	-60.103
806	905.000	-59.963
806	906.000	-59.899
806	907.000	-59.754
806	908.000	-59.451
806	909.000	-59.118
806	910.000	-58.913
806	911.000	-58.808
806	912.000	-58.781
806	913.000	-58.816
806	914.000	-58.897
806	915.000	-59.013
806	916.000	-59.157
806	917.000	-59.320
806	918.000	-59.497
806	919.000	-59.683
806	920.000	-59.875
806	921.000	-59.956
806	922.000	-59.696
806	923.000	-59.494
806	924.000	-59.387
806	925.000	-59.354
806	926.000	-59.188
806	927.000	-59.039
806	928.000	-58.977
806	929.000	-58.982
806	930.000	-58.779
806	931.000	-58.677
806	932.000	-58.654
806	933.000	-58.692
806	934.000	-58.778
806	935.000	-58.899
806	936.000	-59.046
806	937.000	-59.214
806	938.000	-59.256
806	939.000	-59.217
806	940.000	-59.238
806	941.000	-59.305
806	942.000	-59.407
806	943.000	-59.536
806	944.000	-59.684
806	945.000	-59.846
806	946.000	-60.018
806	947.000	-59.954
806	948.000	-59.926
806	949.000	-59.685
806	950.000	-59.546
806	951.000	-59.486
806	952.000	-59.488
806	953.000	-59.539
806	954.000	-59.626
806	955.000	-59.683
806	956.000	-59.569
806	957.000	-59.529
806	958.000	-59.546
806	959.000	-59.608
806	960.000	-59.703
806	961.000	-59.765
806	962.000	-59.655
806	963.000	-59.401
806	964.000	-59.208
806	965.000	-59.080
806	966.000	-58.802
806	967.000	-58.558
806	968.000	-58.253
806	969.000	-57.994
806	970.000	-57.684
806	971.000	-57.510
806	972.000	-57.258
806	973.000	-57.063
806	974.000	-56.982
806	975.000	-56.990
806	976.000	-57.067
806	977.000	-57.197
806	978.000	-57.338
806	979.000	-57.108
806	980.000	-56.821
806	981.000	-56.202
806	982.000	-55.440
806	983.000	-54.899
806	984.000	-54.573
806	985.000	-54.287
806	986.000	-54.050
806	987.000	-53.964
806	988.000	-53.995
806	989.000	-54.116
806	990.000	-54.305
806	991.000	-54.546
806	992.000	-54.798
806	993.000	-54.869
806	994.000	-55.013
806	995.000	-55.212
806	996.000	-55.453
806	997.000	-55.724
806	998.000	-55.815
806	999.000	-55.676
806	1000.000	-55.651
806	1001.000	-55.714
806	1002.000	-55.845
806	1003.000	-55.946
806	1004.000	-55.938
806	1005.000	-56.012
806	1006.000	-55.924
806	1007.000	-55.914
806	1008.000	-55.986
806	1009.000	-56.122
806	1010.000	-56.305
806	1011.000	-56.524
806	1012.000	-56.611
806	1013.000	-56.660
806	1014.000	-56.772
806	1015.000	-56.798
806	1016.000	-56.615
806	1017.000	-56.073
806	1018.000	-55.625
806	1019.000	-55.363
806	1020.000	-55.038
806	1021.000	-54.600
806	1022.000	-54.229
806	1023.000	-53.850
806	1024.000	-53.499
806	1025.000	-53.331
806	1026.000	-52.967
806	1027.000	-52.665
806	1028.000	-52.861
806	1029.000	-53.390
806	1030.000	-53.892
806	1031.000	-54.371
806	1032.000	-54.830
806	1033.000	-55.271
806	1034.000	-55.695
806	1035.000	-56.104
806	1036.000	-56.498
806	1037.000	-56.822
806	1038.000	-56.950
806	1039.000	-57.119
806	1040.000	-57.113
806	1041.000	-57.133
806	1042.000	-57.218
806	1043.000	-57.351
806	1044.000	-57.523
806	1045.000	-57.721
806	1046.000	-57.940
806	1047.000	-58.061
806	1048.000	-57.861
806	1049.000	-57.516
806	1050.000	-57.271
806	1051.000	-57.150
806	1052.000	-57.070
806	1053.000	-56.882
806	1054.000	-56.809
806	1055.000	-56.797
806	1056.000	-56.638
806	1057.000	-56.589
806	1058.000	-56.625
806	1059.000	-56.727
806	1060.000	-56.878
806	1061.000	-57.068
806	1062.000	-57.285
806	1063.000	-57.522
806	1064.000	-57.772
806	1065.000	-57.920
806	1066.000	-57.951
806	1067.000	-58.038
806	1068.000	-58.167
806	1069.000	-58.327
806	1070.000	-58.511
806	1071.000	-58.653
806	1072.000	-58.618
806	1073.000	-58.648
806	1074.000	-58.726
806	1075.000	-58.655
806	1076.000	-58.585
806	1077.000	-58.587
806	1078.000	-58.645
806	1079.000	-58.746
806	1080.000	-58.880
806	1081.000	-58.849
806	1082.000	-58.809
806	1083.000	-58.832
806	1084.000	-58.904
806	1085.000	-58.850
806	1086.000	-58.655
806	1087.000	-58.414
806	1088.000	-58.285
806	1089.000	-58.012
806	1090.000	-57.839
806	1091.000	-57.770
806	1092.000	-57.779
806	1093.000	-57.851
806	1094.000	-57.969
806	1095.000	-58.123
806	1096.000	-58.141
806	1097.000	-58.121
806	1098.000	-58.082
806	1099.000	-57.941
806	1100.000	-57.894
806	1101.000	-57.920
806	1102.000	-58.003
806	1103.000	-57.993
806	1104.000	-57.927
806	1105.000	-57.883
806	1106.000	-57.712
806	1107.000	-57.645
806	1108.000	-57.657
806	1109.000	-57.732
806	1110.000	-57.854
806	1111.000	-58.011
806	1112.000	-58.139
806	1113.000	-58.098
806	1114.000	-58.128
806	1115.000	-58.212
806	1116.000	-58.336
806	1117.000	-58.492
806	1118.000	-58.670
806	1119.000	-58.865
806	1120.000	-59.070
806	1121.000	-59.282
806	1122.000	-59.498
806	1123.000	-59.714
806	1124.000	-59.929
806	1125.000	-60.141
806	1126.000	-60.349
806	1127.000	-60.334
806	1128.000	-60.315
806	1129.000	-60.342
806	1130.000	-60.211
806	1131.000	-60.078
806	1132.000	-59.879
806	1133.000	-59.646
806	1134.000	-59.374
806	1135.000	-59.091
806	1136.000	-58.925
806	1137.000	-58.850
806	1138.000	-58.846
806	1139.000	-58.897
806	1140.000	-58.991
806	1141.000	-59.117
806	1142.000	-59.266
806	1143.000	-59.674
806	1144.000	-60.241
806	1145.000	-60.715
806	1146.000	-60.873
806	1147.000	-61.007
806	1148.000	-60.900
806	1149.000	-60.831
806	1150.000	-60.815
806	1151.000	-60.696
806	1152.000	-60.518
806	1153.000	-60.421
806	1154.000	-60.218
806	1155.000	-60.006
806	1156.000	-59.887
806	1157.000	-59.839
806	1158.000	-59.848
806	1159.000	-59.901
806	1160.000	-59.722
806	1161.000	-59.602
806	1162.000	-59.324
806	1163.000	-59.159
806	1164.000	-59.083
806	1165.000	-59.076
806	1166.000	-59.124
806	1167.000	-58.998
806	1168.000	-58.649
806	1169.000	-58.435
806	1170.000	-58.142
806	1171.000	-57.906
806	1172.000	-57.786
806	1173.000	-57.757
806	1174.000	-57.799
806	1175.000	-57.895
806	1176.000	-57.591
806	1177.000	-57.219
806	1178.000	-56.856
806	1179.000	-56.346
806	1180.000	-55.866
806	1181.000	-55.577
806	1182.000	-55.438
806	1183.000	-55.414
806	1184.000	-55.481
806	1185.000	-55.616
806	1186.000	-55.804
806	1187.000	-56.030
806	1188.000	-56.285
806	1189.000	-56.560
806	1190.000	-56.848
806	1191.000	-57.144
806	1192.000	-57.444
806	1193.000	-57.743
806	1194.000	-58.041
806	1195.000	-58.333
806	1196.000	-58.620
806	1197.000	-58.900
806	1198.000	-59.007
806	1199.000	-59.047
806	1200.000	-59.130
806	1201.000	-59.247
806	1202.000	-59.388
806	1203.000	-59.309
806	1204.000	-59.275
806	1205.000	-59.159
806	1206.000	-59.000
806	1207.000	-58.929
806	1208.000	-58.928
806	1209.000	-58.811
806	1210.000	-58.427
806	1211.000	-58.189
806	1212.000	-58.066
806	1213.000	-57.947
806	1214.000	-57.587
806	1215.000	-57.121
806	1216.000	-56.604
806	1217.000	-55.922
806	1218.000	-55.480
806	1219.000	-55.145
806	1220.000	-54.592
806	1221.000	-54.240
806	1222.000	-54.063
806	1223.000	-54.024
806	1224.000	-54.090
806	1225.000	-54.237
806	1226.000	-54.446
806	1227.000	-54.701
806	1228.000	-54.990
806	1229.000	-55.302
806	1230.000	-55.630
806	1231.000	-55.967
806	1232.000	-56.153
806	1233.000	-56.284
806	1234.000	-56.407
806	1235.000	-56.385
806	1236.000	-56.443
806	1237.000	-56.564
806	1238.000	-56.732
806	1239.000	-56.935
806	1240.000	-57.164
806	1241.000	-57.073
806	1242.000	-56.907
806	1243.000	-56.850
806	1244.000	-56.796
806	1245.000	-56.658
806	1246.000	-56.625
806	1247.000	-56.674
806	1248.000	-56.785
806	1249.000	-56.943
806	1250.000	-57.137
806	1251.000	-57.357
806	1252.000	-57.596
806	1253.000	-57.846
806	1254.000	-58.104
806	1255.000	-58.366
806	1256.000	-58.628
806	1257.000	-58.888
806	1258.000	-59.115
806	1259.000	-59.113
806	1260.000	-59.162
806	1261.000	-59.252
806	1262.000	-59.373
806	1263.000	-59.516
806	1264.000	-59.676
806	1265.000	-59.847
806	1266.000	-60.026
806	1267.000	-59.992
806	1268.000	-59.962
806	1269.000	-59.983
806	1270.000	-60.044
806	1271.000	-60.135
806	1272.000	-60.248
806	1273.000	-60.378
806	1274.000	-60.462
806	1275.000	-60.358
806	1276.000	-60.078
806	1277.000	-59.881
806	1278.000	-59.773
806	1279.000	-59.143
806	1280.000	-58.520
806	1281.000	-57.962
806	1282.000	-57.477
806	1283.000	-57.171
806	1284.000	-57.003
806	1285.000	-56.945
806	1286.000	-56.970
806	1287.000	-57.061
806	1288.000	-57.201
806	1289.000	-57.220
806	1290.000	-57.209
806	1291.000	-57.270
806	1292.000	-57.385
806	1293.000	-57.382
806	1294.000	-57.353
806	1295.000	-57.398
806	1296.000	-57.500
806	1297.000	-57.645
806	1298.000	-57.823
806	1299.000	-58.024
806	1300.000	-58.242
806	1301.000	-58.471
806	1302.000	-58.544
806	1303.000	-58.562
806	1304.000	-58.633
806	1305.000	-58.744
806	1306.000	-58.886
806	1307.000	-59.049
806	1308.000	-59.229
806	1309.000	-59.307
806	1310.000	-59.105
806	1311.000	-58.904
806	1312.000	-58.802
806	1313.000	-58.778
806	1314.000	-58.814
806	1315.000	-58.897
806	1316.000	-59.015
806	1317.000	-59.160
806	1318.000	-59.324
806	1319.000	-59.472
806	1320.000	-59.403
806	1321.000	-59.399
806	1322.000	-59.306
806	1323.000	-59.162
806	1324.000	-59.101
806	1325.000	-58.870
806	1326.000	-58.722
806	1327.000	-58.663
806	1328.000	-58.674
806	1329.000	-58.737
806	1330.000	-58.842
806	1331.000	-58.978
806	1332.000	-59.079
806	1333.000	-59.006
806	1334.000	-59.003
806	1335.000	-58.724
806	1336.000	-58.119
806	1337.000	-57.715
806	1338.000	-57.468
806	1339.000	-57.344
806	1340.000	-57.315
806	1341.000	-57.252
806	1342.000	-57.128
806	1343.000	-57.101
806	1344.000	-57.151
806	1345.000	-57.202
806	1346.000	-57.115
806	1347.000	-57.116
806	1348.000	-57.187
806	1349.000	-57.311
806	1350.000	-57.475
806	1351.000	-57.669
806	1352.000	-57.588
806	1353.000	-57.270
806	1354.000	-56.949
806	1355.000	-56.774
806	1356.000	-56.711
806	1357.000	-56.486
806	1358.000	-56.387
806	1359.000	-56.332
806	1360.000	-56.173
806	1361.000	-56.128
806	1362.000	-56.172
806	1363.000	-56.283
806	1364.000	-56.365
806	1365.000	-56.337
806	1366.000	-56.080
806	1367.000	-55.778
806	1368.000	-55.627
806	1369.000	-55.593
806	1370.000	-55.650
806	1371.000	-55.776
806	1372.000	-55.955
806	1373.000	-55.938
806	1374.000	-55.747
806	1375.000	-55.576
806	1376.000	-55.389
806	1377.000	-55.329
806	1378.000	-55.340
806	1379.000	-55.218
806	1380.000	-55.210
806	1381.000	-55.290
806	1382.000	-55.437
806	1383.000	-55.636
806	1384.000	-55.694
806	1385.000	-55.754
806	1386.000	-55.727
806	1387.000	-55.697
806	1388.000	-55.755
806	1389.000	-55.882
806	1390.000	-56.061
806	1391.000	-56.279
806	1392.000	-56.524
806	1393.000	-56.762
806	1394.000	-56.797
806	1395.000	-56.868
806	1396.000	-56.772
806	1397.000	-56.771
806	1398.000	-56.843
806	1399.000	-56.970
806	1400.000	-57.140
806	1401.000	-57.340
806	1402.000	-57.564
806	1403.000	-57.804
806	1404.000	-58.053
806	1405.000	-58.309
806	1406.000	-58.567
806	1407.000	-58.824
806	1408.000	-59.079
806	1409.000	-59.330
806	1410.000	-59.575
806	1411.000	-59.814
806	1412.000	-59.829
806	1413.000	-59.839
806	1414.000	-59.892
806	1415.000	-59.978
806	1416.000	-60.089
806	1417.000	-60.219
806	1418.000	-60.221
806	1419.000	-60.111
806	1420.000	-59.833
806	1421.000	-59.665
806	1422.000	-59.581
806	1423.000	-59.564
806	1424.000	-59.599
806	1425.000	-59.695
806	1426.000	-59.836
806	1427.000	-59.867
806	1428.000	-59.935
806	1429.000	-60.032
806	1430.000	-59.933
806	1431.000	-59.855
806	1432.000	-59.625
806	1433.000	-59.449
806	1434.000	-59.362
806	1435.000	-59.345
806	1436.000	-59.382
806	1437.000	-59.460
806	1438.000	-59.307
806	1439.000	-59.240
806	1440.000	-59.238
806	1441.000	-58.887
806	1442.000	-58.551
806	1443.000	-58.350
806	1444.000	-58.253
806	1445.000	-58.237
806	1446.000	-58.285
806	1447.000	-58.352
806	1448.000	-58.098
806	1449.000	-57.844
806	1450.000	-57.711
806	1451.000	-57.672
806	1452.000	-57.706
806	1453.000	-57.359
806	1454.000	-57.090
806	1455.000	-56.953
806	1456.000	-56.918
806	1457.000	-56.757
806	1458.000	-56.660
806	1459.000	-56.445
806	1460.000	-56.072
806	1461.000	-55.863
806	1462.000	-55.756
806	1463.000	-55.536
806	1464.000	-55.451
806	1465.000	-55.469
806	1466.000	-55.437
806	1467.000	-55.382
806	1468.000	-55.425
806	1469.000	-55.542
806	1470.000	-56.152
806	1471.000	-56.788
806	1472.000	-57.288
806	1473.000	-57.543
806	1474.000	-57.803
806	1475.000	-58.066
806	1476.000	-58.300
806	1477.000	-58.176
806	1478.000	-57.965
806	1479.000	-57.667
806	1480.000	-57.503
806	1481.000	-57.442
806	1482.000	-57.462
806	1483.000	-57.360
806	1484.000	-57.280
806	1485.000	-57.286
806	1486.000	-57.359
806	1487.000	-57.482
806	1488.000	-57.644
806	1489.000	-57.603
806	1490.000	-57.614
806	1491.000	-57.688
806	1492.000	-57.809
806	1493.000	-57.967
806	1494.000	-58.152
806	1495.000	-58.355
806	1496.000	-58.572
806	1497.000	-58.798
806	1498.000	-59.028
806	1499.000	-59.035
806	1500.000	-58.797
806	1501.000	-58.668
806	1502.000	-58.624
806	1503.000	-58.388
806	1504.000	-58.208
806	1505.000	-57.929
806	1506.000	-57.776
806	1507.000	-57.722
806	1508.000	-57.744
806	1509.000	-57.825
806	1510.000	-57.951
806	1511.000	-58.111
806	1512.000	-58.268
806	1513.000	-58.221
806	1514.000	-58.244
806	1515.000	-58.321
806	1516.000	-58.070
806	1517.000	-57.795
806	1518.000	-57.646
806	1519.000	-57.343
806	1520.000	-57.177
806	1521.000	-56.984
806	1522.000	-56.655
806	1523.000	-56.359
806	1524.000	-56.207
806	1525.000	-55.965
806	1526.000	-55.814
806	1527.000	-55.778
806	1528.000	-55.609
806	1529.000	-55.231
806	1530.000	-54.848
806	1531.000	-54.469
806	1532.000	-54.206
806	1533.000	-53.925
806	1534.000	-53.743
806	1535.000	-53.701
806	1536.000	-53.769
806	1537.000	-53.920
806	1538.000	-54.134
806	1539.000	-54.095
806	1540.000	-53.907
806	1541.000	-53.701
806	1542.000	-53.642
806	1543.000	-53.697
806	1544.000	-53.838
806	1545.000	-54.046
806	1546.000	-54.153
806	1547.000	-54.070
806	1548.000	-54.037
806	1549.000	-54.108
806	1550.000	-54.259
806	1551.000	-54.471
806	1552.000	-54.727
806	1553.000	-54.888
806	1554.000	-54.989
806	1555.000	-55.050
806	1556.000	-54.871
806	1557.000	-54.757
806	1558.000	-54.631
806	1559.000	-54.316
806	1560.000	-54.125
806	1561.000	-54.074
806	1562.000	-54.131
806	1563.000	-54.045
806	1564.000	-53.747
806	1565.000	-53.267
806	1566.000	-52.961
806	1567.000	-52.832
806	1568.000	-52.840
806	1569.000	-52.953
806	1570.000	-53.021
806	1571.000	-53.071
806	1572.000	-53.214
806	1573.000	-53.402
806	1574.000	-53.441
806	1575.000	-53.573
806	1576.000	-53.775
806	1577.000	-54.031
806	1578.000	-54.088
806	1579.000	-54.228
806	1580.000	-54.213
806	1581.000	-53.975
806	1582.000	-53.715
806	1583.000	-53.614
806	1584.000	-53.636
806	1585.000	-53.627
806	1586.000	-53.611
806	1587.000	-53.549
806	1588.000	-53.515
806	1589.000	-53.398
806	1590.000	-53.367
806	1591.000	-53.445
806	1592.000	-53.608
806	1593.000	-53.834
806	1594.000	-53.913
806	1595.000	-54.028
806	1596.000	-54.214
806	1597.000	-54.454
806	1598.000	-54.732
806	1599.000	-54.985
806	1600.000	-55.080
806	1601.000	-55.021
806	1602.000	-54.865
806	1603.000	-54.769
806	1604.000	-54.681
806	1605.000	-54.370
806	1606.000	-54.182
806	1607.000	-54.133
806	1608.000	-54.087
806	1609.000	-53.841
806	1610.000	-53.685
806	1611.000	-53.664
806	1612.000	-53.748
806	1613.000	-53.912
806	1614.000	-54.137
806	1615.000	-54.406
806	1616.000	-54.656
806	1617.000	-54.753
806	1618.000	-54.765
806	1619.000	-54.776
806	1620.000	-54.875
806	1621.000	-55.013
806	1622.000	-54.993
806	1623.000	-55.066
806	1624.000	-55.209
806	1625.000	-55.407
806	1626.000	-55.645
806	1627.000	-55.912
806	1628.000	-56.199
806	1629.000	-56.500
806	1630.000	-56.809
806	1631.000	-57.122
806	1632.000	-57.094
806	1633.000	-56.979
806	1634.000	-56.732
806	1635.000	-56.593
806	1636.000	-56.559
806	1637.000	-56.419
806	1638.000	-55.972
806	1639.000	-55.569
806	1640.000	-55.343
806	1641.000	-54.948
806	1642.000	-54.502
806	1643.000	-54.067
806	1644.000	-53.751
806	1645.000	-53.450
806	1646.000	-53.320
806	1647.000	-53.323
806	1648.000	-53.428
806	1649.000	-53.611
806	1650.000	-53.775
806	1651.000	-53.842
806	1652.000	-53.601
806	1653.000	-53.199
806	1654.000	-52.996
806	1655.000	-52.945
806	1656.000	-53.012
806	1657.000	-53.169
806	1658.000	-53.160
806	1659.000	-53.258
806	1660.000	-53.437
806	1661.000	-53.463
806	1662.000	-53.563
806	1663.000	-53.742
806	1664.000	-53.979
806	1665.000	-54.260
806	1666.000	-54.573
806	1667.000	-54.907
806	1668.000	-55.256
806	1669.000	-55.614
806	1670.000	-55.974
806	1671.000	-56.334
806	1672.000	-56.691
806	1673.000	-57.042
806	1674.000	-57.385
806	1675.000	-57.719
806	1676.000	-57.883
806	1677.000	-57.978
806	1678.000	-57.859
806	1679.000	-57.829
806	1680.000	-57.870
806	1681.000	-57.668
806	1682.000	-57.364
806	1683.000	-57.198
806	1684.000	-56.973
806	1685.000	-56.535
806	1686.000	-56.272
806	1687.000	-56.147
806	1688.000	-56.128
806	1689.000	-56.191
806	1690.000	-56.318
806	1691.000	-56.493
806	1692.000	-56.704
806	1693.000	-56.941
806	1694.000	-57.196
806	1695.000	-57.200
806	1696.000	-56.802
806	1697.000	-56.366
806	1698.000	-56.039
806	1699.000	-55.664
806	1700.000	-55.238
806	1701.000	-54.725
806	1702.000	-54.148
806	1703.000	-53.802
806	1704.000	-53.635
806	1705.000	-53.607
806	1706.000	-53.685
806	1707.000	-53.845
806	1708.000	-54.067
806	1709.000	-54.335
806	1710.000	-54.638
806	1711.000	-54.811
806	1712.000	-54.919
806	1713.000	-54.877
806	1714.000	-54.879
806	1715.000	-54.783
806	1716.000	-54.623
806	1717.000	-54.526
806	1718.000	-54.543
806	1719.000	-54.409
806	1720.000	-54.399
806	1721.000	-54.431
806	1722.000	-54.363
806	1723.000	-54.404
806	1724.000	-54.529
806	1725.000	-54.520
806	1726.000	-54.563
806	1727.000	-54.688
806	1728.000	-54.876
806	1729.000	-55.110
806	1730.000	-55.380
806	1731.000	-55.673
806	1732.000	-55.829
806	1733.000	-55.939
806	1734.000	-56.104
806	1735.000	-56.310
806	1736.000	-56.547
806	1737.000	-56.806
806	1738.000	-56.971
806	1739.000	-57.026
806	1740.000	-57.140
806	1741.000	-57.163
806	1742.000	-57.132
806	1743.000	-56.838
806	1744.000	-56.521
806	1745.000	-56.352
806	1746.000	-56.298
806	1747.000	-56.252
806	1748.000	-56.127
806	1749.000	-56.108
806	1750.000	-56.172
806	1751.000	-56.120
806	1752.000	-56.062
806	1753.000	-55.877
806	1754.000	-55.815
806	1755.000	-55.849
806	1756.000	-55.955
806	1757.000	-56.117
806	1758.000	-56.321
806	1759.000	-56.556
806	1760.000	-56.428
806	1761.000	-56.160
806	1762.000	-55.915
806	1763.000	-55.807
806	1764.000	-55.804
806	1765.000	-55.883
806	1766.000	-56.025
806	1767.000	-56.214
806	1768.000	-56.331
806	1769.000	-56.356
806	1770.000	-56.452
806	1771.000	-56.602
806	1772.000	-56.792
806	1773.000	-57.012
806	1774.000	-57.225
806	1775.000	-57.235
806	1776.000	-57.312
806	1777.000	-57.438
806	1778.000	-57.494
806	1779.000	-57.459
806	1780.000	-57.499
806	1781.000	-57.595
806	1782.000	-57.736
806	1783.000	-57.909
806	1784.000	-58.106
806	1785.000	-58.320
806	1786.000	-58.545
806	1787.000	-58.777
806	1788.000	-58.955
806	1789.000	-58.944
806	1790.000	-58.753
806	1791.000	-58.637
806	1792.000	-58.603
806	1793.000	-58.634
806	1794.000	-58.456
806	1795.000	-58.375
806	1796.000	-58.372
806	1797.000	-58.265
806	1798.000	-58.147
806	1799.000	-58.117
806	1800.000	-58.154
806	1801.000	-57.981
806	1802.000	-57.452
806	1803.000	-57.068
806	1804.000	-56.559
806	1805.000	-55.973
806	1806.000	-55.414
806	1807.000	-55.069
806	1808.000	-54.865
806	1809.000	-54.365
806	1810.000	-54.054
806	1811.000	-53.740
806	1812.000	-53.319
806	1813.000	-52.846
806	1814.000	-52.591
806	1815.000	-52.504
806	1816.000	-52.547
806	1817.000	-52.690
806	1818.000	-52.642
806	1819.000	-52.517
806	1820.000	-52.531
806	1821.000	-52.528
806	1822.000	-52.527
806	1823.000	-52.636
806	1824.000	-52.830
806	1825.000	-53.086
806	1826.000	-53.198
806	1827.000	-53.346
806	1828.000	-53.563
806	1829.000	-53.660
806	1830.000	-53.770
806	1831.000	-53.954
806	1832.000	-54.194
806	1833.000	-54.475
806	1834.000	-54.759
806	1835.000	-54.855
806	1836.000	-55.019
806	1837.000	-54.991
806	1838.000	-55.058
806	1839.000	-55.021
806	1840.000	-54.794
806	1841.000	-54.661
806	1842.000	-54.437
806	1843.000	-54.183
806	1844.000	-54.018
806	1845.000	-53.988
806	1846.000	-54.062
806	1847.000	-54.215
806	1848.000	-54.278
806	1849.000	-54.333
806	1850.000	-54.390
806	1851.000	-54.367
806	1852.000	-54.443
806	1853.000	-54.595
806	1854.000	-54.804
806	1855.000	-55.056
806	1856.000	-55.339
806	1857.000	-55.466
806	1858.000	-55.452
806	1859.000	-55.410
806	1860.000	-55.463
806	1861.000	-55.365
806	1862.000	-55.353
806	1863.000	-55.429
806	1864.000	-55.572
806	1865.000	-55.765
806	1866.000	-55.997
806	1867.000	-56.256
806	1868.000	-56.535
806	1869.000	-56.826
806	1870.000	-57.124
806	1871.000	-57.426
806	1872.000	-57.644
806	1873.000	-57.708
806	1874.000	-57.765
806	1875.000	-57.618
806	1876.000	-57.373
806	1877.000	-57.251
806	1878.000	-57.225
806	1879.000	-57.273
806	1880.000	-57.323
806	1881.000	-57.232
806	1882.000	-57.231
806	1883.000	-57.164
806	1884.000	-57.064
806	1885.000	-57.056
806	1886.000	-57.120
806	1887.000	-57.239
806	1888.000	-57.291
806	1889.000	-57.255
806	1890.000	-57.296
806	1891.000	-57.204
806	1892.000	-56.890
806	1893.000	-56.719
806	1894.000	-56.660
806	1895.000	-56.531
806	1896.000	-56.332
806	1897.000	-56.089
806	1898.000	-55.980
806	1899.000	-55.893
806	1900.000	-55.498
806	1901.000	-55.278
806	1902.000	-55.194
806	1903.000	-55.216
806	1904.000	-55.319
806	1905.000	-55.200
806	1906.000	-54.992
806	1907.000	-54.768
806	1908.000	-54.493
806	1909.000	-54.238
806	1910.000	-54.136
806	1911.000	-54.154
806	1912.000	-54.133
806	1913.000	-53.867
806	1914.000	-53.418
806	1915.000	-52.947
806	1916.000	-52.462
806	1917.000	-52.070
806	1918.000	-51.884
806	1919.000	-51.856
806	1920.000	-51.950
806	1921.000	-52.137
806	1922.000	-52.272
806	1923.000	-52.381
806	1924.000	-52.477
806	1925.000	-52.407
806	1926.000	-52.256
806	1927.000	-52.122
806	1928.000	-52.132
806	1929.000	-52.253
806	1930.000	-52.383
806	1931.000	-52.440
806	1932.000	-52.594
806	1933.000	-52.822
806	1934.000	-53.106
806	1935.000	-53.354
806	1936.000	-53.490
806	1937.000	-53.697
806	1938.000	-53.956
806	1939.000	-54.255
806	1940.000	-54.256
806	1941.000	-54.199
806	1942.000	-54.222
806	1943.000	-54.124
806	1944.000	-54.144
806	1945.000	-54.255
806	1946.000	-54.435
806	1947.000	-54.668
806	1948.000	-54.720
806	1949.000	-54.829
806	1950.000	-55.003
806	1951.000	-55.226
806	1952.000	-55.486
806	1953.000	-55.771
806	1954.000	-55.918
806	1955.000	-56.021
806	1956.000	-56.180
806	1957.000	-56.381
806	1958.000	-56.613
806	1959.000	-56.867
806	1960.000	-57.137
806	1961.000	-57.415
806	1962.000	-57.699
806	1963.000	-57.799
806	1964.000	-57.870
806	1965.000	-57.988
806	1966.000	-58.141
806	1967.000	-58.321
806	1968.000	-58.491
806	1969.000	-58.451
806	1970.000	-58.478
806	1971.000	-58.556
806	1972.000	-58.674
806	1973.000	-58.821
806	1974.000	-58.990
806	1975.000	-59.175
806	1976.000	-59.369
806	1977.000	-59.571
806	1978.000	-59.775
806	1979.000	-59.840
806	1980.000	-59.812
806	1981.000	-59.836
806	1982.000	-59.900
806	1983.000	-59.995
806	1984.000	-60.113
806	1985.000	-60.248
806	1986.000	-60.395
806	1987.000	-60.284
806	1988.000	-60.239
806	1989.000	-60.246
806	1990.000	-60.294
806	1991.000	-60.372
806	1992.000	-60.256
806	1993.000	-60.160
806	1994.000	-60.069
806	1995.000	-59.837
806	1996.000	-59.487
806	1997.000	-59.219
806	1998.000	-59.062
806	1999.000	-58.994
806	2000.000	-58.994
