# NEST version: UNKNOWN
# RecordingBackendASCII version: 2
sender	time_ms	w
9	1.000	-1.597
9	2.000	-1.594
9	3.000	-1.591
9	4.000	-1.587
9	5.000	-1.584
9	6.000	-1.581
9	7.000	-1.578
9	8.000	-1.575
9	9.000	-1.572
9	10.000	-1.568
9	11.000	-1.565
9	12.000	-1.562
9	13.000	-1.559
9	14.000	-1.556
9	15.000	-1.553
9	16.000	-1.550
9	17.000	-1.547
9	18.000	-1.544
9	19.000	-1.540
9	20.000	-1.537
9	21.000	-1.534
9	22.000	-1.531
9	23.000	-1.528
9	24.000	-1.525
9	25.000	-1.522
9	26.000	-1.519
9	27.000	-1.516
9	28.000	-1.513
9	29.000	-1.510
9	30.000	-1.507
9	31.000	-1.504
9	32.000	-1.501
9	33.000	-1.498
9	34.000	-1.495
9	35.000	-1.492
9	36.000	-1.489
9	37.000	-1.486
9	38.000	-1.483
9	39.000	-1.480
9	40.000	-1.477
9	41.000	-1.474
9	42.000	-1.471
9	43.000	-1.468
9	44.000	-1.465
9	45.000	-1.462
9	46.000	-1.459
9	47.000	-1.457
9	48.000	-1.454
9	49.000	-1.451
9	50.000	-1.448
9	51.000	-1.445
9	52.000	-1.442
9	53.000	-1.439
9	54.000	-1.436
9	55.000	-1.433
9	56.000	-1.431
9	57.000	-1.428
9	58.000	-1.425
9	59.000	-1.422
9	60.000	-1.419
9	61.000	-1.416
9	62.000	-1.414
9	63.000	-1.411
9	64.000	-1.408
9	65.000	-1.405
9	66.000	-1.402
9	67.000	-1.399
9	68.000	-1.397
9	69.000	-1.394
9	70.000	-1.391
9	71.000	-1.388
9	72.000	-1.386
9	73.000	-1.383
9	74.000	-1.380
9	75.000	-1.377
9	76.000	-1.374
9	77.000	-1.372
9	78.000	-1.369
9	79.000	-1.366
9	80.000	-1.364
9	81.000	-1.361
9	82.000	-1.358
9	83.000	-1.355
9	84.000	-1.353
9	85.000	-1.350
9	86.000	-1.347
9	87.000	-1.345
9	88.000	-1.342
9	89.000	-1.339
9	90.000	-1.337
9	91.000	-1.334
9	92.000	-1.331
9	93.000	-1.329
9	94.000	-1.326
9	95.000	-1.323
9	96.000	-1.321
9	97.000	-1.318
9	98.000	-1.315
9	99.000	-1.313
9	100.000	-1.310
9	101.000	-1.307
9	102.000	-1.305
9	103.000	-1.302
9	104.000	-1.300
9	105.000	-1.297
9	106.000	-1.294
9	107.000	-1.292
9	108.000	-1.289
9	109.000	-1.287
9	110.000	-1.284
9	111.000	-1.282
9	112.000	-1.279
9	113.000	-1.276
9	114.000	-1.274
9	115.000	-1.271
9	116.000	-1.269
9	117.000	-1.266
9	118.000	-1.264
9	119.000	-1.261
9	120.000	-1.259
9	121.000	-1.256
9	122.000	-1.254
9	123.000	-1.251
9	124.000	-1.249
9	125.000	-1.246
9	126.000	-1.244
9	127.000	-1.241
9	128.000	-1.239
9	129.000	-1.236
9	130.000	-1.234
9	131.000	-1.231
9	132.000	-1.229
9	133.000	-1.226
9	134.000	-1.224
9	135.000	-1.221
9	136.000	-1.219
9	137.000	-1.217
9	138.000	-1.214
9	139.000	-1.212
9	140.000	-1.209
9	141.000	-1.207
9	142.000	-1.205
9	143.000	-1.202
9	144.000	-1.200
9	145.000	-1.197
9	146.000	-1.195
9	147.000	-1.193
9	148.000	-1.190
9	149.000	-1.188
9	150.000	-1.185
9	151.000	-1.183
9	152.000	-1.181
9	153.000	-1.178
9	154.000	-1.176
9	155.000	-1.174
9	156.000	-1.171
9	157.000	-1.169
9	158.000	-1.167
9	159.000	-1.164
9	160.000	-1.162
9	161.000	-1.160
9	162.000	-1.157
9	163.000	-1.155
9	164.000	-1.153
9	165.000	-1.150
9	166.000	-1.148
9	167.000	-1.146
9	168.000	-1.143
9	169.000	-1.141
9	170.000	-1.139
9	171.000	-1.137
9	172.000	-1.134
9	173.000	-1.132
9	174.000	-1.130
9	175.000	-1.128
9	176.000	-1.125
9	177.000	-1.123
9	178.000	-1.121
9	179.000	-1.119
9	180.000	-1.116
9	181.000	-1.114
9	182.000	-1.112
9	183.000	-1.110
9	184.000	-1.107
9	185.000	-1.105
9	186.000	-1.103
9	187.000	-1.101
9	188.000	-1.099
9	189.000	-1.096
9	190.000	-1.094
9	191.000	-1.092
9	192.000	-1.090
9	193.000	-1.088
9	194.000	-1.086
9	195.000	-1.083
9	196.000	-1.081
9	197.000	-1.079
9	198.000	-1.077
9	199.000	-1.075
9	200.000	-1.073
9	201.000	-1.070
9	202.000	-1.068
9	203.000	-1.066
9	204.000	-1.064
9	205.000	-1.062
9	206.000	-1.060
9	207.000	-1.058
9	208.000	-1.056
9	209.000	-1.053
9	210.000	-1.051
9	211.000	-1.049
9	212.000	-1.047
9	213.000	-1.045
9	214.000	-1.043
9	215.000	-1.041
9	216.000	-1.039
9	217.000	-1.037
9	218.000	-1.035
9	219.000	-1.033
9	220.000	-1.031
9	221.000	-1.028
9	222.000	-1.026
9	223.000	-1.024
9	224.000	-1.022
9	225.000	-1.020
9	226.000	-1.018
9	227.000	-1.016
9	228.000	-1.014
9	229.000	-1.012
9	230.000	-1.010
9	231.000	-1.008
9	232.000	-1.006
9	233.000	-1.004
9	234.000	-1.002
9	235.000	-1.000
9	236.000	-0.998
9	237.000	-0.996
9	238.000	-0.994
9	239.000	-0.992
9	240.000	-0.990
9	241.000	-0.988
9	242.000	-0.986
9	243.000	-0.984
9	244.000	-0.982
9	245.000	-0.980
9	246.000	-0.978
9	247.000	-0.976
9	248.000	-0.974
9	249.000	-0.972
9	250.000	-0.971
9	251.000	-0.969
9	252.000	-0.967
9	253.000	-0.965
9	254.000	-0.963
9	255.000	-0.961
9	256.000	-0.959
9	257.000	-0.957
9	258.000	-0.955
9	259.000	-0.953
9	260.000	-0.951
9	261.000	-0.949
9	262.000	-0.948
9	263.000	-0.946
9	264.000	-0.944
9	265.000	-0.942
9	266.000	-0.940
9	267.000	-0.938
9	268.000	-0.936
9	269.000	-0.934
9	270.000	-0.932
9	271.000	-0.931
9	272.000	-0.929
9	273.000	-0.927
9	274.000	-0.925
9	275.000	-0.923
9	276.000	-0.921
9	277.000	-0.920
9	278.000	-0.918
9	279.000	-0.916
9	280.000	-0.914
9	281.000	-0.912
9	282.000	-0.910
9	283.000	-0.909
9	284.000	-0.907
9	285.000	-0.905
9	286.000	-0.903
9	287.000	-0.901
9	288.000	-0.899
9	289.000	-0.898
9	290.000	-0.896
9	291.000	-0.894
9	292.000	-0.892
9	293.000	-0.891
9	294.000	-0.889
9	295.000	-0.887
9	296.000	-0.885
9	297.000	-0.883
9	298.000	-0.882
9	299.000	-0.880
9	300.000	-0.878
9	301.000	-0.876
9	302.000	-0.875
9	303.000	-0.873
9	304.000	-0.871
9	305.000	-0.869
9	306.000	-0.868
9	307.000	-0.866
9	308.000	-0.864
9	309.000	-0.862
9	310.000	-0.861
9	311.000	-0.859
9	312.000	-0.857
9	313.000	-0.856
9	314.000	-0.854
9	315.000	-0.852
9	316.000	-0.851
9	317.000	-0.849
9	318.000	-0.847
9	319.000	-0.845
9	320.000	-0.844
9	321.000	-0.842
9	322.000	-0.840
9	323.000	-0.839
9	324.000	-0.837
9	325.000	-0.835
9	326.000	-0.834
9	327.000	-0.832
9	328.000	-0.830
9	329.000	-0.829
9	330.000	-0.827
9	331.000	-0.825
9	332.000	-0.824
9	333.000	-0.822
9	334.000	-0.820
9	335.000	-0.819
9	336.000	-0.817
9	337.000	-0.816
9	338.000	-0.814
9	339.000	-0.812
9	340.000	-0.811
9	341.000	-0.809
9	342.000	-0.807
9	343.000	-0.806
9	344.000	-0.804
9	345.000	-0.803
9	346.000	-0.801
9	347.000	-0.799
9	348.000	-0.798
9	349.000	-0.796
9	350.000	-0.795
9	351.000	-0.793
9	352.000	-0.791
9	353.000	-0.790
9	354.000	-0.788
9	355.000	-0.787
9	356.000	-0.785
9	357.000	-0.784
9	358.000	-0.782
9	359.000	-0.780
9	360.000	-0.779
9	361.000	-0.777
9	362.000	-0.776
9	363.000	-0.774
9	364.000	-0.773
9	365.000	-0.771
9	366.000	-0.770
9	367.000	-0.768
9	368.000	-0.766
9	369.000	-0.765
9	370.000	-0.763
9	371.000	-0.762
9	372.000	-0.760
9	373.000	-0.759
9	374.000	-0.757
9	375.000	-0.756
9	376.000	-0.754
9	377.000	-0.753
9	378.000	-0.751
9	379.000	-0.750
9	380.000	-0.748
9	381.000	-0.747
9	382.000	-0.745
9	383.000	-0.744
9	384.000	-0.742
9	385.000	-0.741
9	386.000	-0.739
9	387.000	-0.738
9	388.000	-0.736
9	389.000	-0.735
9	390.000	-0.734
9	391.000	-0.732
9	392.000	-0.731
9	393.000	-0.729
9	394.000	-0.728
9	395.000	-0.726
9	396.000	-0.725
9	397.000	-0.723
9	398.000	-0.722
9	399.000	-0.720
9	400.000	-0.719
9	401.000	-0.718
9	402.000	-0.716
9	403.000	-0.715
9	404.000	-0.713
9	405.000	-0.712
9	406.000	-0.710
9	407.000	-0.709
9	408.000	-0.708
9	409.000	-0.706
9	410.000	-0.705
9	411.000	-0.703
9	412.000	-0.702
9	413.000	-0.701
9	414.000	-0.699
9	415.000	-0.698
9	416.000	-0.696
9	417.000	-0.695
9	418.000	-0.694
9	419.000	-0.692
9	420.000	-0.691
9	421.000	-0.689
9	422.000	-0.688
9	423.000	-0.687
9	424.000	-0.685
9	425.000	-0.684
9	426.000	-0.683
9	427.000	-0.681
9	428.000	-0.680
9	429.000	-0.678
9	430.000	-0.677
9	431.000	-0.676
9	432.000	-0.674
9	433.000	-0.673
9	434.000	-0.672
9	435.000	-0.670
9	436.000	-0.669
9	437.000	-0.668
9	438.000	-0.666
9	439.000	-0.665
9	440.000	-0.664
9	441.000	-0.662
9	442.000	-0.661
9	443.000	-0.660
9	444.000	-0.658
9	445.000	-0.657
9	446.000	-0.656
9	447.000	-0.654
9	448.000	-0.653
9	449.000	-0.652
9	450.000	-0.651
9	451.000	-0.649
9	452.000	-0.648
9	453.000	-0.647
9	454.000	-0.645
9	455.000	-0.644
9	456.000	-0.643
9	457.000	-0.642
9	458.000	-0.640
9	459.000	-0.639
9	460.000	-0.638
9	461.000	-0.636
9	462.000	-0.635
9	463.000	-0.634
9	464.000	-0.633
9	465.000	-0.631
9	466.000	-0.630
9	467.000	-0.629
9	468.000	-0.628
9	469.000	-0.626
9	470.000	-0.625
9	471.000	-0.624
9	472.000	-0.623
9	473.000	-0.621
9	474.000	-0.620
9	475.000	-0.619
9	476.000	-0.618
9	477.000	-0.616
9	478.000	-0.615
9	479.000	-0.614
9	480.000	-0.613
9	481.000	-0.611
9	482.000	-0.610
9	483.000	-0.609
9	484.000	-0.608
9	485.000	-0.607
9	486.000	-0.605
9	487.000	-0.604
9	488.000	-0.603
9	489.000	-0.602
9	490.000	-0.601
9	491.000	-0.599
9	492.000	-0.598
9	493.000	-0.597
9	494.000	-0.596
9	495.000	-0.595
9	496.000	-0.593
9	497.000	-0.592
9	498.000	-0.591
9	499.000	-0.590
9	500.000	-0.589
9	501.000	-0.587
9	502.000	-0.586
9	503.000	0.414
9	504.000	0.413
9	505.000	0.412
9	506.000	0.411
9	507.000	0.410
9	508.000	0.409
9	509.000	0.409
9	510.000	0.408
9	511.000	0.407
9	512.000	0.406
9	513.000	0.405
9	514.000	0.405
9	515.000	0.404
9	516.000	0.403
9	517.000	0.402
9	518.000	0.401
9	519.000	0.401
9	520.000	0.400
9	521.000	0.399
9	522.000	0.398
9	523.000	0.397
9	524.000	0.397
9	525.000	0.396
9	526.000	0.395
9	527.000	0.394
9	528.000	0.393
9	529.000	0.393
9	530.000	0.392
9	531.000	0.391
9	532.000	0.390
9	533.000	0.389
9	534.000	0.389
9	535.000	0.388
9	536.000	0.387
9	537.000	0.386
9	538.000	0.386
9	539.000	0.385
9	540.000	0.384
9	541.000	0.383
9	542.000	0.383
9	543.000	0.382
9	544.000	0.381
9	545.000	0.380
9	546.000	0.379
9	547.000	0.379
9	548.000	0.378
9	549.000	0.377
9	550.000	0.376
9	551.000	0.376
9	552.000	0.375
9	553.000	0.374
9	554.000	0.373
9	555.000	0.373
9	556.000	0.372
9	557.000	0.371
9	558.000	0.370
9	559.000	0.370
9	560.000	0.369
9	561.000	0.368
9	562.000	0.368
9	563.000	0.367
9	564.000	0.366
9	565.000	0.365
9	566.000	0.365
9	567.000	0.364
9	568.000	0.363
9	569.000	0.362
9	570.000	0.362
9	571.000	0.361
9	572.000	0.360
9	573.000	0.360
9	574.000	0.359
9	575.000	0.358
9	576.000	0.357
9	577.000	0.357
9	578.000	0.356
9	579.000	0.355
9	580.000	0.355
9	581.000	0.354
9	582.000	0.353
9	583.000	0.352
9	584.000	0.352
9	585.000	0.351
9	586.000	0.350
9	587.000	0.350
9	588.000	0.349
9	589.000	0.348
9	590.000	0.348
9	591.000	0.347
9	592.000	0.346
9	593.000	0.345
9	594.000	0.345
9	595.000	0.344
9	596.000	0.343
9	597.000	0.343
9	598.000	0.342
9	599.000	0.341
9	600.000	0.341
9	601.000	0.340
9	602.000	0.339
9	603.000	0.339
9	604.000	0.338
9	605.000	0.337
9	606.000	0.337
9	607.000	0.336
9	608.000	0.335
9	609.000	0.335
9	610.000	0.334
9	611.000	0.333
9	612.000	0.333
9	613.000	0.332
9	614.000	0.331
9	615.000	0.331
9	616.000	0.330
9	617.000	0.329
9	618.000	0.329
9	619.000	0.328
9	620.000	0.327
9	621.000	0.327
9	622.000	0.326
9	623.000	0.325
9	624.000	0.325
9	625.000	0.324
9	626.000	0.323
9	627.000	0.323
9	628.000	0.322
9	629.000	0.321
9	630.000	0.321
9	631.000	0.320
9	632.000	0.320
9	633.000	0.319
9	634.000	0.318
9	635.000	0.318
9	636.000	0.317
9	637.000	0.316
9	638.000	0.316
9	639.000	0.315
9	640.000	0.314
9	641.000	0.314
9	642.000	0.313
9	643.000	0.313
9	644.000	0.312
9	645.000	0.311
9	646.000	0.311
9	647.000	0.310
9	648.000	0.309
9	649.000	0.309
9	650.000	0.308
9	651.000	0.308
9	652.000	0.307
9	653.000	0.306
9	654.000	0.306
9	655.000	0.305
9	656.000	0.305
9	657.000	0.304
9	658.000	0.303
9	659.000	0.303
9	660.000	0.302
9	661.000	0.302
9	662.000	0.301
9	663.000	0.300
9	664.000	0.300
9	665.000	0.299
9	666.000	0.299
9	667.000	0.298
9	668.000	0.297
9	669.000	0.297
9	670.000	0.296
9	671.000	0.296
9	672.000	0.295
9	673.000	0.294
9	674.000	0.294
9	675.000	0.293
9	676.000	0.293
9	677.000	0.292
9	678.000	0.291
9	679.000	0.291
9	680.000	0.290
9	681.000	0.290
9	682.000	0.289
9	683.000	0.289
9	684.000	0.288
9	685.000	0.287
9	686.000	0.287
9	687.000	0.286
9	688.000	0.286
9	689.000	0.285
9	690.000	0.285
9	691.000	0.284
9	692.000	0.283
9	693.000	0.283
9	694.000	0.282
9	695.000	0.282
9	696.000	0.281
9	697.000	0.281
9	698.000	0.280
9	699.000	0.279
9	700.000	0.279
9	701.000	0.278
9	702.000	0.278
9	703.000	0.277
9	704.000	0.277
9	705.000	0.276
9	706.000	0.276
9	707.000	0.275
9	708.000	0.274
9	709.000	0.274
9	710.000	0.273
9	711.000	0.273
9	712.000	0.272
9	713.000	0.272
9	714.000	0.271
9	715.000	0.271
9	716.000	0.270
9	717.000	0.270
9	718.000	0.269
9	719.000	0.268
9	720.000	0.268
9	721.000	0.267
9	722.000	0.267
9	723.000	0.266
9	724.000	0.266
9	725.000	0.265
9	726.000	0.265
9	727.000	0.264
9	728.000	0.264
9	729.000	0.263
9	730.000	0.263
9	731.000	0.262
9	732.000	0.262
9	733.000	0.261
9	734.000	0.261
9	735.000	0.260
9	736.000	0.260
9	737.000	0.259
9	738.000	0.258
9	739.000	0.258
9	740.000	0.257
9	741.000	0.257
9	742.000	0.256
9	743.000	0.256
9	744.000	0.255
9	745.000	0.255
9	746.000	0.254
9	747.000	0.254
9	748.000	0.253
9	749.000	0.253
9	750.000	0.252
9	751.000	0.252
9	752.000	0.251
9	753.000	0.251
9	754.000	0.250
9	755.000	0.250
9	756.000	0.249
9	757.000	0.249
9	758.000	0.248
9	759.000	0.248
9	760.000	0.247
9	761.000	0.247
9	762.000	0.246
9	763.000	0.246
9	764.000	0.245
9	765.000	0.245
9	766.000	0.244
9	767.000	0.244
9	768.000	0.243
9	769.000	0.243
9	770.000	0.242
9	771.000	0.242
9	772.000	0.241
9	773.000	0.241
9	774.000	0.241
9	775.000	0.240
9	776.000	0.240
9	777.000	0.239
9	778.000	0.239
9	779.000	0.238
9	780.000	0.238
9	781.000	0.237
9	782.000	0.237
9	783.000	0.236
9	784.000	0.236
9	785.000	0.235
9	786.000	0.235
9	787.000	0.234
9	788.000	0.234
9	789.000	0.233
9	790.000	0.233
9	791.000	0.232
9	792.000	0.232
9	793.000	0.232
9	794.000	0.231
9	795.000	0.231
9	796.000	0.230
9	797.000	0.230
9	798.000	0.229
9	799.000	0.229
9	800.000	0.228
9	801.000	0.228
9	802.000	0.227
9	803.000	0.227
9	804.000	0.227
9	805.000	0.226
9	806.000	0.226
9	807.000	0.225
9	808.000	0.225
9	809.000	0.224
9	810.000	0.224
9	811.000	0.223
9	812.000	0.223
9	813.000	0.222
9	814.000	0.222
9	815.000	0.222
9	816.000	0.221
9	817.000	0.221
9	818.000	0.220
9	819.000	0.220
9	820.000	0.219
9	821.000	0.219
9	822.000	0.219
9	823.000	0.218
9	824.000	0.218
9	825.000	0.217
9	826.000	0.217
9	827.000	0.216
9	828.000	0.216
9	829.000	0.215
9	830.000	0.215
9	831.000	0.215
9	832.000	0.214
9	833.000	0.214
9	834.000	0.213
9	835.000	0.213
9	836.000	0.212
9	837.000	0.212
9	838.000	0.212
9	839.000	0.211
9	840.000	0.211
9	841.000	0.210
9	842.000	0.210
9	843.000	0.210
9	844.000	0.209
9	845.000	0.209
9	846.000	0.208
9	847.000	0.208
9	848.000	0.207
9	849.000	0.207
9	850.000	0.207
9	851.000	0.206
9	852.000	0.206
9	853.000	0.205
9	854.000	0.205
9	855.000	0.205
9	856.000	0.204
9	857.000	0.204
9	858.000	0.203
9	859.000	0.203
9	860.000	0.203
9	861.000	0.202
9	862.000	0.202
9	863.000	0.201
9	864.000	0.201
9	865.000	0.201
9	866.000	0.200
9	867.000	0.200
9	868.000	0.199
9	869.000	0.199
9	870.000	0.199
9	871.000	0.198
9	872.000	0.198
9	873.000	0.197
9	874.000	0.197
9	875.000	0.197
9	876.000	0.196
9	877.000	0.196
9	878.000	0.195
9	879.000	0.195
9	880.000	0.195
9	881.000	0.194
9	882.000	0.194
9	883.000	0.193
9	884.000	0.193
9	885.000	0.193
9	886.000	0.192
9	887.000	0.192
9	888.000	0.191
9	889.000	0.191
9	890.000	0.191
9	891.000	0.190
9	892.000	0.190
9	893.000	0.190
9	894.000	0.189
9	895.000	0.189
9	896.000	0.188
9	897.000	0.188
9	898.000	0.188
9	899.000	0.187
9	900.000	0.187
9	901.000	0.187
9	902.000	0.186
9	903.000	0.186
9	904.000	0.185
9	905.000	0.185
9	906.000	0.185
9	907.000	0.184
9	908.000	0.184
9	909.000	0.184
9	910.000	0.183
9	911.000	0.183
9	912.000	0.183
9	913.000	0.182
9	914.000	0.182
9	915.000	0.181
9	916.000	0.181
9	917.000	0.181
9	918.000	0.180
9	919.000	0.180
9	920.000	0.180
9	921.000	0.179
9	922.000	0.179
9	923.000	0.179
9	924.000	0.178
9	925.000	0.178
9	926.000	0.177
9	927.000	0.177
9	928.000	0.177
9	929.000	0.176
9	930.000	0.176
9	931.000	0.176
9	932.000	0.175
9	933.000	0.175
9	934.000	0.175
9	935.000	0.174
9	936.000	0.174
9	937.000	0.174
9	938.000	0.173
9	939.000	0.173
9	940.000	0.173
9	941.000	0.172
9	942.000	0.172
9	943.000	0.172
9	944.000	0.171
9	945.000	0.171
9	946.000	0.171
9	947.000	0.170
9	948.000	0.170
9	949.000	0.169
9	950.000	0.169
9	951.000	0.169
9	952.000	0.168
9	953.000	0.168
9	954.000	0.168
9	955.000	0.167
9	956.000	0.167
9	957.000	0.167
9	958.000	0.166
9	959.000	0.166
9	960.000	0.166
9	961.000	0.165
9	962.000	0.165
9	963.000	0.165
9	964.000	0.164
9	965.000	0.164
9	966.000	0.164
9	967.000	0.164
9	968.000	0.163
9	969.000	0.163
9	970.000	0.163
9	971.000	0.162
9	972.000	0.162
9	973.000	0.162
9	974.000	0.161
9	975.000	0.161
9	976.000	0.161
9	977.000	0.160
9	978.000	0.160
9	979.000	0.160
9	980.000	0.159
9	981.000	0.159
9	982.000	0.159
9	983.000	0.158
9	984.000	0.158
9	985.000	0.158
9	986.000	0.157
9	987.000	0.157
9	988.000	0.157
9	989.000	0.156
9	990.000	0.156
9	991.000	0.156
9	992.000	0.156
9	993.000	0.155
9	994.000	0.155
9	995.000	0.155
9	996.000	0.154
9	997.000	0.154
9	998.000	0.154
9	999.000	0.153
9	1000.000	0.153
9	1001.000	0.153
9	1002.000	0.152
9	1003.000	0.152
9	1004.000	0.152
9	1005.000	0.152
9	1006.000	0.151
9	1007.000	0.151
9	1008.000	0.151
9	1009.000	0.150
9	1010.000	0.150
9	1011.000	0.150
9	1012.000	0.149
9	1013.000	0.149
9	1014.000	0.149
9	1015.000	0.149
9	1016.000	0.148
9	1017.000	0.148
9	1018.000	0.148
9	1019.000	0.147
9	1020.000	0.147
9	1021.000	0.147
9	1022.000	0.146
9	1023.000	0.146
9	1024.000	0.146
9	1025.000	0.146
9	1026.000	0.145
9	1027.000	0.145
9	1028.000	0.145
9	1029.000	0.144
9	1030.000	0.144
9	1031.000	0.144
9	1032.000	0.144
9	1033.000	0.143
9	1034.000	0.143
9	1035.000	0.143
9	1036.000	0.142
9	1037.000	0.142
9	1038.000	0.142
9	1039.000	0.142
9	1040.000	0.141
9	1041.000	0.141
9	1042.000	0.141
9	1043.000	0.140
9	1044.000	0.140
9	1045.000	0.140
9	1046.000	0.140
9	1047.000	0.139
9	1048.000	0.139
9	1049.000	0.139
9	1050.000	0.138
9	1051.000	0.138
9	1052.000	0.138
9	1053.000	0.138
9	1054.000	0.137
9	1055.000	0.137
9	1056.000	0.137
9	1057.000	0.137
9	1058.000	0.136
9	1059.000	0.136
9	1060.000	0.136
9	1061.000	0.135
9	1062.000	0.135
9	1063.000	0.135
9	1064.000	0.135
9	1065.000	0.134
9	1066.000	0.134
9	1067.000	0.134
9	1068.000	0.134
9	1069.000	0.133
9	1070.000	0.133
9	1071.000	0.133
9	1072.000	0.133
9	1073.000	0.132
9	1074.000	0.132
9	1075.000	0.132
9	1076.000	0.131
9	1077.000	0.131
9	1078.000	0.131
9	1079.000	0.131
9	1080.000	0.130
9	1081.000	0.130
9	1082.000	0.130
9	1083.000	0.130
9	1084.000	0.129
9	1085.000	0.129
9	1086.000	0.129
9	1087.000	0.129
9	1088.000	0.128
9	1089.000	0.128
9	1090.000	0.128
9	1091.000	0.128
9	1092.000	0.127
9	1093.000	0.127
9	1094.000	0.127
9	1095.000	0.127
9	1096.000	0.126
9	1097.000	0.126
9	1098.000	0.126
9	1099.000	0.126
9	1100.000	0.125
9	1101.000	0.125
9	1102.000	0.125
9	1103.000	0.125
9	1104.000	0.124
9	1105.000	0.124
9	1106.000	0.124
9	1107.000	0.124
9	1108.000	0.123
9	1109.000	0.123
9	1110.000	0.123
9	1111.000	0.123
9	1112.000	0.122
9	1113.000	0.122
9	1114.000	0.122
9	1115.000	0.122
9	1116.000	0.121
9	1117.000	0.121
9	1118.000	0.121
9	1119.000	0.121
9	1120.000	0.120
9	1121.000	0.120
9	1122.000	0.120
9	1123.000	0.120
9	1124.000	0.119
9	1125.000	0.119
9	1126.000	0.119
9	1127.000	0.119
9	1128.000	0.118
9	1129.000	0.118
9	1130.000	0.118
9	1131.000	0.118
9	1132.000	0.118
9	1133.000	0.117
9	1134.000	0.117
9	1135.000	0.117
9	1136.000	0.117
9	1137.000	0.116
9	1138.000	0.116
9	1139.000	0.116
9	1140.000	0.116
9	1141.000	0.115
9	1142.000	0.115
9	1143.000	0.115
9	1144.000	0.115
9	1145.000	0.115
9	1146.000	0.114
9	1147.000	0.114
9	1148.000	0.114
9	1149.000	0.114
9	1150.000	0.113
9	1151.000	0.113
9	1152.000	0.113
9	1153.000	0.113
9	1154.000	0.112
9	1155.000	0.112
9	1156.000	0.112
9	1157.000	0.112
9	1158.000	0.112
9	1159.000	0.111
9	1160.000	0.111
9	1161.000	0.111
9	1162.000	0.111
9	1163.000	0.110
9	1164.000	0.110
9	1165.000	0.110
9	1166.000	0.110
9	1167.000	0.110
9	1168.000	0.109
9	1169.000	0.109
9	1170.000	0.109
9	1171.000	0.109
9	1172.000	0.109
9	1173.000	0.108
9	1174.000	0.108
9	1175.000	0.108
9	1176.000	0.108
9	1177.000	0.107
9	1178.000	0.107
9	1179.000	0.107
9	1180.000	0.107
9	1181.000	0.107
9	1182.000	0.106
9	1183.000	0.106
9	1184.000	0.106
9	1185.000	0.106
9	1186.000	0.106
9	1187.000	0.105
9	1188.000	0.105
9	1189.000	0.105
9	1190.000	0.105
9	1191.000	0.104
9	1192.000	0.104
9	1193.000	0.104
9	1194.000	0.104
9	1195.000	0.104
9	1196.000	0.103
9	1197.000	0.103
9	1198.000	0.103
9	1199.000	0.103
9	1200.000	0.103
9	1201.000	0.102
9	1202.000	0.102
9	1203.000	0.102
9	1204.000	0.102
9	1205.000	0.102
9	1206.000	0.101
9	1207.000	0.101
9	1208.000	0.101
9	1209.000	0.101
9	1210.000	0.101
9	1211.000	0.100
9	1212.000	0.100
9	1213.000	0.100
9	1214.000	0.100
9	1215.000	0.100
9	1216.000	0.099
9	1217.000	0.099
9	1218.000	0.099
9	1219.000	0.099
9	1220.000	0.099
9	1221.000	0.098
9	1222.000	0.098
9	1223.000	0.098
9	1224.000	0.098
9	1225.000	0.098
9	1226.000	0.097
9	1227.000	0.097
9	1228.000	0.097
9	1229.000	0.097
9	1230.000	0.097
9	1231.000	0.096
9	1232.000	0.096
9	1233.000	0.096
9	1234.000	0.096
9	1235.000	0.096
9	1236.000	0.095
9	1237.000	0.095
9	1238.000	0.095
9	1239.000	0.095
9	1240.000	0.095
9	1241.000	0.095
9	1242.000	0.094
9	1243.000	0.094
9	1244.000	0.094
9	1245.000	0.094
9	1246.000	0.094
9	1247.000	0.093
9	1248.000	0.093
9	1249.000	0.093
9	1250.000	0.093
9	1251.000	0.093
9	1252.000	0.092
9	1253.000	0.092
9	1254.000	0.092
9	1255.000	0.092
9	1256.000	0.092
9	1257.000	0.092
9	1258.000	0.091
9	1259.000	0.091
9	1260.000	0.091
9	1261.000	0.091
9	1262.000	0.091
9	1263.000	0.090
9	1264.000	0.090
9	1265.000	0.090
9	1266.000	0.090
9	1267.000	0.090
9	1268.000	0.090
9	1269.000	0.089
9	1270.000	0.089
9	1271.000	0.089
9	1272.000	0.089
9	1273.000	0.089
9	1274.000	0.088
9	1275.000	0.088
9	1276.000	0.088
9	1277.000	0.088
9	1278.000	0.088
9	1279.000	0.088
9	1280.000	0.087
9	1281.000	0.087
9	1282.000	0.087
9	1283.000	0.087
9	1284.000	0.087
9	1285.000	0.087
9	1286.000	0.086
9	1287.000	0.086
9	1288.000	0.086
9	1289.000	0.086
9	1290.000	0.086
9	1291.000	0.086
9	1292.000	0.085
9	1293.000	0.085
9	1294.000	0.085
9	1295.000	0.085
9	1296.000	0.085
9	1297.000	0.085
9	1298.000	0.084
9	1299.000	0.084
9	1300.000	0.084
9	1301.000	0.084
9	1302.000	0.084
9	1303.000	0.083
9	1304.000	0.083
9	1305.000	0.083
9	1306.000	0.083
9	1307.000	0.083
9	1308.000	0.083
9	1309.000	0.083
9	1310.000	0.082
9	1311.000	0.082
9	1312.000	0.082
9	1313.000	0.082
9	1314.000	0.082
9	1315.000	0.082
9	1316.000	0.081
9	1317.000	0.081
9	1318.000	0.081
9	1319.000	0.081
9	1320.000	0.081
9	1321.000	0.081
9	1322.000	0.080
9	1323.000	0.080
9	1324.000	0.080
9	1325.000	0.080
9	1326.000	0.080
9	1327.000	0.080
9	1328.000	0.079
9	1329.000	0.079
9	1330.000	0.079
9	1331.000	0.079
9	1332.000	0.079
9	1333.000	0.079
9	1334.000	0.078
9	1335.000	0.078
9	1336.000	0.078
9	1337.000	0.078
9	1338.000	0.078
9	1339.000	0.078
9	1340.000	0.078
9	1341.000	0.077
9	1342.000	0.077
9	1343.000	0.077
9	1344.000	0.077
9	1345.000	0.077
9	1346.000	0.077
9	1347.000	0.076
9	1348.000	0.076
9	1349.000	0.076
9	1350.000	0.076
9	1351.000	0.076
9	1352.000	0.076
9	1353.000	0.076
9	1354.000	0.075
9	1355.000	0.075
9	1356.000	0.075
9	1357.000	0.075
9	1358.000	0.075
9	1359.000	0.075
9	1360.000	0.075
9	1361.000	0.074
9	1362.000	0.074
9	1363.000	0.074
9	1364.000	0.074
9	1365.000	0.074
9	1366.000	0.074
9	1367.000	0.073
9	1368.000	0.073
9	1369.000	0.073
9	1370.000	0.073
9	1371.000	0.073
9	1372.000	0.073
9	1373.000	0.073
9	1374.000	0.072
9	1375.000	0.072
9	1376.000	0.072
9	1377.000	0.072
9	1378.000	0.072
9	1379.000	0.072
9	1380.000	0.072
9	1381.000	0.071
9	1382.000	0.071
9	1383.000	0.071
9	1384.000	0.071
9	1385.000	0.071
9	1386.000	0.071
9	1387.000	0.071
9	1388.000	0.070
9	1389.000	0.070
9	1390.000	0.070
9	1391.000	0.070
9	1392.000	0.070
9	1393.000	0.070
9	1394.000	0.070
9	1395.000	0.069
9	1396.000	0.069
9	1397.000	0.069
9	1398.000	0.069
9	1399.000	0.069
9	1400.000	0.069
9	1401.000	0.069
9	1402.000	0.069
9	1403.000	0.068
9	1404.000	0.068
9	1405.000	0.068
9	1406.000	0.068
9	1407.000	0.068
9	1408.000	0.068
9	1409.000	0.068
9	1410.000	0.067
9	1411.000	0.067
9	1412.000	0.067
9	1413.000	0.067
9	1414.000	0.067
9	1415.000	0.067
9	1416.000	0.067
9	1417.000	0.066
9	1418.000	0.066
9	1419.000	0.066
9	1420.000	0.066
9	1421.000	0.066
9	1422.000	0.066
9	1423.000	0.066
9	1424.000	0.066
9	1425.000	0.065
9	1426.000	0.065
9	1427.000	0.065
9	1428.000	0.065
9	1429.000	0.065
9	1430.000	0.065
9	1431.000	0.065
9	1432.000	0.065
9	1433.000	0.064
9	1434.000	0.064
9	1435.000	0.064
9	1436.000	0.064
9	1437.000	0.064
9	1438.000	0.064
9	1439.000	0.064
9	1440.000	0.063
9	1441.000	0.063
9	1442.000	0.063
9	1443.000	0.063
9	1444.000	0.063
9	1445.000	0.063
9	1446.000	0.063
9	1447.000	0.063
9	1448.000	0.062
9	1449.000	0.062
9	1450.000	0.062
9	1451.000	0.062
9	1452.000	0.062
9	1453.000	0.062
9	1454.000	0.062
9	1455.000	0.062
9	1456.000	0.061
9	1457.000	0.061
9	1458.000	0.061
9	1459.000	0.061
9	1460.000	0.061
9	1461.000	0.061
9	1462.000	0.061
9	1463.000	0.061
9	1464.000	0.061
9	1465.000	0.060
9	1466.000	0.060
9	1467.000	0.060
9	1468.000	0.060
9	1469.000	0.060
9	1470.000	0.060
9	1471.000	0.060
9	1472.000	0.060
9	1473.000	0.059
9	1474.000	0.059
9	1475.000	0.059
9	1476.000	0.059
9	1477.000	0.059
9	1478.000	0.059
9	1479.000	0.059
9	1480.000	0.059
9	1481.000	0.058
9	1482.000	0.058
9	1483.000	0.058
9	1484.000	0.058
9	1485.000	0.058
9	1486.000	0.058
9	1487.000	0.058
9	1488.000	0.058
9	1489.000	0.058
9	1490.000	0.057
9	1491.000	0.057
9	1492.000	0.057
9	1493.000	0.057
9	1494.000	0.057
9	1495.000	0.057
9	1496.000	0.057
9	1497.000	0.057
9	1498.000	0.057
9	1499.000	0.056
9	1500.000	0.056
9	1501.000	0.056
9	1502.000	0.056
9	1503.000	0.056
9	1504.000	0.056
9	1505.000	0.056
9	1506.000	0.056
9	1507.000	0.056
9	1508.000	0.055
9	1509.000	0.055
9	1510.000	0.055
9	1511.000	0.055
9	1512.000	0.055
9	1513.000	0.055
9	1514.000	0.055
9	1515.000	0.055
9	1516.000	0.055
9	1517.000	0.054
9	1518.000	0.054
9	1519.000	0.054
9	1520.000	0.054
9	1521.000	0.054
9	1522.000	0.054
9	1523.000	0.054
9	1524.000	0.054
9	1525.000	0.054
9	1526.000	0.053
9	1527.000	0.053
9	1528.000	0.053
9	1529.000	0.053
9	1530.000	0.053
9	1531.000	0.053
9	1532.000	0.053
9	1533.000	0.053
9	1534.000	0.053
9	1535.000	0.053
9	1536.000	0.052
9	1537.000	0.052
9	1538.000	0.052
9	1539.000	0.052
9	1540.000	0.052
9	1541.000	0.052
9	1542.000	0.052
9	1543.000	0.052
9	1544.000	0.052
9	1545.000	0.051
9	1546.000	0.051
9	1547.000	0.051
9	1548.000	0.051
9	1549.000	0.051
9	1550.000	0.051
9	1551.000	0.051
9	1552.000	0.051
9	1553.000	0.051
9	1554.000	0.051
9	1555.000	0.050
9	1556.000	0.050
9	1557.000	0.050
9	1558.000	0.050
9	1559.000	0.050
9	1560.000	0.050
9	1561.000	0.050
9	1562.000	0.050
9	1563.000	0.050
9	1564.000	0.050
9	1565.000	0.049
9	1566.000	0.049
9	1567.000	0.049
9	1568.000	0.049
9	1569.000	1.047
9	1570.000	1.045
9	1571.000	1.043
9	1572.000	1.041
9	1573.000	1.039
9	1574.000	1.037
9	1575.000	1.035
9	1576.000	1.033
9	1577.000	1.031
9	1578.000	2.027
9	1579.000	2.023
9	1580.000	2.019
9	1581.000	2.015
9	1582.000	2.011
9	1583.000	2.007
9	1584.000	2.003
9	1585.000	1.999
9	1586.000	1.995
9	1587.000	1.991
9	1588.000	2.987
9	1589.000	2.981
9	1590.000	2.975
9	1591.000	2.969
9	1592.000	2.963
9	1593.000	2.957
9	1594.000	2.951
9	1595.000	2.945
9	1596.000	2.939
9	1597.000	2.934
9	1598.000	2.928
9	1599.000	2.922
9	1600.000	3.915
9	1601.000	3.907
9	1602.000	3.900
9	1603.000	3.892
9	1604.000	3.884
9	1605.000	3.876
9	1606.000	3.868
9	1607.000	3.861
9	1608.000	3.853
9	1609.000	3.845
9	1610.000	4.836
9	1611.000	4.826
9	1612.000	4.817
9	1613.000	4.807
9	1614.000	4.797
9	1615.000	4.788
9	1616.000	4.778
9	1617.000	4.769
9	1618.000	4.759
9	1619.000	5.750
9	1620.000	5.738
9	1621.000	5.727
9	1622.000	5.715
9	1623.000	5.704
9	1624.000	5.692
9	1625.000	5.681
9	1626.000	5.670
9	1627.000	5.658
9	1628.000	6.647
9	1629.000	6.633
9	1630.000	6.620
9	1631.000	6.607
9	1632.000	6.594
9	1633.000	6.581
9	1634.000	6.567
9	1635.000	6.554
9	1636.000	6.541
9	1637.000	7.528
9	1638.000	7.513
9	1639.000	7.498
9	1640.000	7.483
9	1641.000	7.468
9	1642.000	7.453
9	1643.000	7.438
9	1644.000	7.423
9	1645.000	7.408
9	1646.000	8.392
9	1647.000	8.375
9	1648.000	8.358
9	1649.000	8.342
9	1650.000	8.325
9	1651.000	8.308
9	1652.000	8.292
9	1653.000	9.275
9	1654.000	9.257
9	1655.000	9.238
9	1656.000	9.220
9	1657.000	9.201
9	1658.000	9.183
9	1659.000	9.164
9	1660.000	9.146
9	1661.000	10.127
9	1662.000	10.107
9	1663.000	10.087
9	1664.000	10.066
9	1665.000	10.046
9	1666.000	10.026
9	1667.000	10.006
9	1668.000	10.986
9	1669.000	10.964
9	1670.000	10.942
9	1671.000	10.920
9	1672.000	10.899
9	1673.000	10.877
9	1674.000	10.855
9	1675.000	10.833
9	1676.000	11.810
9	1677.000	11.787
9	1678.000	11.763
9	1679.000	11.740
9	1680.000	11.716
9	1681.000	11.693
9	1682.000	11.670
9	1683.000	12.645
9	1684.000	12.620
9	1685.000	12.595
9	1686.000	12.570
9	1687.000	12.545
9	1688.000	12.519
9	1689.000	12.494
9	1690.000	13.469
9	1691.000	13.442
9	1692.000	13.415
9	1693.000	13.388
9	1694.000	13.362
9	1695.000	13.335
9	1696.000	13.308
9	1697.000	14.281
9	1698.000	14.253
9	1699.000	14.224
9	1700.000	14.196
9	1701.000	14.167
9	1702.000	14.139
9	1703.000	14.111
9	1704.000	15.082
9	1705.000	15.052
9	1706.000	15.022
9	1707.000	14.992
9	1708.000	14.962
9	1709.000	14.932
9	1710.000	14.902
9	1711.000	15.873
9	1712.000	15.841
9	1713.000	15.809
9	1714.000	15.778
9	1715.000	15.746
9	1716.000	15.715
9	1717.000	15.683
9	1718.000	16.652
9	1719.000	16.619
9	1720.000	16.585
9	1721.000	16.552
9	1722.000	16.519
9	1723.000	16.486
9	1724.000	16.453
9	1725.000	17.420
9	1726.000	17.385
9	1727.000	17.350
9	1728.000	17.316
9	1729.000	17.281
9	1730.000	17.247
9	1731.000	17.212
9	1732.000	18.176
9	1733.000	18.140
9	1734.000	18.104
9	1735.000	18.068
9	1736.000	18.032
9	1737.000	17.996
9	1738.000	17.960
9	1739.000	18.922
9	1740.000	18.884
9	1741.000	18.847
9	1742.000	18.809
9	1743.000	18.771
9	1744.000	18.734
9	1745.000	19.696
9	1746.000	19.657
9	1747.000	19.617
9	1748.000	19.578
9	1749.000	19.539
9	1750.000	19.500
9	1751.000	19.461
9	1752.000	20.421
9	1753.000	20.380
9	1754.000	20.340
9	1755.000	20.299
9	1756.000	20.258
9	1757.000	20.218
9	1758.000	21.177
9	1759.000	21.135
9	1760.000	21.093
9	1761.000	21.051
9	1762.000	21.009
9	1763.000	20.967
9	1764.000	20.925
9	1765.000	21.882
9	1766.000	21.839
9	1767.000	21.795
9	1768.000	21.751
9	1769.000	21.708
9	1770.000	21.665
9	1771.000	21.621
9	1772.000	22.576
9	1773.000	22.531
9	1774.000	22.486
9	1775.000	22.441
9	1776.000	22.397
9	1777.000	22.352
9	1778.000	23.307
9	1779.000	23.260
9	1780.000	23.214
9	1781.000	23.167
9	1782.000	23.121
9	1783.000	23.075
9	1784.000	23.029
9	1785.000	23.982
9	1786.000	23.934
9	1787.000	23.886
9	1788.000	23.839
9	1789.000	23.791
9	1790.000	23.744
9	1791.000	23.696
9	1792.000	24.647
9	1793.000	24.598
9	1794.000	24.549
9	1795.000	24.500
9	1796.000	24.451
9	1797.000	24.402
9	1798.000	25.353
9	1799.000	25.302
9	1800.000	25.252
9	1801.000	25.201
9	1802.000	25.151
9	1803.000	25.101
9	1804.000	25.051
9	1805.000	26.000
9	1806.000	25.948
9	1807.000	25.896
9	1808.000	25.844
9	1809.000	25.793
9	1810.000	25.741
9	1811.000	25.690
9	1812.000	26.637
9	1813.000	26.583
9	1814.000	26.530
9	1815.000	26.477
9	1816.000	26.424
9	1817.000	26.372
9	1818.000	27.318
9	1819.000	27.264
9	1820.000	27.209
9	1821.000	27.155
9	1822.000	27.101
9	1823.000	27.046
9	1824.000	26.992
9	1825.000	27.937
9	1826.000	27.881
9	1827.000	27.825
9	1828.000	27.770
9	1829.000	27.714
9	1830.000	27.659
9	1831.000	28.603
9	1832.000	28.546
9	1833.000	28.489
9	1834.000	28.432
9	1835.000	28.376
9	1836.000	28.319
9	1837.000	28.262
9	1838.000	29.204
9	1839.000	29.146
9	1840.000	29.088
9	1841.000	29.030
9	1842.000	28.972
9	1843.000	28.914
9	1844.000	29.856
9	1845.000	29.796
9	1846.000	29.737
9	1847.000	29.677
9	1848.000	29.618
9	1849.000	29.559
9	1850.000	29.500
9	1851.000	30.441
9	1852.000	30.380
9	1853.000	30.319
9	1854.000	30.259
9	1855.000	30.198
9	1856.000	30.138
9	1857.000	30.078
9	1858.000	31.017
9	1859.000	30.955
9	1860.000	30.893
9	1861.000	30.831
9	1862.000	30.770
9	1863.000	30.708
9	1864.000	30.647
9	1865.000	31.584
9	1866.000	31.521
9	1867.000	31.458
9	1868.000	31.396
9	1869.000	31.333
9	1870.000	31.270
9	1871.000	31.208
9	1872.000	32.144
9	1873.000	32.079
9	1874.000	32.015
9	1875.000	31.951
9	1876.000	31.888
9	1877.000	31.824
9	1878.000	32.760
9	1879.000	32.695
9	1880.000	32.629
9	1881.000	32.564
9	1882.000	32.499
9	1883.000	32.434
9	1884.000	32.369
9	1885.000	33.304
9	1886.000	33.237
9	1887.000	33.171
9	1888.000	33.105
9	1889.000	33.039
9	1890.000	32.973
9	1891.000	32.907
9	1892.000	33.840
9	1893.000	33.772
9	1894.000	33.705
9	1895.000	33.637
9	1896.000	33.570
9	1897.000	33.503
9	1898.000	33.436
9	1899.000	34.368
9	1900.000	34.299
9	1901.000	34.230
9	1902.000	34.162
9	1903.000	34.094
9	1904.000	34.026
9	1905.000	34.957
9	1906.000	34.887
9	1907.000	34.817
9	1908.000	34.748
9	1909.000	34.678
9	1910.000	34.609
9	1911.000	35.540
9	1912.000	35.469
9	1913.000	35.398
9	1914.000	35.327
9	1915.000	35.257
9	1916.000	35.186
9	1917.000	35.116
9	1918.000	36.044
9	1919.000	35.972
9	1920.000	35.900
9	1921.000	35.829
9	1922.000	35.757
9	1923.000	35.686
9	1924.000	36.614
9	1925.000	36.541
9	1926.000	36.468
9	1927.000	36.395
9	1928.000	36.322
9	1929.000	36.250
9	1930.000	37.177
9	1931.000	37.103
9	1932.000	37.029
9	1933.000	36.955
9	1934.000	36.881
9	1935.000	36.807
9	1936.000	36.734
9	1937.000	37.658
9	1938.000	37.583
9	1939.000	37.508
9	1940.000	37.433
9	1941.000	37.358
9	1942.000	37.284
9	1943.000	38.208
9	1944.000	38.131
9	1945.000	38.055
9	1946.000	37.979
9	1947.000	37.903
9	1948.000	37.827
9	1949.000	38.750
9	1950.000	38.673
9	1951.000	38.595
9	1952.000	38.518
9	1953.000	38.441
9	1954.000	39.364
9	1955.000	39.285
9	1956.000	39.207
9	1957.000	39.129
9	1958.000	39.050
9	1959.000	38.972
9	1960.000	39.894
9	1961.000	39.814
9	1962.000	39.735
9	1963.000	39.655
9	1964.000	39.576
9	1965.000	39.497
9	1966.000	40.417
9	1967.000	40.336
9	1968.000	40.256
9	1969.000	40.175
9	1970.000	40.095
9	1971.000	40.015
9	1972.000	40.934
9	1973.000	40.852
9	1974.000	40.770
9	1975.000	40.689
9	1976.000	40.608
9	1977.000	40.526
9	1978.000	41.444
9	1979.000	41.361
9	1980.000	41.278
9	1981.000	41.196
9	1982.000	41.114
9	1983.000	42.031
9	1984.000	41.947
9	1985.000	41.864
9	1986.000	41.780
9	1987.000	41.696
9	1988.000	41.613
9	1989.000	42.529
9	1990.000	42.444
9	1991.000	42.360
9	1992.000	42.275
9	1993.000	42.191
9	1994.000	42.106
9	1995.000	43.021
9	1996.000	42.935
9	1997.000	42.849
9	1998.000	42.764
9	1999.000	42.678
9	2000.000	42.593
